"tick","donation-big group","donation-small","donation-normed-big","donation-normed-small","donation-valued-big","donation-valued-small"
1.0,92.82009219983227,92.82009219983223,92.5,92.5,95.0,95.0
2.0,92.8175003175004,92.81750031750047,92.5,92.5,95.0,95.0
3.0,92.81497039417442,92.81497039417435,92.5,92.5,95.0,95.0
4.0,92.8125,92.8125,92.5,92.5,95.0,95.0
5.0,66.88513139287922,65.01154166666667,87.63160500697045,89.27604166666667,66.875,65.0
6.0,66.8952627857584,65.02308333333333,87.63160500697045,89.27604166666667,66.875,65.0
7.0,66.90539417863762,65.03462499999999,87.63160500697045,89.27604166666667,66.875,65.0
8.0,66.91552557151682,65.04616666666666,87.63160500697045,89.27604166666667,66.875,65.0
9.0,66.91987477766135,65.05112127539455,87.63160500697045,89.27604166666667,66.875,65.0
10.0,67.00195000742497,65.14462124670312,87.63160500697045,89.27604166666667,66.875,65.0
11.0,67.22505361305795,65.39878051967266,87.63160500697045,89.27604166666667,66.875,65.0
12.0,67.83151209011383,66.08965705292015,87.63160500697045,89.27604166666667,66.875,65.0
13.0,69.48003714800979,67.96765417895554,87.63160500697045,89.27604166666667,66.875,65.0
14.0,73.80256514237504,72.89187120055566,87.63160500697045,89.27604166666667,66.875,65.0
15.0,73.95166298975026,73.06172323133164,87.63160500697045,89.27604166666667,66.875,65.0
16.0,74.08171167616753,73.2098744882182,87.63160500697045,89.27604166666667,66.875,65.00000000000001
17.0,74.19645007014,73.34058428428357,87.63160500697045,89.27604166666667,66.875,64.99999999999999
18.0,73.84466950520344,73.45702649959411,87.63160500697045,89.27604166666667,66.87500000000001,65.00000000000001
19.0,73.93086884819506,73.56162114750151,87.63160500697045,89.27604166666667,66.875,64.99999999999999
20.0,74.00885510348265,73.65625000000001,87.63160500697045,89.27604166666667,66.875,65.00000000000001
21.0,74.07985479605445,73.74240132770565,87.63160500697045,89.27604166666667,66.875,64.99999999999999
22.0,74.1448524403436,73.82126974460176,87.63160500697045,89.27604166666667,66.875,65.00000000000001
23.0,74.20464866612122,73.89382673824393,87.63160500697045,89.27604166666667,66.875,64.99999999999999
24.0,74.25990214424073,73.96087154263567,87.63160500697045,89.27604166666667,66.875,65.00000000000001
25.0,74.31116039140186,74.02306851685958,87.63160500697045,89.27604166666667,66.875,64.99999999999999
26.0,74.35888278005736,74.08097506539566,87.63160500697045,89.27604166666667,66.875,65.00000000000001
27.0,74.40345798214918,74.13506280442459,87.63160500697045,89.27604166666667,66.875,64.99999999999999
28.0,74.44521737103437,74.18573382378146,87.63160500697045,89.27604166666667,66.875,65.00000000000001
29.0,74.4844454437148,74.23333333333333,87.63160500697045,89.27604166666667,66.875,64.99999999999999
30.0,74.52138801593576,74.2781596069468,87.63160500697045,89.27604166666667,66.875,65.00000000000001
31.0,74.55625873159663,74.32047188103435,87.63160500697045,89.27604166666667,66.875,64.99999999999999
32.0,74.58924428150219,74.36049668700926,87.63160500697045,89.27604166666667,66.875,65.00000000000001
33.0,74.62050862338046,74.39843297187319,87.63160500697045,89.27604166666667,66.875,64.99999999999999
34.0,74.6501964214654,74.43445627182041,87.63160500697045,89.27604166666667,66.875,65.00000000000001
35.0,74.67843587067519,74.46872213910764,87.63160500697045,89.27604166666667,66.87499999999999,64.99999999999999
36.0,74.70534103141857,74.50136897511798,87.63160500697045,89.27604166666667,66.87500000000001,65.00000000000001
37.0,74.73101377218771,74.53252038751133,87.63160500697045,89.27604166666667,66.875,64.99999999999999
38.0,74.75554539549826,74.56228716314688,87.63160500697045,89.27604166666667,66.875,65.00000000000001
39.0,74.7790180064235,74.59076892866834,87.63160500697045,89.27604166666667,66.875,64.99999999999999
40.0,74.80150567053627,74.61805555555556,87.63160500697045,89.27604166666667,66.875,65.00000000000001
41.0,74.82307539851591,74.64422835485067,87.63160500697045,89.27604166666667,66.875,64.99999999999999
42.0,74.84378798727299,74.66936109778246,87.63160500697045,89.27604166666667,66.875,65.00000000000001
43.0,74.86369874166529,74.69352089149962,87.63160500697045,89.27604166666667,66.875,64.99999999999999
44.0,74.88285809633543,74.71676893361116,87.63160500697045,89.27604166666667,66.875,65.00000000000001
45.0,74.9013121536047,74.739161164869,87.63160500697045,89.27604166666667,66.875,64.99999999999999
46.0,74.9191031504948,74.76074883585419,87.63160500697045,89.27604166666667,66.87500000000001,65.00000000000001
47.0,74.93626986565543,74.78157900074451,87.63160500697045,89.27604166666667,66.875,64.99999999999999
48.0,74.95284797512753,74.80169494899916,87.63160500697045,89.27604166666667,66.875,65.00000000000001
49.0,74.43556648549827,74.82113658397932,87.63160500697045,89.27604166666667,66.875,64.99999999999999
50.0,74.450042426434,74.83994075604556,87.63160500697045,89.27604166666667,66.875,65.00000000000001
51.0,74.46405387617402,74.8581415564618,87.63160500697045,89.27604166666667,66.87499999999999,64.99999999999999
52.0,74.47762515522696,74.87577057744244,87.63160500697045,89.27604166666667,66.875,65.00000000000001
53.0,74.49077883787074,74.89285714285714,87.63160500697045,89.27604166666667,66.875,64.99999999999999
54.0,74.50353591011827,74.90942851342773,87.63160500697045,89.27604166666667,66.875,65.00000000000001
55.0,74.51591591056209,74.92551006968434,87.63160500697045,89.27604166666667,66.87499999999999,64.99999999999999
56.0,74.5279370562482,74.94112547547512,74.25549830685921,74.89560871371343,66.875,65.00000000000001
57.0,74.52977903768915,74.94024972480591,74.25549830685921,74.89560871371343,66.875,64.99999999999999
58.0,74.53129507327988,74.93895057217061,74.25549830685921,74.89560871371343,66.875,65.0
59.0,74.53250004713358,74.93724735195516,74.25549830685921,74.89560871371343,66.875,65.0
60.0,74.53340790887698,74.93515818465191,74.25549830685921,74.89560871371343,66.875,65.00000000000001
61.0,74.53964609997625,74.94185847095176,74.25549830685921,74.89560871371343,66.875,65.00000000000001
62.0,74.4701426263014,74.82509564058398,74.25549830685921,74.89560871371343,66.875,65.00000000000001
63.0,74.26344412136382,74.48462020328444,74.25549830685921,74.89560871371343,66.875,65.0
64.0,73.68426877634478,73.53662568792761,74.25549830685921,74.89560871371343,66.875,65.0
65.0,72.09303499341024,70.93779282577783,74.25549830685921,74.89560871371343,66.875,65.0
66.0,67.90518489377091,54.02743884414215,74.25549830685921,74.89560871371343,66.875,64.99999999999999
67.0,67.76940620386308,65.0,74.25549830685921,74.89560871371343,66.875,65.0
68.0,67.65191218305976,65.00000000000001,74.25549830685921,74.89560871371343,66.875,65.00000000000001
69.0,67.5490806566916,65.0,74.25549830685921,74.89560871371343,66.875,65.0
70.0,67.45821416317594,64.99999999999999,74.25549830685921,74.89560871371343,66.875,64.99999999999999
71.0,67.37725737918375,65.00000000000001,74.25549830685921,74.89560871371343,66.875,65.00000000000001
72.0,67.30461336244967,64.99999999999999,74.25549830685921,74.89560871371343,66.875,64.99999999999999
73.0,67.2390202102154,65.00000000000001,74.25549830685921,74.89560871371343,66.875,65.00000000000001
74.0,67.17946598130936,64.99999999999999,74.25549830685921,74.89560871371343,66.875,64.99999999999999
75.0,67.12512860213575,65.0,74.25549830685921,74.89560871371343,66.875,65.0
76.0,67.07533252559709,65.00000000000001,74.25549830685921,74.89560871371343,66.875,65.00000000000001
77.0,67.02951689010636,64.99999999999999,74.25549830685921,74.89560871371343,66.875,64.99999999999999
78.0,66.98721173887095,65.0,74.25549830685921,74.89560871371343,66.875,65.0
79.0,66.94801999460653,65.00000000000001,74.25549830685921,74.89560871371343,66.875,65.00000000000001
80.0,66.9116036132616,64.99999999999999,74.25549830685921,74.89560871371343,66.875,64.99999999999999
81.0,66.8776728183842,65.00000000000001,74.25549830685921,74.89560871371343,66.875,65.00000000000001
82.0,66.84597763789772,64.99999999999999,74.25549830685921,74.89560871371343,66.875,64.99999999999999
83.0,66.81630118339119,65.00000000000001,74.25549830685921,74.89560871371343,66.875,65.00000000000001
84.0,66.78845426344735,64.99999999999999,74.25549830685921,74.89560871371343,66.875,64.99999999999999
85.0,66.76227102915468,65.00000000000001,74.25549830685921,74.89560871371343,66.875,65.00000000000001
86.0,66.73760542609391,64.99999999999999,74.25549830685921,74.89560871371343,66.875,64.99999999999999
87.0,66.71432828217203,65.00000000000001,74.25549830685921,74.89560871371343,66.875,65.00000000000001
88.0,66.69232490100703,64.99999999999999,74.25549830685921,74.89560871371343,66.875,64.99999999999999
89.0,66.67149306042332,65.00000000000001,74.25549830685921,74.89560871371343,66.875,65.00000000000001
90.0,66.65174133794993,64.99999999999999,74.25549830685921,74.89560871371343,66.875,64.99999999999999
91.0,66.6329877020863,65.00000000000001,74.25549830685921,74.89560871371343,66.875,65.00000000000001
92.0,66.61515832094956,64.99999999999999,74.07001160721144,74.89560871371343,66.875,64.99999999999999
93.0,66.59883521024015,65.00000000000001,74.07001160721144,74.89560871371343,66.875,65.00000000000001
94.0,66.58330938749968,64.99999999999999,74.07001160721144,74.89560871371343,66.875,64.99999999999999
95.0,65.90115418334686,65.00000000000001,74.07001160721144,74.89560871371343,66.875,65.00000000000001
96.0,65.88663775745427,64.99999999999999,74.07001160721144,74.89560871371343,66.875,64.99999999999999
97.0,65.8724053600934,65.00000000000001,74.07001160721144,74.89560871371343,66.875,65.00000000000001
98.0,65.86376191097587,64.99999999999999,74.07001160721144,74.89560871371343,66.875,64.99999999999999
99.0,65.86472215636662,65.00000000000001,74.07001160721144,74.89560871371343,66.875,65.00000000000001
100.0,65.89076596627011,64.99999999999999,74.07001160721144,74.89560871371343,66.875,64.99999999999999
101.0,65.98403501084606,65.00000000000001,74.07001160721144,74.89560871371343,66.875,65.00000000000001
102.0,66.24898401469925,64.99999999999999,74.07001160721144,74.89560871371343,66.875,64.99999999999999
103.0,66.24718003276166,65.00000000000001,74.07001160721144,74.89560871371343,66.875,65.00000000000001
104.0,66.24458117268132,64.99999999999999,74.07001160721144,74.89560871371343,66.875,64.99999999999999
105.0,66.24140337462835,65.00000000000001,74.07001160721144,74.89560871371343,66.875,65.00000000000001
106.0,66.23780328071985,64.99999999999999,73.89256634598537,74.89560871371343,66.875,64.99999999999999
107.0,66.23454127771585,65.00000000000001,73.89256634598537,72.49456704704676,66.875,65.00000000000001
108.0,66.23105979317518,65.01199999999999,73.29770966004035,72.49456704704676,66.875,64.99999999999999
109.0,66.23000313185838,65.02400000000002,73.29770966004035,72.49456704704676,66.875,65.00000000000001
110.0,66.22884399740649,65.03599999999999,73.1762392856737,72.49456704704676,66.875,64.99999999999999
111.0,66.2278984163339,65.048,73.1762392856737,72.49456704704676,66.875,65.00000000000001
112.0,66.23186539461584,65.05315136214305,73.1762392856737,72.49456704704676,66.875,64.99999999999999
113.0,66.24332487948351,65.15036432870217,73.1762392856737,72.49456704704676,66.875,65.00000000000001
114.0,66.29896296877169,65.41461656919034,73.1762392856737,72.49456704704676,66.875,64.99999999999999
115.0,66.45644262026872,66.132928632639,73.1762392856737,72.49456704704676,66.875,65.00000000000001
116.0,66.88657691245345,68.08550326187434,73.1762392856737,72.49456704704676,66.875,64.99999999999999
117.0,67.32538911032962,73.20526680779794,73.1762392856737,72.49456704704676,66.875,65.00000000000001
118.0,68.46788399538192,73.38186386506683,73.1762392856737,72.49456704704676,66.875,64.99999999999999
119.0,68.61373974657614,73.53589838486225,73.1762392856737,72.49456704704676,66.875,65.00000000000001
120.0,68.92411969976844,73.67179882264863,73.1762392856737,72.49456704704676,66.875,64.99999999999999
121.0,68.96451631704221,73.79286509705092,73.1762392856737,72.49456704704676,66.875,65.00000000000001
122.0,69.00002542039549,73.90161332303406,73.1762392856737,72.49456704704676,66.875,64.99999999999999
123.0,69.03151004234674,74.0,73.1762392856737,72.49456704704676,66.875,65.00000000000001
124.0,69.05963540273501,74.089572499564,73.1762392856737,72.49456704704676,66.875,64.99999999999999
125.0,69.0849238002988,74.17157287525382,73.1762392856737,72.49456704704676,66.875,65.00000000000001
126.0,69.10779188411166,74.24701119355326,73.1762392856737,72.49456704704676,66.875,64.99999999999999
127.0,69.12857664924428,74.31671842700025,73.1762392856737,72.49456704704676,66.875,65.00000000000001
128.0,69.14755399358934,74.3813853171681,73.1762392856737,72.49456704704676,66.875,64.99999999999999
129.0,69.16495223599647,74.44159140373269,73.1762392856737,72.49456704704676,66.875,65.00000000000001
130.0,69.18096214171948,74.4978270313151,73.1762392856737,72.49456704704676,66.875,64.99999999999999
131.0,69.19574447689378,74.55051025721683,73.1762392856737,72.49456704704676,66.875,65.00000000000001
132.0,69.20943578280655,74.6,73.1762392856737,72.49456704704676,66.875,64.99999999999999
133.0,69.2221528465257,74.6466063783418,73.1762392856737,72.49456704704676,66.875,65.00000000000001
134.0,69.23399620272365,74.6905989232415,73.1762392856737,72.49456704704676,66.875,64.99999999999999
135.0,69.24505290585269,74.73221316194464,73.1762392856737,72.49456704704676,66.875,65.00000000000001
136.0,69.25539874605938,74.77165594187538,73.1762392856737,72.49456704704676,66.875,64.99999999999999
137.0,69.26510003627317,74.80910976997934,73.1762392856737,72.49456704704676,66.875,65.00000000000001
138.0,69.27421506530587,74.84473637567869,73.1762392856737,72.49456704704676,66.875,64.99999999999999
139.0,69.28279528835465,74.87867965644035,73.1762392856737,72.49456704704676,66.875,65.00000000000001
140.0,69.2908863092309,74.91106812853162,73.1762392856737,72.49456704704676,66.875,64.99999999999999
141.0,69.29852869605155,74.9420169782899,73.1762392856737,72.49456704704676,66.875,65.00000000000001
142.0,69.30575866275801,74.97162978865155,73.1762392856737,72.49456704704676,66.875,64.99999999999999
143.0,69.31260864177415,75.0,73.1762392856737,72.49456704704676,66.875,65.00000000000001
144.0,69.31910776775463,75.02721215233571,73.1762392856737,72.49456704704676,66.875,64.99999999999999
145.0,69.3252822882714,75.05334294643085,73.1762392856737,72.49456704704676,66.875,65.00000000000001
146.0,69.33115591410923,75.07846215433895,73.1762392856737,72.49456704704676,66.875,64.99999999999999
147.0,69.33675011937343,75.10263340389898,73.1762392856737,72.49456704704676,66.875,65.00000000000001
148.0,69.34208439967189,75.12591485733672,73.1762392856737,72.49456704704676,66.875,64.99999999999999
149.0,69.347176495105,75.1483598004549,73.1762392856737,72.49456704704676,66.875,65.00000000000001
150.0,69.35204258357844,75.17001715600874,73.1762392856737,72.49456704704676,66.875,64.99999999999999
151.0,69.3566974489798,75.19093193253342,73.1762392856737,72.49456704704676,66.875,65.00000000000001
152.0,69.3611546279809,75.21114561800016,73.1762392856737,72.49456704704676,66.875,64.99999999999999
153.0,69.3654265385875,75.23069652614124,73.1762392856737,72.49456704704676,66.875,65.00000000000001
154.0,69.36952459304953,75.24962010202526,73.1762392856737,72.49456704704676,66.875,64.99999999999999
155.0,69.3734592973208,75.26794919243112,73.1762392856737,72.49456704704676,66.875,65.00000000000001
156.0,69.37724033891037,75.28571428571428,73.1762392856737,72.49456704704676,66.875,64.99999999999999
157.0,69.38087666468708,75.30294372515229,73.1762392856737,72.49456704704676,66.875,65.00000000000001
158.0,69.38437654995701,75.31966389916639,73.1762392856737,72.49456704704676,66.875,64.99999999999999
159.0,69.38774765994178,75.33589941132432,73.1762392856737,72.49456704704676,66.875,65.00000000000001
160.0,69.39099710461946,75.35167323261574,73.1762392856737,72.49456704704676,66.875,64.99999999999999
161.0,69.39413148775249,75.36700683814455,73.1762392856737,72.49456704704676,66.875,65.00000000000001
162.0,69.39715695081124,75.38192033008822,73.1762392856737,72.49456704704676,66.875,64.99999999999999
163.0,69.40007921240566,75.39643254852545,73.1762392856737,72.49456704704676,66.875,65.00000000000001
164.0,69.40290360375349,75.41056117152195,73.1762392856737,72.49456704704676,66.875,64.99999999999999
165.0,69.40563510064153,75.42432280568333,73.1762392856737,72.49456704704676,66.875,65.00000000000001
166.0,69.40827835228193,75.43773306823012,73.1762392856737,72.49456704704676,66.875,64.99999999999999
167.0,69.41083770740828,75.45080666151703,73.1762392856737,75.0430617126835,66.875,65.00000000000001
168.0,69.41331723791525,75.47764760213754,73.1762392856737,75.0430617126835,66.875,64.99999999999999
169.0,69.41572076030972,75.50417879866232,73.1762392856737,75.0430617126835,66.875,65.00000000000001
170.0,69.4180518552037,75.53041259196,73.1762392856737,75.0430617126835,66.875,64.99999999999999
171.0,69.42031388505686,75.5563606453292,73.1762392856737,75.0430617126835,66.875,65.00000000000001
172.0,69.42251001034802,75.57399245723178,73.1762392856737,75.0430617126835,66.875,64.99999999999999
173.0,69.4246432043364,75.69945691241774,73.1762392856737,75.0430617126835,66.875,65.00000000000001
174.0,69.42671626655336,76.02080119696917,73.1762392856737,75.0430617126835,66.875,64.99999999999999
175.0,69.42873183515049,76.87504851743778,73.1762392856737,75.0430617126835,66.875,65.00000000000001
176.0,69.43069239821564,79.17830632556728,73.1762392856737,75.0430617126835,66.875,64.99999999999999
177.0,69.43260030415563,74.63446109137227,73.1762392856737,75.0430617126835,66.875,65.00000000000001
178.0,69.43445777123394,64.99999999999999,73.1762392856737,75.0430617126835,66.875,64.99999999999999
179.0,69.43626689634416,65.00000000000001,73.1762392856737,69.07838642739843,66.875,65.00000000000001
180.0,69.43802966308564,64.98199999999999,73.1762392856737,67.0865613323034,66.875,64.99999999999999
181.0,69.4397479492105,64.9579964,73.1762392856737,67.0865613323034,66.875,65.0
182.0,69.44142353349291,64.93399280000001,73.1762392856737,67.0865613323034,66.875,65.0
183.0,69.44305810207622,64.9099892,73.1762392856737,67.0865613323034,66.875,65.0
184.0,69.44465325434057,64.89625855678541,73.1762392856737,67.0865613323034,66.875,65.0
185.0,69.44621050833476,64.74786188046659,73.1762392856737,67.0865613323034,66.875,65.0
186.0,69.44773130580828,64.30284787256478,73.1762392856737,67.0865613323034,66.875,65.0
187.0,69.44921701687755,63.093174381475585,73.1762392856737,67.0865613323034,66.875,65.0
188.0,69.45066894435656,59.804940912279186,73.1762392856737,67.0865613323034,66.875,65.0
189.0,69.45208832778134,55.25105591028631,73.1762392856737,67.0865613323034,66.875,65.0
190.0,69.45347634715039,52.513041150991846,73.1762392856737,67.0865613323034,66.875,65.0
191.0,69.45483412640613,56.538604315875936,73.1762392856737,67.0865613323034,66.875,65.0
192.0,69.45616273667737,56.3935906267291,73.1762392856737,67.0865613323034,66.875,65.0
193.0,69.45746319930119,56.26506650050343,73.1762392856737,67.0865613323034,66.875,65.0
194.0,69.45873648864175,56.1501229304284,73.1762392856737,67.0865613323034,66.875,65.0
195.0,69.45998353472282,56.04652285448606,73.1762392856737,67.0865613323034,66.875,65.0
196.0,69.46120522568548,55.952513750217996,73.1762392856737,67.0865613323034,66.875,65.0
197.0,69.46240241008674,55.86670044084122,73.1762392856737,67.0865613323034,66.875,65.0
198.0,69.4635758990504,55.787956493733894,73.1762392856737,67.0865613323034,66.875,65.0
199.0,69.46472646827993,55.71536108636517,73.1762392856737,67.0865613323034,66.875,65.0
200.0,69.46585485994474,55.648153112387725,73.1762392856737,67.0865613323034,66.875,65.0
201.0,69.46696178444834,55.58569722395447,73.1762392856737,67.0865613323034,66.875,65.0
202.0,69.46804792208714,55.527458305054985,73.1762392856737,67.0865613323034,66.875,65.0
203.0,69.46911392460784,55.472982007624644,73.1762392856737,67.0865613323034,66.875,65.0
204.0,69.47016041666946,55.42187971831442,73.1762392856737,67.0865613323034,66.875,65.0
205.0,69.471187997218,55.373816810829105,73.1762392856737,67.0865613323034,66.875,65.0
206.0,69.47219724077974,55.32850336729485,73.1762392856737,67.0865613323034,66.875,65.0
207.0,69.47318869867681,55.28568677772996,73.1762392856737,67.0865613323034,66.875,65.0
208.0,69.47416290017289,55.24514578414141,73.1762392856737,67.0865613323034,66.875,65.0
209.0,69.47512035355186,55.20668564729008,73.1762392856737,67.0865613323034,66.875,65.0
210.0,69.47606154713502,55.170134194239985,73.1762392856737,67.0865613323034,66.875,65.0
211.0,69.47698695023979,55.135338563027766,73.1762392856737,67.0865613323034,66.875,65.0
212.0,69.4778970140847,55.10216250361707,73.1762392856737,67.0865613323034,66.875,65.0
213.0,69.47879217264381,55.07048412615068,73.1762392856737,67.0865613323034,66.875,65.0
214.0,69.4796728434535,55.04019401143578,73.1762392856737,67.0865613323034,66.875,65.0
215.0,69.48053942837545,55.01119361673762,73.1762392856737,67.0865613323034,66.875,65.0
216.0,69.48139231431706,54.983393923832146,73.1762392856737,67.0865613323034,66.875,65.0
217.0,69.48223187391396,54.95671428697102,73.1762392856737,67.0865613323034,66.875,65.0
218.0,69.48305846617525,54.93108144673116,73.1762392856737,67.0865613323034,66.875,65.0
219.0,69.48387243709529,54.90642868223474,73.1762392856737,67.0865613323034,66.875,65.0
220.0,69.48467412023172,54.88269507936098,73.1762392856737,67.0865613323034,66.875,65.0
221.0,69.48546383725488,54.859824896646984,73.1762392856737,67.0865613323034,66.875,65.0
222.0,69.48624189846825,54.837767013828035,73.1762392856737,67.0865613323034,66.875,65.0
223.0,69.48700860330133,54.81647445058212,73.1762392856737,67.0865613323034,66.875,65.0
224.0,69.48776424077795,54.79590394515344,73.1762392856737,67.0865613323034,66.875,65.0
225.0,69.48850908996182,54.7760155842439,73.1762392856737,67.0865613323034,66.875,65.0
226.0,69.48924342037752,54.7567724769589,73.1762392856737,67.0865613323034,66.875,65.0
227.0,69.48996749241248,54.73814046674119,73.1762392856737,67.0865613323034,66.875,65.0
228.0,69.49068155769821,54.720087876169565,73.1762392856737,67.0865613323034,66.875,65.0
229.0,69.49138585947271,54.702585280281,73.1762392856737,62.94041757523391,66.875,65.0
230.0,69.49208063292566,54.69554932229835,73.1762392856737,62.94041757523391,66.875,65.0
231.0,69.49276610552677,54.68901048073537,73.1762392856737,62.94041757523391,66.875,65.0
232.0,69.493442497338,54.68294496093228,73.1762392856737,62.94041757523391,66.875,65.0
233.0,69.49411002131119,54.67733053295101,73.1762392856737,62.94041757523391,66.875,65.0
234.0,69.49476888357201,54.66647115377369,73.1762392856737,62.94041757523391,66.875,65.0
235.0,69.49541928368974,54.73231111186934,73.1762392856737,62.94041757523391,66.875,65.0
236.0,69.49606141493521,54.93696374779608,73.1762392856737,62.94041757523391,66.875,65.0
237.0,69.49669546452641,55.51825669591656,73.1762392856737,62.94041757523391,66.875,65.0
238.0,69.49732161386267,57.12270298824492,73.1762392856737,62.94041757523391,66.875,65.0
239.0,69.49794003874875,61.352041927391475,73.1762392856737,62.94041757523391,66.875,65.0
240.0,69.4985509096086,61.485466172460626,73.1762392856737,62.94041757523391,66.875,65.0
241.0,69.49915439168825,61.60050993765635,73.1762392856737,62.94041757523391,66.875,65.0
242.0,69.49975064525238,61.70083023358601,73.1762392856737,62.94041757523391,66.875,65.0
243.0,69.50033982576868,61.78914959186398,73.1762392856737,62.94041757523391,66.875,65.0
244.0,69.50092208408736,61.8675416852175,73.1762392856737,62.94041757523391,66.875,65.0
245.0,69.50149756661038,61.937617059881205,73.1762392856737,62.94041757523391,66.875,65.0
246.0,69.50206641545489,62.00064779863362,73.1762392856737,62.94041757523391,66.875,65.0
247.0,69.50262876860849,62.05765350658506,73.1762392856737,62.94041757523391,66.875,65.0
248.0,69.5031847600787,62.10946204333853,73.1762392856737,62.94041757523391,66.875,65.0
249.0,69.50373452003574,62.1567533216527,73.1762392856737,62.94041757523391,66.875,65.0
250.0,69.5042781749486,62.20009148231304,73.1762392856737,62.94041757523391,66.875,65.0
251.0,69.50481584771684,62.23994892224107,73.1762392856737,62.94041757523391,66.875,65.0
252.0,69.50534765779561,62.276724505592796,73.1762392856737,62.94041757523391,66.875,65.0
253.0,69.50587372131554,62.31075755128759,73.1762392856737,62.94041757523391,66.875,65.0
254.0,69.50639415119896,62.34233870717707,73.1762392856737,62.94041757523391,66.875,65.0
255.0,69.50690905726954,62.37171849746591,73.1762392856737,62.94041757523391,66.875,65.0
256.0,69.50741854635895,62.39911410929516,73.1762392856737,62.94041757523391,66.875,65.0
257.0,69.5079227224086,62.42471483134486,73.1762392856737,62.94041757523391,66.875,65.0
258.0,69.5084216865667,62.44868644953697,73.1762392856737,62.94041757523391,66.875,65.0
259.0,69.50891553728277,62.471174827955984,73.1762392856737,62.94041757523391,66.875,65.0
260.0,69.50940437039756,62.49230884742701,73.1762392856737,62.94041757523391,66.875,65.0
261.0,69.5098882792291,62.51220283342813,73.1762392856737,62.94041757523391,66.875,65.0
262.0,69.51036735465597,62.53095857483601,73.1762392856737,62.94041757523391,66.875,65.0
263.0,69.51084168519766,62.54866701243114,73.1762392856737,62.94041757523391,66.875,65.0
264.0,69.51131135709055,62.56540965903946,73.1762392856737,62.94041757523391,66.875,65.0
265.0,69.51177645436208,62.581259800195596,73.1762392856737,62.94041757523391,66.875,65.0
266.0,69.51223705890199,62.596283514225625,73.1762392856737,62.94041757523391,66.875,65.0
267.0,69.51269325052989,62.61054054291224,73.1762392856737,62.94041757523391,66.875,65.0
268.0,69.51314510706176,62.62408503786644,73.1762392856737,62.94041757523391,66.875,65.0
269.0,69.51359270437244,62.636966202984006,73.1762392856737,62.94041757523391,66.875,65.0
270.0,69.514036116457,62.64922884960925,73.1762392856737,62.94041757523391,66.875,65.0
271.0,69.51447541548872,62.660913878039,73.1762392856737,62.94041757523391,66.875,65.0
272.0,69.51491067187636,62.67205869660322,73.1762392856737,62.94041757523391,66.875,65.0
273.0,69.5153419543179,62.682697587630706,73.1762392856737,62.94041757523391,66.875,65.0
274.0,69.51576932985255,62.69286202804388,73.1762392856737,62.94041757523391,66.875,65.0
275.0,69.5161928639122,62.702580971056385,73.1762392856737,62.94041757523391,66.875,65.0
276.0,69.51661262036929,62.71188109440488,73.1762392856737,62.94041757523391,66.875,65.0
277.0,69.51702866158395,62.72078701969294,73.1762392856737,62.94041757523391,66.875,65.0
278.0,69.51744104844909,62.72932150671767,73.1762392856737,62.94041757523391,66.875,65.0
279.0,69.51784984043395,62.73750562606571,73.1762392856737,62.94041757523391,66.875,65.0
280.0,69.51825509562657,62.74535891277745,73.1762392856737,62.94041757523391,66.875,65.0
281.0,69.51865687077348,62.75289950347204,73.1762392856737,62.94041757523391,66.875,65.0
282.0,69.5190552213202,62.760144258984155,73.1762392856737,62.94041757523391,66.875,65.0
283.0,69.51945020144757,62.76710887427655,73.1762392856737,62.94041757523391,66.875,65.0
284.0,69.51984186410931,62.77380797714988,73.1762392856737,62.94041757523391,66.875,65.0
285.0,69.52023026106657,62.78025521706565,73.1762392856737,62.94041757523391,66.875,65.0
286.0,69.52061544292268,62.786463345224035,73.1762392856737,62.94041757523391,66.875,65.0
287.0,69.52099745915505,62.79244428688864,73.1762392856737,62.94041757523391,66.875,65.0
288.0,69.52137635814798,62.798209206823856,73.1762392856737,62.94041757523391,66.875,65.0
289.0,69.52175218722253,62.803768568600816,73.1762392856737,62.94041757523391,66.875,65.0
290.0,69.52212499266655,62.80913218843406,73.1762392856737,62.94041757523391,66.875,65.0
291.0,69.5224948197635,62.81430928413089,73.1762392856737,62.94041757523391,66.875,65.0
292.0,69.5228617128196,62.81930851966436,73.1762392856737,62.94041757523391,66.875,65.0
293.0,69.5232257151913,62.82413804582146,73.1762392856737,62.94041757523391,66.875,65.0
294.0,69.52358686931088,62.82880553732472,73.1762392856737,62.94041757523391,66.875,65.0
295.0,69.52394521671141,62.833318226779994,73.1762392856737,62.94041757523391,66.875,65.0
296.0,69.52430079805139,62.837682935763354,73.1762392856737,62.94041757523391,66.875,65.0
297.0,69.52465365313797,62.84190610332505,73.1762392856737,62.94041757523391,66.875,65.0
298.0,69.52500382094966,62.84599381215785,73.1762392856737,62.94041757523391,66.875,65.0
299.0,69.5253513396585,62.84995181265057,73.1762392856737,62.94041757523391,66.875,65.0
300.0,69.5256962466514,62.85378554502362,73.1762392856737,62.94041757523391,66.875,65.0
301.0,69.52603857855058,62.85750015972315,73.1762392856737,62.94041757523391,66.875,65.0
302.0,69.52637837123358,62.86110053623137,73.1762392856737,62.94041757523391,66.875,65.0
303.0,69.52671565985268,62.864591300435194,73.1762392856737,62.94041757523391,66.875,65.0
304.0,69.52705047885382,62.86797684068029,73.1762392856737,62.94041757523391,66.875,65.0
305.0,69.5273828619946,62.871261322625436,73.1762392856737,62.94041757523391,66.875,65.0
306.0,69.52771284236168,62.8744487030003,73.1762392856737,62.94041757523391,66.875,65.0
307.0,69.52804045238845,62.87754274236013,73.1762392856737,62.94041757523391,66.875,65.0
308.0,69.52836572387089,62.88054701692158,73.1762392856737,62.94041757523391,66.875,65.0
309.0,69.52868868798407,62.883464929556,73.1762392856737,62.94041757523391,66.875,65.0
310.0,69.5290093752977,62.88629972000904,73.1762392856737,62.94041757523391,66.875,65.0
311.0,69.52932781579105,62.889054474409846,73.1762392856737,62.94041757523391,66.875,65.0
312.0,69.52964403886752,62.891732134126165,73.1762392856737,62.94041757523391,66.875,65.0
313.0,69.52995807336919,62.89433550401764,73.1762392856737,62.94041757523391,66.875,65.0
314.0,69.53026994759055,62.89686726013412,73.1762392856737,62.94041757523391,66.875,65.0
315.0,69.53057968929127,62.89932995690225,73.1762392856737,62.94041757523391,66.875,65.0
316.0,69.53088732571004,62.90172603383919,73.1762392856737,62.94041757523391,66.875,65.0
317.0,69.53119288357662,62.90405782182967,73.1762392856737,62.94041757523391,66.875,65.0
318.0,69.53149638912437,62.906327548998824,73.1762392856737,62.94041757523391,66.875,65.0
319.0,69.53179786810195,62.90853734621089,73.1762392856737,62.94041757523391,66.875,65.0
320.0,69.532097345785,62.91068925222123,73.1762392856737,62.94041757523391,66.875,65.0
321.0,69.53239484698722,62.91278521850685,73.1762392856737,62.94041757523391,66.875,65.0
322.0,69.5326903960712,62.91482711379837,73.1762392856737,62.94041757523391,66.875,65.0
323.0,69.53298401695946,62.91681672833506,73.1762392856737,62.94041757523391,66.875,65.0
324.0,69.5332757331441,62.91875577786192,73.1762392856737,62.94041757523391,66.875,65.0
325.0,69.53356556769735,62.920645907387275,73.1762392856737,62.94041757523391,66.875,65.0
326.0,69.5338535432807,62.92248869471711,73.1762392856737,62.94041757523391,66.875,65.0
327.0,69.53413968215493,62.92428565378152,73.1762392856737,62.94041757523391,66.875,65.0
328.0,69.53442400618918,62.92603823776733,73.1762392856737,62.94041757523391,66.875,65.0
329.0,69.53470653686922,62.92774784206997,73.1762392856737,62.94041757523391,66.875,65.0
330.0,69.53498729530703,62.929415807076424,73.1762392856737,62.94041757523391,66.875,65.0
331.0,69.53526630224897,62.93104342079058,73.1762392856737,62.94041757523391,66.875,65.0
332.0,69.53554357808345,62.93263192131107,73.1762392856737,62.94041757523391,66.875,65.0
333.0,69.53581914284955,62.93418249917132,73.1762392856737,62.94041757523391,66.875,65.0
334.0,69.53609301624488,62.93569629955045,73.1762392856737,62.94041757523391,66.875,65.0
335.0,69.53636521763228,62.9371744243634,73.1762392856737,62.94041757523391,66.875,65.0
336.0,69.53663576604832,62.93861793423759,73.1762392856737,62.94041757523391,66.875,65.0
337.0,69.53690468020959,62.94002785038372,73.1762392856737,62.94041757523391,66.875,65.0
338.0,69.53717197851996,62.94140515636652,73.1762392856737,62.94041757523391,66.875,65.0
339.0,69.53743767907775,62.94275079978229,73.1762392856737,62.94041757523391,66.875,65.0
340.0,69.53770179968146,62.94406569384838,73.1762392856737,62.94041757523391,66.875,65.0
341.0,69.5379643578372,62.94535071891021,73.1762392856737,62.94041757523391,66.875,65.0
342.0,69.53822537076437,62.94660672387061,73.1762392856737,62.94041757523391,66.875,65.0
343.0,69.53848485540178,62.9478345275462,73.1762392856737,62.94041757523391,66.875,65.0
344.0,69.53874282841407,62.94903491995486,73.1762392856737,62.94041757523391,66.875,65.0
345.0,69.5389993061967,62.95020866353872,73.1762392856737,62.94041757523391,66.875,65.0
346.0,69.53925430488245,62.951356494325886,73.1762392856737,62.94041757523391,66.875,65.0
347.0,69.5395078403463,62.95247912303486,73.1762392856737,62.94041757523391,66.875,65.0
348.0,69.53975992821113,62.95357723612468,73.1762392856737,62.94041757523391,66.875,65.0
349.0,69.54001058385292,62.95465149679381,73.1762392856737,62.94041757523391,66.875,65.0
350.0,69.54025982240556,62.9557025459309,73.1762392856737,62.94041757523391,66.875,65.0
351.0,69.5405076587665,62.956731003019776,73.1762392856737,62.94041757523391,66.875,65.0
352.0,69.54075410760056,62.95773746700137,73.1762392856737,62.94041757523391,66.875,65.0
353.0,69.5409991833457,62.958722517095005,73.1762392856737,62.94041757523391,66.875,65.0
354.0,69.54124290021679,62.959686713580986,73.1762392856737,62.94041757523391,66.875,65.0
355.0,69.54148527221083,62.960630598546864,73.1762392856737,62.94041757523391,66.875,65.0
356.0,69.54172631311081,62.961554696599165,73.1762392856737,62.94041757523391,66.875,65.0
357.0,69.54196603649018,62.96245951554244,73.1762392856737,62.94041757523391,66.875,65.0
358.0,69.54220445571674,62.96334554702736,73.1762392856737,62.94041757523391,66.875,65.0
359.0,69.54244158395758,62.96421326716953,73.1762392856737,62.94041757523391,66.875,65.0
360.0,69.54267743418178,62.96506313714041,73.1762392856737,62.94041757523391,66.875,65.0
361.0,69.54291201916539,62.96589560373203,73.1762392856737,62.94041757523391,66.875,65.0
362.0,69.5431453514948,62.966711099896465,73.1762392856737,62.94041757523391,66.875,65.0
363.0,69.54337744356992,62.967510045261825,73.1762392856737,62.94041757523391,66.875,65.0
364.0,69.54360830760886,62.96829284662541,73.1762392856737,62.94041757523391,66.875,65.0
365.0,69.54383795565057,62.969059898425776,73.1762392856737,62.94041757523391,66.875,65.0
366.0,69.54406639955852,62.969811583194165,73.1762392856737,62.94041757523391,66.875,65.0
367.0,69.5442936510245,62.97054827198679,73.1762392856737,62.94041757523391,66.875,65.0
368.0,69.54451972157098,62.97127032479863,73.1762392856737,62.94041757523391,66.875,65.0
369.0,69.54474462255523,62.97197809095977,73.1762392856737,62.94041757523391,66.875,65.0
370.0,69.5449683651719,62.97267190951516,73.1762392856737,62.94041757523391,66.875,65.0
371.0,69.54519096045634,62.9733521095884,73.1762392856737,62.94041757523391,66.875,65.0
372.0,69.5454124192875,62.97401901073053,73.1762392856737,62.94041757523391,66.875,65.0
373.0,69.54563275239059,62.97467292325455,73.1762392856737,62.94041757523391,66.875,65.0
374.0,69.54585197034051,62.97531414855599,73.1762392856737,62.94041757523391,66.875,65.0
375.0,69.54607008356415,62.97594297942075,73.1762392856737,62.94041757523391,66.875,65.0
376.0,69.54628710234337,62.97655970032027,73.1762392856737,62.94041757523391,66.875,65.0
377.0,69.54650303681727,62.97716458769498,73.1762392856737,62.94041757523391,66.875,65.0
378.0,69.54671789698543,62.97775791022636,73.1762392856737,62.94041757523391,66.875,65.0
379.0,69.54693169270992,62.978339929098276,73.1762392856737,62.94041757523391,66.875,65.0
380.0,69.54714443371795,62.97891089824793,73.1762392856737,62.94041757523391,66.875,65.0
381.0,69.5473561296043,62.97947106460709,73.1762392856737,62.94041757523391,66.875,65.0
382.0,69.54756678983405,62.98002066833379,73.1762392856737,62.94041757523391,66.875,65.0
383.0,69.54777642374421,62.98055994303521,73.1762392856737,62.94041757523391,66.875,65.0
384.0,69.5479850405464,62.98108911598178,73.1762392856737,62.94041757523391,66.875,65.0
385.0,69.5481926493291,62.98160840831333,73.1762392856737,62.94041757523391,66.875,65.0
386.0,69.54839925905999,62.9821180352372,73.1762392856737,62.94041757523391,66.875,65.0
387.0,69.54860487858747,62.982618206218966,73.1762392856737,62.94041757523391,66.875,65.0
388.0,69.54880951664337,62.983109125165946,73.1762392856737,62.94041757523391,66.875,65.0
389.0,69.54901318184467,62.98359099060386,73.1762392856737,62.94041757523391,66.875,65.0
390.0,69.54921588269552,62.98406399584695,73.1762392856737,62.94041757523391,66.875,65.0
391.0,69.54941762758928,62.9845283291618,73.1762392856737,62.94041757523391,66.875,65.0
392.0,69.54961842481056,62.98498417392502,73.1762392856737,62.94041757523391,66.875,65.0
393.0,69.54981828253668,62.985431708775415,73.1762392856737,62.94041757523391,66.875,65.0
394.0,69.5500172088398,62.985871107760396,73.1762392856737,62.94041757523391,66.875,65.0
395.0,69.55021521168878,62.98630254047719,73.1762392856737,62.94041757523391,66.875,65.0
396.0,69.55041229895066,62.986726172208954,73.1762392856737,62.94041757523391,66.875,65.0
397.0,69.5506084783927,62.98714216405608,73.1762392856737,62.94041757523391,66.875,65.0
398.0,69.55080375768357,62.98755067306274,73.1762392856737,62.94041757523391,66.875,65.0
399.0,69.55099814439576,62.98795185233903,73.1762392856737,62.94041757523391,66.875,65.0
400.0,69.55119164600643,62.98834585117877,73.1762392856737,62.94041757523391,66.875,65.0
401.0,69.5513842698994,62.988732815173215,73.1762392856737,62.94041757523391,66.875,65.0
402.0,69.55157602336666,62.989112886320775,73.1762392856737,62.94041757523391,66.875,65.0
403.0,69.55176691360982,62.98948620313296,73.1762392856737,62.94041757523391,66.875,65.0
404.0,69.55195694774149,62.98985290073671,73.1762392856737,62.94041757523391,66.875,65.0
405.0,69.55214613278712,62.99021311097314,73.1762392856737,62.94041757523391,66.875,65.0
406.0,69.55233447568574,62.99056696249293,73.1762392856737,62.94041757523391,66.875,65.0
407.0,69.55252198329232,62.990914580848624,73.1762392856737,62.94041757523391,66.875,65.0
408.0,69.55270866237812,62.99125608858356,73.1762392856737,62.94041757523391,66.875,65.0
409.0,69.55289451963279,62.99159160531807,73.1762392856737,62.94041757523391,66.875,65.0
410.0,69.55307956166538,62.991921247832636,73.1762392856737,62.94041757523391,66.875,65.0
411.0,69.55326379500548,62.99224513014831,73.1762392856737,62.94041757523391,66.875,65.0
412.0,69.5534472261049,62.992563363604575,73.1762392856737,62.94041757523391,66.875,65.0
413.0,69.55362986133851,62.9928760569345,73.1762392856737,62.94041757523391,66.875,65.0
414.0,69.5538117070057,62.99318331633753,73.1762392856737,62.94041757523391,66.875,65.0
415.0,69.5539927693313,62.9934852455499,73.1762392856737,62.94041757523391,66.875,65.0
416.0,69.55417305446723,62.99378194591271,73.1762392856737,62.94041757523391,66.875,65.0
417.0,69.5543525684931,62.99407351643787,73.1762392856737,62.94041757523391,66.875,65.0
418.0,69.55453131741767,62.99436005387185,73.1762392856737,62.94041757523391,66.875,65.0
419.0,69.55470930717986,62.99464165275751,73.1762392856737,62.94041757523391,66.875,65.0
420.0,69.55488654364986,62.99491840549384,73.1762392856737,62.94041757523391,66.875,65.0
421.0,69.55506303263009,62.99519040239389,73.1762392856737,62.94041757523391,66.875,65.0
422.0,69.55523877985631,62.99545773174083,73.1762392856737,62.94041757523391,66.875,65.0
423.0,69.55541379099886,62.995720479842284,73.1762392856737,62.94041757523391,66.875,65.0
424.0,69.55558807166308,62.99597873108298,73.1762392856737,62.94041757523391,66.875,65.0
425.0,69.55576162739077,62.99623256797571,73.1762392856737,62.94041757523391,66.875,65.0
426.0,69.55593446366125,62.99648207121074,73.1762392856737,62.94041757523391,66.875,65.0
427.0,69.55610658589174,62.99672731970373,73.1762392856737,62.94041757523391,66.875,65.0
428.0,69.55627799943896,62.996968390642174,73.1762392856737,62.94041757523391,66.875,65.0
429.0,69.55644870959951,62.997205359530376,73.1762392856737,62.94041757523391,66.875,65.0
430.0,69.55661872161106,62.99743830023312,73.1762392856737,62.94041757523391,66.875,65.0
431.0,69.55678804065305,62.99766728501799,73.1762392856737,62.94041757523391,66.875,65.0
432.0,69.55695667184766,62.99789238459643,73.1762392856737,62.94041757523391,66.875,65.0
433.0,69.5571246202608,62.998113668163576,73.1762392856737,62.94041757523391,66.875,65.0
434.0,69.55729189090235,62.99833120343689,73.1762392856737,62.94041757523391,66.875,65.0
435.0,69.55745848872792,62.99854505669364,73.1762392856737,62.94041757523391,66.875,65.0
436.0,69.55762441863872,62.99875529280727,73.1762392856737,62.94041757523391,66.875,65.0
437.0,69.55778968548292,62.99896197528279,73.1762392856737,62.94041757523391,66.875,65.0
438.0,69.55795429405619,62.99916516629096,73.1762392856737,62.94041757523391,66.875,65.0
439.0,69.55811824910242,62.99936492670162,73.1762392856737,62.94041757523391,66.875,65.0
440.0,69.55828155531489,62.99956131611598,73.1762392856737,62.94041757523391,66.875,65.0
441.0,69.5584442173363,62.99975439289805,73.1762392856737,62.94041757523391,66.875,65.0
442.0,69.55860623976024,62.99994421420504,73.1762392856737,62.94041757523391,66.875,65.0
443.0,69.55876762713085,63.00013083601701,73.1762392856737,62.94041757523391,66.875,65.0
444.0,69.55892838394496,63.000314313165596,73.1762392856737,62.94041757523391,66.875,65.0
445.0,69.55908851465134,63.000494699362015,73.1762392856737,62.94041757523391,66.875,65.0
446.0,69.55924802365247,63.00067204722411,73.1762392856737,62.94041757523391,66.875,65.0
447.0,69.55940691530436,63.00084640830281,73.1762392856737,62.94041757523391,66.875,65.0
448.0,69.55956519391779,63.00101783310779,73.1762392856737,62.94041757523391,66.875,65.0
449.0,69.5597228637588,63.00118637113226,73.1762392856737,62.94041757523391,66.875,65.0
450.0,69.55987992904895,63.00135207087738,73.1762392856737,62.94041757523391,66.875,65.0
451.0,69.56003639396637,63.001514979875715,73.1762392856737,62.94041757523391,66.875,65.0
452.0,69.5601922626462,63.001675144714106,73.1762392856737,62.94041757523391,66.875,65.0
453.0,69.56034753918136,63.00183261105607,73.1762392856737,62.94041757523391,66.875,65.0
454.0,69.56050222762259,63.00198742366334,73.1762392856737,62.94041757523391,66.875,65.0
455.0,69.56065633197969,63.002139626417055,73.1762392856737,62.94041757523391,66.875,65.0
456.0,69.56080985622152,63.002289262338174,73.1762392856737,62.94041757523391,66.875,65.0
457.0,69.56096280427697,63.0024363736075,73.1762392856737,62.94041757523391,66.875,65.0
458.0,69.5611151800356,63.002581001585014,73.1762392856737,62.94041757523391,66.875,65.0
459.0,69.56126698734737,63.00272318682883,73.1762392856737,62.94041757523391,66.875,65.0
460.0,69.56141823002407,63.00286296911355,73.1762392856737,62.94041757523391,66.875,65.0
461.0,69.56156891183936,63.003000387448175,73.1762392856737,62.94041757523391,66.875,65.0
462.0,69.56171903652944,63.00313548009348,73.1762392856737,62.94041757523391,66.875,65.0
463.0,69.56186860779346,63.003268284579086,73.1762392856737,62.94041757523391,66.875,65.0
464.0,69.56201762929412,63.0033988377198,73.1762392856737,62.94041757523391,66.875,65.0
465.0,69.562166104658,63.003527175631866,73.1762392856737,62.94041757523391,66.875,65.0
466.0,69.56231403747613,63.003653333748524,73.1762392856737,62.94041757523391,66.875,65.0
467.0,69.56246143130453,63.00377734683528,73.1762392856737,62.94041757523391,66.875,65.0
468.0,69.56260828966442,63.003899249004775,73.1762392856737,62.94041757523391,66.875,65.0
469.0,69.562754616043,63.00401907373129,73.1762392856737,62.94041757523391,66.875,65.0
470.0,69.56290041389364,63.00413685386476,73.1762392856737,62.94041757523391,66.875,65.0
471.0,69.5630456866363,63.0042526216446,73.1762392856737,62.94041757523391,66.875,65.0
472.0,69.56319043765832,63.00436640871303,73.1762392856737,62.94041757523391,66.875,65.0
473.0,69.56333467031429,63.004478246128194,73.1762392856737,62.94041757523391,66.875,65.0
474.0,69.56347838792716,63.00458816437676,73.1762392856737,62.94041757523391,66.875,65.0
475.0,69.56362159378777,63.00469619338645,73.1762392856737,62.94041757523391,66.875,65.0
476.0,69.563764291156,63.00480236253804,73.1762392856737,62.94041757523391,66.875,65.0
477.0,69.563906483261,63.00490670067713,73.1762392856737,62.94041757523391,66.875,65.0
478.0,69.56404817330123,63.00500923612571,73.1762392856737,62.94041757523391,66.875,65.0
479.0,69.56418936444524,63.00510999669326,73.1762392856737,62.94041757523391,66.875,65.0
480.0,69.56433005983189,63.005209009687746,73.1762392856737,62.94041757523391,66.875,65.0
481.0,69.56447026257074,63.005306301926254,73.1762392856737,62.94041757523391,66.875,65.0
482.0,69.56460997574221,63.005401899745344,73.1762392856737,62.94041757523391,66.875,65.0
483.0,69.56474920239863,63.00549582901123,73.1762392856737,62.94041757523391,66.875,65.0
484.0,69.56488794556351,63.00558811512965,73.1762392856737,62.94041757523391,66.875,65.0
485.0,69.56502620823291,63.00567878305549,73.1762392856737,62.94041757523391,66.875,65.0
486.0,69.56516399337512,63.005767857302224,73.1762392856737,62.94041757523391,66.875,65.0
487.0,69.56530130393152,63.00585536195111,73.1762392856737,62.94041757523391,66.875,65.0
488.0,69.56543814281615,63.0059413206601,73.1762392856737,62.94041757523391,66.875,65.0
489.0,69.56557451291704,63.00602575667265,73.1762392856737,62.94041757523391,66.875,65.0
490.0,69.56571041709576,63.00610869282618,73.1762392856737,62.94041757523391,66.875,65.0
491.0,69.56584585818784,63.00619015156051,73.1762392856737,62.94041757523391,66.875,65.0
492.0,69.56598083900359,63.006270154925886,73.1762392856737,62.94041757523391,66.875,65.0
493.0,69.56611536232786,63.006348724591,73.1762392856737,62.94041757523391,66.875,65.0
494.0,69.56624943092032,63.00642588185073,73.1762392856737,62.94041757523391,66.875,65.0
495.0,69.56638304751648,63.00650164763368,73.1762392856737,62.94041757523391,66.875,65.0
496.0,69.56651621482717,63.0065760425096,73.1762392856737,62.94041757523391,66.875,65.0
497.0,69.56664893553896,63.00664908669662,73.1762392856737,62.94041757523391,66.875,65.0
498.0,69.56678121231498,63.00672080006826,73.1762392856737,62.94041757523391,66.875,65.0
499.0,69.5669130477947,63.0067912021604,73.1762392856737,62.94041757523391,66.875,65.0
500.0,69.56704444459434,63.0068603121779,73.1762392856737,62.94041757523391,66.875,65.0
501.0,69.56717540530725,63.006928149001276,73.1762392856737,62.94041757523391,66.875,65.0
502.0,69.56730593250396,63.00699473119303,73.1762392856737,62.94041757523391,66.875,65.0
503.0,69.56743602873276,63.00706007700407,73.1762392856737,62.94041757523391,66.875,65.0
504.0,69.56756569651945,63.007124204379636,73.1762392856737,62.94041757523391,66.875,65.0
505.0,69.56769493836829,63.00718713096551,73.1762392856737,62.94041757523391,66.875,65.0
506.0,69.56782375676178,63.00724887411369,73.1762392856737,62.94041757523391,66.875,65.0
507.0,69.56795215416086,63.007309450888265,73.1762392856737,62.94041757523391,66.875,65.0
508.0,69.5680801330055,63.007368878070885,73.1762392856737,62.94041757523391,66.875,65.0
509.0,69.56820769571472,63.00742717216633,73.1762392856737,62.94041757523391,66.875,65.0
510.0,69.56833484468685,63.0074843494078,73.1762392856737,62.94041757523391,66.875,65.0
511.0,69.56846158229975,63.007540425762166,73.1762392856737,62.94041757523391,66.875,65.0
512.0,69.56858791091115,63.007595416935054,73.1762392856737,62.94041757523391,66.875,65.0
513.0,69.56871383285888,63.0076493383759,73.1762392856737,62.94041757523391,66.875,65.0
514.0,69.56883935046072,63.007702205282754,73.1762392856737,62.94041757523391,66.875,65.0
515.0,69.56896446601525,63.007754032607174,73.1762392856737,62.94041757523391,66.875,65.0
516.0,69.56908918180156,63.00780483505877,73.1762392856737,62.94041757523391,66.875,65.0
517.0,69.5692135000799,63.00785462710988,73.1762392856737,62.94041757523391,66.875,65.0
518.0,69.56933742309144,63.00790342299999,73.1762392856737,62.94041757523391,66.875,65.0
519.0,69.56946095305854,63.00795123674012,73.1762392856737,62.94041757523391,66.875,65.0
520.0,69.56958409218564,63.007998082117105,73.1762392856737,62.94041757523391,66.875,65.0
521.0,69.56970684265829,63.00804397269783,73.1762392856737,62.94041757523391,66.875,65.0
522.0,69.5698292066444,63.008088921833185,73.1762392856737,62.94041757523391,66.875,65.0
523.0,69.56995118629406,63.00813294266228,73.1762392856737,62.94041757523391,66.875,65.0
524.0,69.57007278373946,63.00817604811616,73.1762392856737,62.94041757523391,66.875,65.0
525.0,69.57019400109552,63.008218250921836,73.1762392856737,62.94041757523391,66.875,65.0
526.0,69.57031484045986,63.00825956360588,73.1762392856737,62.94041757523391,66.875,65.0
527.0,69.57043530391294,63.008299998498195,73.1762392856737,62.94041757523391,66.875,65.0
528.0,69.57055539351853,63.00833956773558,73.1762392856737,62.94041757523391,66.875,65.0
529.0,69.57067511132344,63.008378283265294,73.1762392856737,62.94041757523391,66.875,65.0
530.0,69.57079445935831,63.00841615684843,73.1762392856737,62.94041757523391,66.875,65.0
531.0,69.57091343963683,63.0084532000634,73.1762392856737,62.94041757523391,66.875,65.0
532.0,69.57103205415727,63.0084894243091,73.1762392856737,62.94041757523391,66.875,65.0
533.0,69.57115030490137,63.00852484080829,73.1762392856737,62.94041757523391,66.875,65.0
534.0,69.57126819383525,63.00855946061068,73.1762392856737,62.94041757523391,66.875,65.0
535.0,69.57138572290937,63.00859329459604,73.1762392856737,62.94041757523391,66.875,65.0
536.0,69.57150289405857,63.00862635347726,73.1762392856737,62.94041757523391,66.875,65.0
537.0,69.57161970920254,63.00865864780334,73.1762392856737,62.94041757523391,66.875,65.0
538.0,69.57173617024567,63.00869018796224,73.1762392856737,62.94041757523391,66.875,65.0
539.0,69.5718522790775,63.008720984183846,73.1762392856737,62.94041757523391,66.875,65.0
540.0,69.57196803757255,63.008751046542635,73.1762392856737,62.94041757523391,66.875,65.0
541.0,69.57208344759084,63.00878038496054,73.1762392856737,62.94041757523391,66.875,65.0
542.0,69.5721985109777,63.00880900920953,73.1762392856737,62.94041757523391,66.875,65.0
543.0,69.57231322956416,63.00883692891434,73.1762392856737,62.94041757523391,66.875,65.0
544.0,69.57242760516702,63.00886415355495,73.1762392856737,62.94041757523391,66.875,65.0
545.0,69.57254163958872,63.00889069246919,73.1762392856737,62.94041757523391,66.875,65.0
546.0,69.57265533461846,63.008916554855155,73.1762392856737,62.94041757523391,66.875,65.0
547.0,69.5727686920309,63.0089417497737,73.1762392856737,62.94041757523391,66.875,65.0
548.0,69.57288171358731,63.008966286150695,73.1762392856737,62.94041757523391,66.875,65.0
549.0,69.57299440103571,63.00899017277951,73.1762392856737,62.94041757523391,66.875,65.0
550.0,69.57310675611036,63.0090134183232,73.1762392856737,62.94041757523391,66.875,65.0
551.0,69.5732187805326,63.009036031316704,73.1762392856737,62.94041757523391,66.875,65.0
552.0,69.5733304760103,63.00905802016917,73.1762392856737,62.94041757523391,66.875,65.0
553.0,69.57344184423877,63.009079393166,73.1762392856737,62.94041757523391,66.875,65.0
554.0,69.57355288690005,63.00910015847097,73.1762392856737,62.94041757523391,66.875,65.0
555.0,69.57366360566411,63.009120324128354,73.1762392856737,62.94041757523391,66.875,65.0
556.0,69.57377400218768,63.00913989806486,73.1762392856737,62.94041757523391,66.875,65.0
557.0,69.5738840781154,63.00915888809172,73.1762392856737,62.94041757523391,66.875,65.0
558.0,69.5739938350794,63.009177301906526,73.1762392856737,62.94041757523391,66.875,65.0
559.0,69.5741032746998,63.009195147095255,73.1762392856737,62.94041757523391,66.875,65.0
560.0,69.5742123985846,63.00921243113404,73.1762392856737,62.94041757523391,66.875,65.0
561.0,69.57432120832958,63.00922916139107,73.1762392856737,62.94041757523391,66.875,65.0
562.0,69.57442970551901,63.009245345128384,73.1762392856737,62.94041757523391,66.875,65.0
563.0,69.57453789172543,63.009260989503595,73.1762392856737,62.94041757523391,66.875,65.0
564.0,69.57464576850946,63.00927610157169,73.1762392856737,62.94041757523391,66.875,65.0
565.0,69.57475333742052,63.00929068828668,73.1762392856737,62.94041757523391,66.875,65.0
566.0,69.57486059999641,63.00930475650327,73.1762392856737,62.94041757523391,66.875,65.0
567.0,69.57496755776405,63.009318312978515,73.1762392856737,62.94041757523391,66.875,65.0
568.0,69.57507421223876,63.00933136437343,73.1762392856737,62.94041757523391,66.875,65.0
569.0,69.57518056492505,63.00934391725454,73.1762392856737,62.94041757523391,66.875,65.0
570.0,69.57528661731635,63.00935597809544,73.1762392856737,62.94041757523391,66.875,65.0
571.0,69.57539237089547,63.00936755327831,73.1762392856737,62.94041757523391,66.875,65.0
572.0,69.57549782713444,63.009378649095375,73.1762392856737,62.94041757523391,66.875,65.0
573.0,69.57560298749453,63.00938927175046,73.1762392856737,62.94041757523391,66.875,65.0
574.0,69.57570785342644,63.00939942736025,73.1762392856737,62.94041757523391,66.875,65.0
575.0,69.57581242637043,63.009409121955905,73.1762392856737,62.94041757523391,66.875,65.0
576.0,69.57591670775695,63.00941836148423,73.1762392856737,62.94041757523391,66.875,65.0
577.0,69.57602069900561,63.00942715180924,73.1762392856737,62.94041757523391,66.875,65.0
578.0,69.57612440152599,63.00943549871329,73.1762392856737,62.94041757523391,66.875,65.0
579.0,69.57622781671802,63.00944340789852,73.1762392856737,62.94041757523391,66.875,65.0
580.0,69.57633094597135,63.00945088498808,73.1762392856737,62.94041757523391,66.875,65.0
581.0,69.57643379066589,63.009457935527394,73.1762392856737,62.94041757523391,66.875,65.0
582.0,69.57653635217163,63.00946456498537,73.1762392856737,62.94041757523391,66.875,65.0
583.0,69.57663863184939,63.00947077875569,73.1762392856737,62.94041757523391,66.875,65.0
584.0,69.57674063104983,63.0094765821579,73.1762392856737,62.94041757523391,66.875,65.0
585.0,69.5768423511145,63.009481980438665,73.1762392856737,62.94041757523391,66.875,65.0
586.0,69.57694379337546,63.00948697877283,73.1762392856737,62.94041757523391,66.875,65.0
587.0,69.57704495915551,63.00949158226462,73.1762392856737,62.94041757523391,66.875,65.0
588.0,69.57714584976829,63.00949579594874,73.1762392856737,62.94041757523391,66.875,65.0
589.0,69.5772464665181,63.009499624791395,73.1762392856737,62.94041757523391,66.875,65.0
590.0,69.57734681070035,63.009503073691434,73.1762392856737,62.94041757523391,66.875,65.0
591.0,69.57744688360151,63.00950614748137,73.1762392856737,62.94041757523391,66.875,65.0
592.0,69.57754668649913,63.00950885092837,73.1762392856737,62.94041757523391,66.875,65.0
593.0,69.57764622066203,63.00951118873535,73.1762392856737,62.94041757523391,66.875,65.0
594.0,69.57774548735027,63.00951316554188,73.1762392856737,62.94041757523391,66.875,65.0
595.0,69.57784448781503,63.009514785925234,73.1762392856737,62.94041757523391,66.875,65.0
596.0,69.57794322329956,63.00951605440127,73.1762392856737,62.94041757523391,66.875,65.0
597.0,69.57804169503788,63.00951697542544,73.1762392856737,62.94041757523391,66.875,65.0
598.0,69.57813990425619,63.0095175533937,73.1762392856737,62.94041757523391,66.875,65.0
599.0,69.57823785217222,63.0095177926434,73.1762392856737,62.94041757523391,66.875,65.0
600.0,69.57833553999517,63.00951769745415,73.1762392856737,62.94041757523391,66.875,65.0
601.0,69.57843296892646,63.00951727204878,73.1762392856737,62.94041757523391,66.875,65.0
602.0,69.57853014015902,63.009516520594126,73.1762392856737,62.94041757523391,66.875,65.0
603.0,69.57862705487824,63.00951544720192,73.1762392856737,62.94041757523391,66.875,65.0
604.0,69.578723714261,63.00951405592958,73.1762392856737,62.94041757523391,66.875,65.0
605.0,69.57882011947679,63.00951235078109,73.1762392856737,62.94041757523391,66.875,65.0
606.0,69.57891627168706,63.00951033570772,73.1762392856737,62.94041757523391,66.875,65.0
607.0,69.5790121720455,63.00950801460893,73.1762392856737,62.94041757523391,66.875,65.0
608.0,69.57910782169807,63.009505391333,73.1762392856737,62.94041757523391,66.875,65.0
609.0,69.5792032217833,63.009502469677955,73.1762392856737,62.94041757523391,66.875,65.0
610.0,69.5792983734321,63.009499253392164,73.1762392856737,62.94041757523391,66.875,65.0
611.0,69.57939327776786,63.00949574617518,73.1762392856737,62.94041757523391,66.875,65.0
612.0,69.57948793590656,63.00949195167843,73.1762392856737,62.94041757523391,66.875,65.0
613.0,69.57958234895682,63.009487873505925,73.1762392856737,62.94041757523391,66.875,65.0
614.0,69.57967651802035,63.00948351521495,73.1762392856737,62.94041757523391,66.875,65.0
615.0,69.57977044419096,63.00947888031681,73.1762392856737,62.94041757523391,66.875,65.0
616.0,69.57986412855583,63.0094739722774,73.1762392856737,62.94041757523391,66.875,65.0
617.0,69.57995757219508,63.00946879451798,73.1762392856737,62.94041757523391,66.875,65.0
618.0,69.58005077618125,63.009463350415764,73.1762392856737,62.94041757523391,66.875,65.0
619.0,69.58014374158073,63.00945764330459,73.1762392856737,62.94041757523391,66.875,65.0
620.0,69.5802364694522,63.00945167647555,73.1762392856737,62.94041757523391,66.875,65.0
621.0,69.58032896084798,63.0094454531776,73.1762392856737,62.94041757523391,66.875,65.0
622.0,69.58042121681363,63.00943897661816,73.1762392856737,62.94041757523391,66.875,65.0
623.0,69.58051323838752,63.00943224996379,73.1762392856737,62.94041757523391,66.875,65.0
624.0,69.58060502660193,63.00942527634066,73.1762392856737,62.94041757523391,66.875,65.0
625.0,69.58069658248219,63.009418058835244,73.1762392856737,62.94041757523391,66.875,65.0
626.0,69.58078790704702,63.009410600494824,73.1762392856737,62.94041757523391,66.875,65.0
627.0,69.5808790013088,63.00940290432811,73.1762392856737,62.94041757523391,66.875,65.0
628.0,69.58096986627363,63.00939497330572,73.1762392856737,62.94041757523391,66.875,65.0
629.0,69.58106050294062,63.00938681036079,73.1762392856737,62.94041757523391,66.875,65.0
630.0,69.58115091230323,63.00937841838945,73.1762392856737,62.94041757523391,66.875,65.0
631.0,69.5812410953482,63.009369800251456,73.1762392856737,62.94041757523391,66.875,65.0
632.0,69.58133105305616,63.00936095877054,73.1762392856737,62.94041757523391,66.875,65.0
633.0,69.58142078640155,63.00935189673512,73.1762392856737,62.94041757523391,66.875,65.0
634.0,69.58151029635285,63.00934261689863,73.1762392856737,62.94041757523391,66.875,65.0
635.0,69.58159958387215,63.00933312198009,73.1762392856737,62.94041757523391,66.875,65.0
636.0,69.58168864991569,63.00932341466463,73.1762392856737,62.94041757523391,66.875,65.0
637.0,69.58177749543385,63.00931349760387,73.1762392856737,62.94041757523391,66.875,65.0
638.0,69.58186612137078,63.009303373416465,73.1762392856737,62.94041757523391,66.875,65.0
639.0,69.58195452866507,63.009293044688576,73.1762392856737,62.94041757523391,66.875,65.0
640.0,69.5820427182493,63.00928251397425,73.1762392856737,62.94041757523391,66.875,65.0
641.0,69.58213069105024,63.00927178379593,73.1762392856737,62.94041757523391,66.875,65.0
642.0,69.58221844798895,63.009260856644886,73.1762392856737,62.94041757523391,66.875,65.0
643.0,69.58230598998107,63.009249734981644,73.1762392856737,62.94041757523391,66.875,65.0
644.0,69.58239331793628,63.009238421236404,73.1762392856737,62.94041757523391,66.875,65.0
645.0,69.58248043275877,63.009226917809464,73.1762392856737,62.94041757523391,66.875,65.0
646.0,69.58256733534705,63.00921522707166,73.1762392856737,62.94041757523391,66.875,65.0
647.0,69.58265402659434,63.00920335136473,73.1762392856737,62.94041757523391,66.875,65.0
648.0,69.58274050738838,63.00919129300174,73.1762392856737,62.94041757523391,66.875,65.0
649.0,69.5828267786115,63.009179054267484,73.1762392856737,62.94041757523391,66.875,65.0
650.0,69.58291284114047,63.00916663741884,73.1762392856737,62.94041757523391,66.875,65.0
651.0,69.58299869584694,63.009154044685225,73.1762392856737,62.94041757523391,66.875,65.0
652.0,69.58308434359718,63.00914127826885,73.1762392856737,62.94041757523391,66.875,65.0
653.0,69.58316978525217,63.00912834034522,73.1762392856737,62.94041757523391,66.875,65.0
654.0,69.58325502166792,63.009115233063405,73.1762392856737,62.94041757523391,66.875,65.0
655.0,69.58334005369501,63.00910195854649,73.1762392856737,62.94041757523391,66.875,65.0
656.0,69.58342488217902,63.00908851889178,73.1762392856737,62.94041757523391,66.875,65.0
657.0,69.58350950796064,63.009074916171336,73.1762392856737,62.94041757523391,66.875,65.0
658.0,69.58359393187507,63.00906115243216,73.1762392856737,62.94041757523391,66.875,65.0
659.0,69.58367815475297,63.00904722969663,73.1762392856737,62.94041757523391,66.875,65.0
660.0,69.58376217741998,63.00903314996277,73.1762392856737,62.94041757523391,66.875,65.0
661.0,69.58384600069647,63.00901891520464,73.1762392856737,62.94041757523391,66.875,65.0
662.0,69.58392962539826,63.009004527372575,73.1762392856737,62.94041757523391,66.875,65.0
663.0,69.58401305233635,63.00898998839361,73.1762392856737,62.94041757523391,66.875,65.0
664.0,69.5840962823168,63.00897530017168,73.1762392856737,62.94041757523391,66.875,65.0
665.0,69.58417931614093,63.00896046458802,73.1762392856737,62.94041757523391,66.875,65.0
666.0,69.58426215460528,63.008945483501385,73.1762392856737,62.94041757523391,66.875,65.0
667.0,69.58434479850209,63.00893035874845,73.1762392856737,62.94041757523391,66.875,65.0
668.0,69.58442724861818,63.00891509214398,73.1762392856737,62.94041757523391,66.875,65.0
669.0,69.58450950573659,63.00889968548125,73.1762392856737,62.94041757523391,66.875,65.0
670.0,69.58459157063517,63.00888414053221,73.1762392856737,62.94041757523391,66.875,65.0
671.0,69.58467344408766,63.00886845904787,73.1762392856737,62.94041757523391,66.875,65.0
672.0,69.58475512686296,63.00885264275848,73.1762392856737,62.94041757523391,66.875,65.0
673.0,69.5848366197257,63.008836693373894,73.1762392856737,62.94041757523391,66.875,65.0
674.0,69.58491792343607,63.00882061258377,73.1762392856737,62.94041757523391,66.875,65.0
675.0,69.58499903874964,63.008804402057876,73.1762392856737,62.94041757523391,66.875,65.0
676.0,69.58507996641778,63.00878806344631,73.1762392856737,62.94041757523391,66.875,65.0
677.0,69.58516070718767,63.008771598379816,73.1762392856737,62.94041757523391,66.875,65.0
678.0,69.58524126180183,63.00875500846998,73.1762392856737,62.94041757523391,66.875,65.0
679.0,69.58532163099888,63.008738295309485,73.1762392856737,62.94041757523391,66.875,65.0
680.0,69.58540181551284,63.00872146047242,73.1762392856737,62.94041757523391,66.875,65.0
681.0,69.5854818160739,63.00870450551443,73.1762392856737,62.94041757523391,66.875,65.0
682.0,69.58556163340769,63.00868743197302,73.1762392856737,62.94041757523391,66.875,65.0
683.0,69.5856412682359,63.008670241367774,73.1762392856737,62.94041757523391,66.875,65.0
684.0,69.58572072127625,63.00865293520056,73.1762392856737,62.94041757523391,66.875,65.0
685.0,69.58579999324222,63.00863551495579,73.1762392856737,62.94041757523391,66.875,65.0
686.0,69.58587908484316,63.00861798210065,73.1762392856737,62.94041757523391,66.875,65.0
687.0,69.58595799678459,63.008600338085294,73.1762392856737,62.94041757523391,66.875,65.0
688.0,69.58603672976783,63.00858258434304,73.1762392856737,62.94041757523391,66.875,65.0
689.0,69.58611528449023,63.00856472229069,73.1762392856737,62.94041757523391,66.875,65.0
690.0,69.5861936616457,63.0085467533286,73.1762392856737,62.94041757523391,66.875,65.0
691.0,69.58627186192363,63.008528678841024,73.1762392856737,62.94041757523391,66.875,65.0
692.0,69.5863498860099,63.00851050019619,73.1762392856737,62.94041757523391,66.875,65.0
693.0,69.58642773458628,63.0084922187466,73.1762392856737,62.94041757523391,66.875,65.0
694.0,69.58650540833109,63.008473835829214,73.1762392856737,62.94041757523391,66.875,65.0
695.0,69.58658290791855,63.00845535276562,73.1762392856737,62.94041757523391,66.875,65.0
696.0,69.58666023401933,63.008436770862225,73.1762392856737,62.94041757523391,66.875,65.0
697.0,69.58673738730015,63.00841809141047,73.1762392856737,62.94041757523391,66.875,65.0
698.0,69.58681436842421,63.00839931568701,73.1762392856737,62.94041757523391,66.875,65.0
699.0,69.58689117805112,63.00838044495393,73.1762392856737,62.94041757523391,66.875,65.0
700.0,69.58696781683645,63.00836148045883,73.1762392856737,62.94041757523391,66.875,65.0
701.0,69.58704428543255,63.00834242343515,73.1762392856737,62.94041757523391,66.875,65.0
702.0,69.58712058448813,63.00832327510222,73.1762392856737,62.94041757523391,66.875,65.0
703.0,69.58719671464797,63.00830403666552,73.1762392856737,62.94041757523391,66.875,65.0
704.0,69.58727267655375,63.0082847093168,73.1762392856737,62.94041757523391,66.875,65.0
705.0,69.58734847084337,63.008265294234285,73.1762392856737,62.94041757523391,66.875,65.0
706.0,69.58742409815139,63.008245792582834,73.1762392856737,62.94041757523391,66.875,65.0
707.0,69.58749955910882,63.00822620551409,73.1762392856737,62.94041757523391,66.875,65.0
708.0,69.58757485434317,63.008206534166675,73.1762392856737,62.94041757523391,66.875,65.0
709.0,69.58764998447866,63.00818677966632,73.1762392856737,62.94041757523391,66.875,65.0
710.0,69.5877249501362,63.00816694312604,73.1762392856737,62.94041757523391,66.875,65.0
711.0,69.58779975193285,63.0081470256463,73.1762392856737,62.94041757523391,66.875,65.0
712.0,69.58787439048297,63.00812702831514,73.1762392856737,62.94041757523391,66.875,65.0
713.0,69.58794886639731,63.00810695220837,73.1762392856737,62.94041757523391,66.875,65.0
714.0,69.58802318028312,63.00808679838968,73.1762392856737,62.94041757523391,66.875,65.0
715.0,69.5880973327448,63.00806656791081,73.1762392856737,62.94041757523391,66.875,65.0
716.0,69.5881713243831,63.00804626181168,73.1762392856737,62.94041757523391,66.875,65.0
717.0,69.58824515579576,63.008025881120574,73.1762392856737,62.94041757523391,66.875,65.0
718.0,69.58831882757737,63.008005426854226,73.1762392856737,62.94041757523391,66.875,65.0
719.0,69.5883923403193,63.00798490001802,73.1762392856737,62.94041757523391,66.875,65.0
720.0,69.58846569460952,63.00796430160608,73.1762392856737,62.94041757523391,66.875,65.0
721.0,69.58853889103322,63.00794363260141,73.1762392856737,62.94041757523391,66.875,65.0
722.0,69.58861193017223,63.007922893976065,73.1762392856737,62.94041757523391,66.875,65.0
723.0,69.58868481260549,63.007902086691274,73.1762392856737,62.94041757523391,66.875,65.0
724.0,69.58875753890862,63.007881211697516,73.1762392856737,62.94041757523391,66.875,65.0
725.0,69.58883010965441,63.007860269934746,73.1762392856737,62.94041757523391,66.875,65.0
726.0,69.5889025254125,63.00783926233242,73.1762392856737,62.94041757523391,66.875,65.0
727.0,69.58897478674972,63.007818189809704,73.1762392856737,62.94041757523391,66.875,65.0
728.0,69.58904689422961,63.007797053275546,73.1762392856737,62.94041757523391,66.875,65.0
729.0,69.58911884841301,63.007775853628836,73.1762392856737,62.94041757523391,66.875,65.0
730.0,69.58919064985753,63.00775459175849,73.1762392856737,62.94041757523391,66.875,65.0
731.0,69.58926229911823,63.0077332685436,73.1762392856737,62.94041757523391,66.875,65.0
732.0,69.58933379674693,63.00771188485353,73.1762392856737,62.94041757523391,66.875,65.0
733.0,69.58940514329284,63.00769044154804,73.1762392856737,62.94041757523391,66.875,65.0
734.0,69.58947633930207,63.007668939477405,73.1762392856737,62.94041757523391,66.875,65.0
735.0,69.58954738531807,63.00764737948251,73.1762392856737,62.94041757523391,66.875,65.0
736.0,69.58961828188144,63.00762576239503,73.1762392856737,62.94041757523391,66.875,65.0
737.0,69.58968902952988,63.007604089037414,73.1762392856737,62.94041757523391,66.875,65.0
738.0,69.58975962879836,63.00758236022309,73.1762392856737,62.94041757523391,66.875,65.0
739.0,69.5898300802189,63.00756057675658,73.1762392856737,62.94041757523391,66.875,65.0
740.0,69.5899003843212,63.00753873943352,73.1762392856737,62.94041757523391,66.875,65.0
741.0,69.58997054163204,63.007516849040876,73.1762392856737,62.94041757523391,66.875,65.0
742.0,69.5900405526752,63.007494906356904,73.1762392856737,62.94041757523391,66.875,65.0
743.0,69.59011041797211,63.00747291215145,73.1762392856737,62.94041757523391,66.875,65.0
744.0,69.59018013804145,63.00745086718583,73.1762392856737,62.94041757523391,66.875,65.0
745.0,69.59024971339925,63.007428772213096,73.1762392856737,62.94041757523391,66.875,65.0
746.0,69.59031914455876,63.007406627978035,73.1762392856737,62.94041757523391,66.875,65.0
747.0,69.59038843203079,63.007384435217325,73.1762392856737,62.94041757523391,66.875,65.0
748.0,69.5904575763235,63.00736219465963,73.1762392856737,62.94041757523391,66.875,65.0
749.0,69.59052657794247,63.0073399070256,73.1762392856737,62.94041757523391,66.875,65.0
750.0,69.59059543739063,63.00731757302811,73.1762392856737,62.94041757523391,66.875,65.0
751.0,69.59066415516843,63.007295193372244,73.1762392856737,62.94041757523391,66.875,65.0
752.0,69.59073273177377,63.0072727687554,73.1762392856737,62.94041757523391,66.875,65.0
753.0,69.59080116770215,63.00725029986743,73.1762392856737,62.94041757523391,66.875,65.0
754.0,69.59086946344632,63.00722778739067,73.1762392856737,62.94041757523391,66.875,65.0
755.0,69.59093761949678,63.00720523200007,73.1762392856737,62.94041757523391,66.875,65.0
756.0,69.5910056363415,63.00718263436321,73.1762392856737,62.94041757523391,66.875,65.0
757.0,69.59107351446606,63.00715999514053,73.1762392856737,62.94041757523391,66.875,65.0
758.0,69.59114125435325,63.007137314985215,73.1762392856737,62.94041757523391,66.875,65.0
759.0,69.59120885648399,63.00711459454346,73.1762392856737,62.94041757523391,66.875,65.0
760.0,69.59127632133655,63.00709183445441,73.1762392856737,62.94041757523391,66.875,65.0
761.0,69.5913436493865,63.007069035350355,73.1762392856737,62.94041757523391,66.875,65.0
762.0,69.59141084110759,63.00704619785672,73.1762392856737,62.94041757523391,66.875,65.0
763.0,69.59147789697086,63.0070233225922,73.1762392856737,62.94041757523391,66.875,65.0
764.0,69.5915448174452,63.007000410168786,73.1762392856737,62.94041757523391,66.875,65.0
765.0,69.59161160299713,63.006977461191916,73.1762392856737,62.94041757523391,66.875,65.0
766.0,69.59167825409067,63.00695447626046,73.1762392856737,62.94041757523391,66.875,65.0
767.0,69.59174477118772,63.006931455966885,73.1762392856737,62.94041757523391,66.875,65.0
768.0,69.59181115474806,63.00690840089725,73.1762392856737,62.94041757523391,66.875,65.0
769.0,69.59187740522884,63.00688531163134,73.1762392856737,62.94041757523391,66.875,65.0
770.0,69.59194352308513,63.006862188742666,73.1762392856737,62.94041757523391,66.875,65.0
771.0,69.59200950877,63.00683903279862,73.1762392856737,62.94041757523391,66.875,65.0
772.0,69.59207536273395,63.00681584436049,73.1762392856737,62.94041757523391,66.875,65.0
773.0,69.59214108542538,63.006792623983536,73.1762392856737,62.94041757523391,66.875,65.0
774.0,69.59220667729072,63.00676937221707,73.1762392856737,62.94041757523391,66.875,65.0
775.0,69.59227213877388,63.00674608960454,73.1762392856737,62.94041757523391,66.875,65.0
776.0,69.59233747031668,63.00672277668351,73.1762392856737,62.94041757523391,66.875,65.0
777.0,69.59240267235901,63.00669943398586,73.1762392856737,62.94041757523391,66.875,65.0
778.0,69.59246774533862,63.00667606203774,73.1762392856737,62.94041757523391,66.875,65.0
779.0,69.59253268969071,63.00665266135969,73.1762392856737,62.94041757523391,66.875,65.0
780.0,69.59259750584893,63.00662923246667,73.1762392856737,62.94041757523391,66.875,65.0
781.0,69.59266219424434,63.00660577586816,73.1762392856737,62.94041757523391,66.875,65.0
782.0,69.59272675530642,63.006582292068174,73.1762392856737,62.94041757523391,66.875,65.0
783.0,69.59279118946213,63.00655878156538,73.1762392856737,62.94041757523391,66.875,65.0
784.0,69.59285549713668,63.0065352448531,73.1762392856737,62.94041757523391,66.875,65.0
785.0,69.5929196787529,63.006511682419394,73.1762392856737,62.94041757523391,66.875,65.0
786.0,69.5929837347321,63.00648809474715,73.1762392856737,62.94041757523391,66.875,65.0
787.0,69.59304766549312,63.006464482314094,73.1762392856737,62.94041757523391,66.875,65.0
788.0,69.59311147145307,63.006440845592856,73.1762392856737,62.94041757523391,66.875,65.0
789.0,69.59317515302688,63.00641718505104,73.1762392856737,62.94041757523391,66.875,65.0
790.0,69.59323871062747,63.00639350115128,73.1762392856737,62.94041757523391,66.875,65.0
791.0,69.59330214466611,63.006369794351315,73.1762392856737,62.94041757523391,66.875,65.0
792.0,69.59336545555199,63.00634606510396,73.1762392856737,62.94041757523391,66.875,65.0
793.0,69.59342864369209,63.00632231385728,73.1762392856737,62.94041757523391,66.875,65.0
794.0,69.59349170949166,63.00629854105454,73.1762392856737,62.94041757523391,66.875,65.0
795.0,69.59355465335408,63.006274747134306,73.1762392856737,62.94041757523391,66.875,65.0
796.0,69.59361747568074,63.0062509325305,73.1762392856737,62.94041757523391,66.875,65.0
797.0,69.5936801768712,63.00622709767244,73.1762392856737,62.94041757523391,66.875,65.0
798.0,69.59374275732311,63.00620324298489,73.1762392856737,62.94041757523391,66.875,65.0
799.0,69.5938052174324,63.00617936888809,73.1762392856737,62.94041757523391,66.875,65.0
800.0,69.59386755759256,63.00615547579785,73.1762392856737,62.94041757523391,66.875,65.0
801.0,69.59392977819621,63.00613156412556,73.1762392856737,62.94041757523391,66.875,65.0
802.0,69.59399187963324,63.00610763427827,73.1762392856737,62.94041757523391,66.875,65.0
803.0,69.59405386229221,63.00608368665871,73.1762392856737,62.94041757523391,66.875,65.0
804.0,69.59411572655955,63.00605972166533,73.1762392856737,62.94041757523391,66.875,65.0
805.0,69.59417747282022,63.0060357396924,73.1762392856737,62.94041757523391,66.875,65.0
806.0,69.59423910145712,63.00601174112996,73.1762392856737,62.94041757523391,66.875,65.0
807.0,69.59430061285165,63.005987726364,73.1762392856737,62.94041757523391,66.875,65.0
808.0,69.59436200738308,63.005963695776366,73.1762392856737,62.94041757523391,66.875,65.0
809.0,69.59442328542923,63.0059396497449,73.1762392856737,62.94041757523391,66.875,65.0
810.0,69.59448444736593,63.00591558864344,73.1762392856737,62.94041757523391,66.875,65.0
811.0,69.59454549356757,63.005891512841885,73.1762392856737,62.94041757523391,66.875,65.0
812.0,69.5946064244065,63.005867422706196,73.1762392856737,62.94041757523391,66.875,65.0
813.0,69.59466724025363,63.0058433185985,73.1762392856737,62.94041757523391,66.875,65.0
814.0,69.5947279414778,63.005819200877085,73.1762392856737,62.94041757523391,66.875,65.0
815.0,69.59478852844673,63.005795069896465,73.1762392856737,62.94041757523391,66.875,65.0
816.0,69.59484900152573,63.00577092600739,73.1762392856737,62.94041757523391,66.875,65.0
817.0,69.59490936107908,63.005746769556964,73.1762392856737,62.94041757523391,66.875,65.0
818.0,69.59496960746921,63.00572260088853,73.1762392856737,62.94041757523391,66.875,65.0
819.0,69.59502974105642,63.00569842034191,73.1762392856737,62.94041757523391,66.875,65.0
820.0,69.59508976220009,63.00567422825328,73.1762392856737,62.94041757523391,66.875,65.0
821.0,69.59514967125759,63.00565002495529,73.1762392856737,62.94041757523391,66.875,65.0
822.0,69.59520946858466,63.00562581077707,73.1762392856737,62.94041757523391,66.875,65.0
823.0,69.59526915453542,63.0056015860443,73.1762392856737,62.94041757523391,66.875,65.0
824.0,69.5953287294626,63.005577351079204,73.1762392856737,62.94041757523391,66.875,65.0
825.0,69.59538819371711,63.005553106200615,73.1762392856737,62.94041757523391,66.875,65.0
826.0,69.59544754764823,63.005528851724016,73.1762392856737,62.94041757523391,66.875,65.0
827.0,69.59550679160388,63.005504587961546,73.1762392856737,62.94041757523391,66.875,65.0
828.0,69.59556592593027,63.00548031522206,73.1762392856737,62.94041757523391,66.875,65.0
829.0,69.59562495097218,63.00545603381116,73.1762392856737,62.94041757523391,66.875,65.0
830.0,69.59568386707254,63.00543174403122,73.1762392856737,62.94041757523391,66.875,65.0
831.0,69.59574267457309,63.005407446181444,73.1762392856737,62.94041757523391,66.875,65.0
832.0,69.59580137381397,63.00538314055785,73.1762392856737,62.94041757523391,66.875,65.0
833.0,69.59585996513353,63.005358827453385,73.1762392856737,62.94041757523391,66.875,65.0
834.0,69.59591844886891,63.00533450715784,73.1762392856737,62.94041757523391,66.875,65.0
835.0,69.59597682535565,63.00531017995801,73.1762392856737,62.94041757523391,66.875,65.0
836.0,69.59603509492773,63.005285846137646,73.1762392856737,62.94041757523391,66.875,65.0
837.0,69.59609325791773,63.00526150597751,73.1762392856737,62.94041757523391,66.875,65.0
838.0,69.59615131465675,63.00523715975539,73.1762392856737,62.94041757523391,66.875,65.0
839.0,69.59620926547423,63.005212807746155,73.1762392856737,62.94041757523391,66.875,65.0
840.0,69.59626711069848,63.00518845022179,73.1762392856737,62.94041757523391,66.875,65.0
841.0,69.59632485065599,63.00516408745139,73.1762392856737,62.94041757523391,66.875,65.0
842.0,69.59638248567225,63.00513971970122,73.1762392856737,62.94041757523391,66.875,65.0
843.0,69.59644001607084,63.00511534723474,73.1762392856737,62.94041757523391,66.875,65.0
844.0,69.59649744217437,63.005090970312615,73.1762392856737,62.94041757523391,66.875,65.0
845.0,69.59655476430352,63.0050665891928,73.1762392856737,62.94041757523391,66.875,65.0
846.0,69.59661198277793,63.00504220413048,73.1762392856737,62.94041757523391,66.875,65.0
847.0,69.59666909791589,63.005017815378174,73.1762392856737,62.94041757523391,66.875,65.0
848.0,69.59672611003401,63.00499342318572,73.1762392856737,62.94041757523391,66.875,65.0
849.0,69.59678301944761,63.00496902780034,73.1762392856737,62.94041757523391,66.875,65.0
850.0,69.59683982647087,63.00494462946664,73.1762392856737,62.94041757523391,66.875,65.0
851.0,69.5968965314163,63.00492022842662,73.1762392856737,62.94041757523391,66.875,65.0
852.0,69.59695313459501,63.00489582491974,73.1762392856737,62.94041757523391,66.875,65.0
853.0,69.59700963631711,63.00487141918294,73.1762392856737,62.94041757523391,66.875,65.0
854.0,69.59706603689098,63.00484701145064,73.1762392856737,62.94041757523391,66.875,65.0
855.0,69.59712233662393,63.0048226019548,73.1762392856737,62.94041757523391,66.875,65.0
856.0,69.59717853582177,63.00479819092488,73.1762392856737,62.94041757523391,66.875,65.0
857.0,69.59723463478913,63.00477377858798,73.1762392856737,62.94041757523391,66.875,65.0
858.0,69.59729063382922,63.004749365168756,73.1762392856737,62.94041757523391,66.875,65.0
859.0,69.59734653324399,63.0047249508895,73.1762392856737,62.94041757523391,66.875,65.0
860.0,69.59740233333396,63.00470053597013,73.1762392856737,62.94041757523391,66.875,65.0
861.0,69.59745803439856,63.00467612062826,73.1762392856737,62.94041757523391,66.875,65.0
862.0,69.59751363673575,63.00465170507919,73.1762392856737,62.94041757523391,66.875,65.0
863.0,69.59756914064245,63.00462728953594,73.1762392856737,62.94041757523391,66.875,65.0
864.0,69.59762454641397,63.00460287420927,73.1762392856737,62.94041757523391,66.875,65.0
865.0,69.59767985434456,63.0045784593077,73.1762392856737,62.94041757523391,66.875,65.0
866.0,69.59773506472729,63.00455404503754,73.1762392856737,62.94041757523391,66.875,65.0
867.0,69.59779017785381,63.004529631602914,73.1762392856737,62.94041757523391,66.875,65.0
868.0,69.59784519401465,63.00450521920578,73.1762392856737,62.94041757523391,66.875,65.0
869.0,69.59790011349891,63.00448080804596,73.1762392856737,62.94041757523391,66.875,65.0
870.0,69.59795493659472,63.00445639832111,73.1762392856737,62.94041757523391,66.875,65.0
871.0,69.59800966358871,63.00443199022684,73.1762392856737,62.94041757523391,66.875,65.0
872.0,69.59806429476652,63.004407583956635,73.1762392856737,62.94041757523391,66.875,65.0
873.0,69.59811883041259,63.00438317970196,73.1762392856737,62.94041757523391,66.875,65.0
874.0,69.59817327080997,63.00435877765219,73.1762392856737,62.94041757523391,66.875,65.0
875.0,69.59822761624055,63.004334377994745,73.1762392856737,62.94041757523391,66.875,65.0
876.0,69.59828186698539,63.004309980915,73.1762392856737,62.94041757523391,66.875,65.0
877.0,69.59833602332365,63.00428558659636,73.1762392856737,62.94041757523391,66.875,65.0
878.0,69.59839008553398,63.00426119522029,73.1762392856737,62.94041757523391,66.875,65.0
879.0,69.59844405389356,63.00423680696631,73.1762392856737,62.94041757523391,66.875,65.0
880.0,69.59849792867838,63.00421242201202,73.1762392856737,62.94041757523391,66.875,65.0
881.0,69.59855171016352,63.00418804053311,73.1762392856737,62.94041757523391,66.875,65.0
882.0,69.59860539862264,63.00416366270341,73.1762392856737,62.94041757523391,66.875,65.0
883.0,69.59865899432825,63.004139288694894,73.1762392856737,62.94041757523391,66.875,65.0
884.0,69.59871249755189,63.004114918677665,73.1762392856737,62.94041757523391,66.875,65.0
885.0,69.59876590856395,63.00409055282003,73.1762392856737,62.94041757523391,66.875,65.0
886.0,69.59881922763365,63.00406619128847,73.1762392856737,62.94041757523391,66.875,65.0
887.0,69.59887245502905,63.00404183424771,73.1762392856737,62.94041757523391,66.875,65.0
888.0,69.59892559101714,63.00401748186065,73.1762392856737,62.94041757523391,66.875,65.0
889.0,69.59897863586367,63.0039931342885,73.1762392856737,62.94041757523391,66.875,65.0
890.0,69.59903158983359,63.00396879169072,73.1762392856737,62.94041757523391,66.875,65.0
891.0,69.59908445319049,63.00394445422503,73.1762392856737,62.94041757523391,66.875,65.0
892.0,69.59913722619697,63.003920122047454,73.1762392856737,62.94041757523391,66.875,65.0
893.0,69.59918990911459,63.00389579531238,73.1762392856737,62.94041757523391,66.875,65.0
894.0,69.59924250220351,63.003871474172456,73.1762392856737,62.94041757523391,66.875,65.0
895.0,69.59929500572332,63.00384715877876,73.1762392856737,62.94041757523391,66.875,65.0
896.0,69.59934741993234,63.00382284928066,73.1762392856737,62.94041757523391,66.875,65.0
897.0,69.59939974508764,63.00379854582599,73.1762392856737,62.94041757523391,66.875,65.0
898.0,69.59945198144548,63.00377424856089,73.1762392856737,62.94041757523391,66.875,65.0
899.0,69.59950412926091,63.00374995763001,73.1762392856737,62.94041757523391,66.875,65.0
900.0,69.599556188788,63.00372567317637,73.1762392856737,62.94041757523391,66.875,65.0
901.0,69.59960816027984,63.003701395341466,73.1762392856737,62.94041757523391,66.875,65.0
902.0,69.59966004398844,63.00367712426523,73.1762392856737,62.94041757523391,66.875,65.0
903.0,69.59971184016473,63.003652860086106,73.1762392856737,62.94041757523391,66.875,65.0
904.0,69.59976354905866,63.003628602941,73.1762392856737,62.94041757523391,66.875,65.0
905.0,69.59981517091909,63.00360435296535,73.1762392856737,62.94041757523391,66.875,65.0
906.0,69.5998667059941,63.003580110293086,73.1762392856737,62.94041757523391,66.875,65.0
907.0,69.59991815453044,63.003555875056726,73.1762392856737,62.94041757523391,66.875,65.0
908.0,69.59996951677427,63.003531647387284,73.1762392856737,62.94041757523391,66.875,65.0
909.0,69.60002079297021,63.003507427414384,73.1762392856737,62.94041757523391,66.875,65.0
910.0,69.60007198336238,63.003483215266186,73.1762392856737,62.94041757523391,66.875,65.0
911.0,69.60012308819377,63.0034590110695,73.1762392856737,62.94041757523391,66.875,65.0
912.0,69.60017410770621,63.003434814949685,73.1762392856737,62.94041757523391,66.875,65.0
913.0,69.60022504214076,63.00341062703077,73.1762392856737,62.94041757523391,66.875,65.0
914.0,69.60027589173751,63.00338644743538,73.1762392856737,62.94041757523391,66.875,65.0
915.0,69.60032665673542,63.00336227628484,73.1762392856737,62.94041757523391,66.875,65.0
916.0,69.60037733737268,63.00333811369907,73.1762392856737,62.94041757523391,66.875,65.0
917.0,69.60042793388637,63.00331395979672,73.1762392856737,62.94041757523391,66.875,65.0
918.0,69.60047844651258,63.00328981469511,73.1762392856737,62.94041757523391,66.875,65.0
919.0,69.60052887548686,63.00326567851025,73.1762392856737,62.94041757523391,66.875,65.0
920.0,69.6005792210433,63.00324155135689,73.1762392856737,62.94041757523391,66.875,65.0
921.0,69.6006294834154,63.003217433348475,73.1762392856737,62.94041757523391,66.875,65.0
922.0,69.60067966283553,63.0031933245972,73.1762392856737,62.94041757523391,66.875,65.0
923.0,69.60072975953527,63.00316922521403,73.1762392856737,62.94041757523391,66.875,65.0
924.0,69.60077977374526,63.003145135308664,73.1762392856737,62.94041757523391,66.875,65.0
925.0,69.60082970569523,63.0031210549896,73.1762392856737,62.94041757523391,66.875,65.0
926.0,69.60087955561373,63.0030969843641,73.1762392856737,62.94041757523391,66.875,65.0
927.0,69.600929323729,63.00307292353826,73.1762392856737,62.94041757523391,66.875,65.0
928.0,69.60097901026774,63.00304887261695,73.1762392856737,62.94041757523391,66.875,65.0
929.0,69.60102861545616,63.003024831703904,73.1762392856737,62.94041757523391,66.875,65.0
930.0,69.60107813951937,63.00300080090164,73.1762392856737,62.94041757523391,66.875,65.0
931.0,69.60112758268176,63.00297678031154,73.1762392856737,62.94041757523391,66.875,65.0
932.0,69.60117694516667,63.002952770033865,73.1762392856737,62.94041757523391,66.875,65.0
933.0,69.60122622719682,63.00292877016775,73.1762392856737,62.94041757523391,66.875,65.0
934.0,69.60127542899369,63.00290478081113,73.1762392856737,62.94041757523391,66.875,65.0
935.0,69.60132455077819,63.002880802060936,73.1762392856737,62.94041757523391,66.875,65.0
936.0,69.60137359277014,63.00285683401293,73.1762392856737,62.94041757523391,66.875,65.0
937.0,69.60142255518896,63.00283287676181,73.1762392856737,62.94041757523391,66.875,65.0
938.0,69.60147143825237,63.00280893040118,73.1762392856737,62.94041757523391,66.875,65.0
939.0,69.60152024217827,63.002784995023596,73.1762392856737,62.94041757523391,66.875,65.0
940.0,69.60156896718273,63.00276107072054,73.1762392856737,62.94041757523391,66.875,65.0
941.0,69.60161761348174,63.002737157582466,73.1762392856737,62.94041757523391,66.875,65.0
942.0,69.60166618129006,63.00271325569876,73.1762392856737,62.94041757523391,66.875,65.0
943.0,69.60171467082174,63.00268936515783,73.1762392856737,62.94041757523391,66.875,65.0
944.0,69.60176308228985,63.00266548604699,73.1762392856737,62.94041757523391,66.875,65.0
945.0,69.60181141590691,63.002641618452635,73.1762392856737,62.94041757523391,66.875,65.0
946.0,69.60185967188424,63.00261776246011,73.1762392856737,62.94041757523391,66.875,65.0
947.0,69.60190785043274,63.00259391815377,73.1762392856737,62.94041757523391,66.875,65.0
948.0,69.60195595176228,63.002570085617,73.1762392856737,62.94041757523391,66.875,65.0
949.0,69.60200397608197,63.00254626493225,73.1762392856737,62.94041757523391,66.875,65.0
950.0,69.60205192360016,63.00252245618094,73.1762392856737,62.94041757523391,66.875,65.0
951.0,69.6020997945242,63.0024986594436,73.1762392856737,62.94041757523391,66.875,65.0
952.0,69.60214758906093,63.00247487479981,73.1762392856737,62.94041757523391,66.875,65.0
953.0,69.6021953074161,63.00245110232819,73.1762392856737,62.94041757523391,66.875,65.0
954.0,69.60224294979498,63.00242734210644,73.1762392856737,62.94041757523391,66.875,65.0
955.0,69.60229051640191,63.00240359421138,73.1762392856737,62.94041757523391,66.875,65.0
956.0,69.60233800744027,63.00237985871889,73.1762392856737,62.94041757523391,66.875,65.0
957.0,69.60238542311302,63.002356135703984,73.1762392856737,62.94041757523391,66.875,65.0
958.0,69.60243276362196,63.00233242524073,73.1762392856737,62.94041757523391,66.875,65.0
959.0,69.60248002916852,63.00230872740241,73.1762392856737,62.94041757523391,66.875,65.0
960.0,69.60252721995307,63.00228504226133,73.1762392856737,62.94041757523391,66.875,65.0
961.0,69.60257433617542,63.002261369889005,73.1762392856737,62.94041757523391,66.875,65.0
962.0,69.60262137803427,63.00223771035608,73.1762392856737,62.94041757523391,66.875,65.0
963.0,69.60266834572816,63.00221406373233,73.1762392856737,62.94041757523391,66.875,65.0
964.0,69.60271523945427,63.00219043008672,73.1762392856737,62.94041757523391,66.875,65.0
965.0,69.60276205940932,63.00216680948736,73.1762392856737,62.94041757523391,66.875,65.0
966.0,69.60280880578938,63.00214320200157,73.1762392856737,62.94041757523391,66.875,65.0
967.0,69.60285547878959,63.00211960769582,73.1762392856737,62.94041757523391,66.875,65.0
968.0,69.6029020786044,63.002096026635776,73.1762392856737,62.94041757523391,66.875,65.0
969.0,69.6029486054277,63.002072458886346,73.1762392856737,62.94041757523391,66.875,65.0
970.0,69.60299505945241,63.002048904511604,73.1762392856737,62.94041757523391,66.875,65.0
971.0,69.60304144087065,63.00202536357486,73.1762392856737,62.94041757523391,66.875,65.0
972.0,69.60308774987438,63.002001836138625,73.1762392856737,62.94041757523391,66.875,65.0
973.0,69.60313398665407,63.001978322264684,73.1762392856737,62.94041757523391,66.875,65.0
974.0,69.60318015140007,63.00195482201401,73.1762392856737,62.94041757523391,66.875,65.0
975.0,69.60322624430181,63.00193133544686,73.1762392856737,62.94041757523391,66.875,65.0
976.0,69.6032722655479,63.00190786262271,73.1762392856737,62.94041757523391,66.875,65.0
977.0,69.60331821532652,63.00188440360034,73.1762392856737,62.94041757523391,66.875,65.0
978.0,69.60336409382485,63.00186095843776,73.1762392856737,62.94041757523391,66.875,65.0
979.0,69.60340990122957,63.001837527192265,73.1762392856737,62.94041757523391,66.875,65.0
980.0,69.60345563772655,63.001814109920424,73.1762392856737,62.94041757523391,66.875,65.0
981.0,69.60350130350112,63.001790706678115,73.1762392856737,62.94041757523391,66.875,65.0
982.0,69.60354689873769,63.00176731752049,73.1762392856737,62.94041757523391,66.875,65.0
983.0,69.60359242362031,63.001743942502,73.1762392856737,62.94041757523391,66.875,65.0
984.0,69.60363787833218,63.00172058167644,73.1762392856737,62.94041757523391,66.875,65.0
985.0,69.60368326305546,63.001697235096856,73.1762392856737,62.94041757523391,66.875,65.0
986.0,69.60372857797236,63.00167390281567,73.1762392856737,62.94041757523391,66.875,65.0
987.0,69.60377382326394,63.00165058488461,73.1762392856737,62.94041757523391,66.875,65.0
988.0,69.6038189991106,63.001627281354736,73.1762392856737,62.94041757523391,66.875,65.0
989.0,69.60386410569214,63.001603992276465,73.1762392856737,62.94041757523391,66.875,65.0
990.0,69.60390914318802,63.00158071769952,73.1762392856737,62.94041757523391,66.875,65.0
991.0,69.60395411177647,63.00155745767302,73.1762392856737,62.94041757523391,66.875,65.0
992.0,69.60399901163544,63.001534212245424,73.1762392856737,62.94041757523391,66.875,65.0
993.0,69.60404384294215,63.00151098146457,73.1762392856737,62.94041757523391,66.875,65.0
