"tick","donation-normed-small","donation-small","donation-valued-small"
1.0,17.946428571428573,49.994625,50.0
2.0,17.946428571428573,49.988749999999996,50.0
3.0,17.946428571428573,49.983124999999994,50.0
4.0,17.946428571428573,49.9775,50.0
5.0,17.946428571428573,49.97508529899544,50.0
6.0,17.946428571428573,49.92951672092086,50.0
7.0,17.946428571428573,49.80564848319202,50.0
8.0,17.946428571428573,49.468939703450474,50.0
9.0,17.946428571428573,48.553670345996395,50.0
10.0,17.946428571428573,46.153781183844714,50.0
11.0,17.946428571428573,46.071001313249916,50.0
12.0,17.946428571428573,45.99879763209582,50.0
13.0,17.946428571428573,45.93509430188346,50.0
14.0,17.946428571428573,45.878344485757395,50.00000000000001
15.0,17.946428571428573,45.82736875482777,49.99999999999999
16.0,17.946428571428573,45.78125000000001,50.00000000000001
17.0,17.946428571428573,45.739262890829366,49.99999999999999
18.0,17.946428571428573,45.70082521472479,50.00000000000001
19.0,17.946428571428573,45.665463503021904,49.99999999999999
20.0,17.946428571428573,45.63278823734363,50.00000000000001
21.0,17.946428571428573,45.60247563257745,49.99999999999999
22.0,17.946428571428573,45.57425402950032,50.00000000000001
23.0,17.946428571428573,45.547893579071044,49.99999999999999
24.0,17.946428571428573,45.52319831692962,50.00000000000001
25.0,17.946428571428573,45.49999999999999,49.99999999999999
26.0,17.946428571428573,45.4781532601523,50.00000000000001
27.0,17.946428571428573,45.45753175473054,49.99999999999999
28.0,17.946428571428573,45.438025080338456,50.00000000000001
29.0,17.946428571428573,45.41953627724591,49.99999999999999
30.0,17.946428571428573,45.40197979532219,50.00000000000001
31.0,17.946428571428573,45.3852798239006,49.99999999999999
32.0,17.946428571428573,45.369368911043594,50.00000000000001
33.0,17.946428571428573,45.3541868147508,49.99999999999999
34.0,17.946428571428573,45.33967954142662,50.00000000000001
35.0,17.946428571428573,45.32579853656957,49.99999999999999
36.0,17.946428571428573,45.31250000000001,50.00000000000001
37.0,17.946428571428573,45.299744303592625,49.99999999999999
38.0,17.946428571428573,45.28749549386055,50.00000000000001
39.0,17.946428571428573,45.27572086515361,49.99999999999999
40.0,17.946428571428573,45.264390591922364,50.00000000000001
41.0,17.946428571428573,45.253477410623404,49.99999999999999
42.0,17.946428571428573,45.242956343536775,50.00000000000001
43.0,17.946428571428573,45.232804458120896,49.99999999999999
44.0,17.946428571428573,45.22300065662496,50.00000000000001
45.0,17.946428571428573,45.213525491562415,49.99999999999999
46.0,17.946428571428573,45.204361003371304,50.00000000000001
47.0,17.946428571428573,45.19549057717565,49.99999999999999
48.0,17.946428571428573,45.186898816047915,50.00000000000001
49.0,17.946428571428573,45.17857142857142,49.99999999999999
50.0,17.946428571428573,45.17049512883487,50.00000000000001
51.0,17.946428571428573,45.162657547265745,49.99999999999999
52.0,39.97068800334752,45.15504715094173,50.00000000000001
53.0,44.18302576769502,45.15442743164329,49.99999999999999
54.0,44.18302576769502,45.15847640124793,50.0
55.0,44.18302576769502,45.1627222990956,50.0
56.0,44.18302576769502,45.16715629389941,50.00000000000001
57.0,44.18302576769502,45.16790389493289,50.0
58.0,44.18302576769502,45.21824754337363,50.0
59.0,44.18302576769502,45.397287343170966,50.0
60.0,44.18302576769502,45.89492701489457,50.0
61.0,44.18302576769502,47.258333265931256,50.0
62.0,44.18302576769502,56.102691127509914,50.0
63.0,44.18302576769502,56.23403570408298,49.99999999999999
64.0,44.18302576769502,56.34859932758299,50.0
65.0,44.18302576769502,56.44967567468183,50.0
66.0,44.18302576769502,56.53971906948446,50.0
67.0,44.18302576769502,56.62060087983696,50.0
68.0,44.18302576769502,56.69377625787763,50.0
69.0,44.18302576769502,56.76039606575988,50.0
70.0,44.18302576769502,56.82138408441871,50.0
71.0,44.18302576769502,56.877491553748385,50.0
72.0,44.18302576769502,56.92933651199836,50.0
73.0,44.18302576769502,56.97743270022905,50.0
74.0,44.18302576769502,57.02221115276525,50.00000000000001
75.0,44.18302576769502,57.06403656484948,49.99999999999999
76.0,44.18302576769502,57.10321986781942,50.00000000000001
77.0,44.18302576769502,57.14002800840281,49.99999999999999
78.0,44.18302576769502,57.17469163827057,50.00000000000001
79.0,44.18302576769502,57.20741122188982,49.99999999999999
80.0,44.18302576769502,57.23836193333657,50.00000000000001
81.0,44.18302576769502,57.26769761598602,49.99999999999999
82.0,44.18302576769502,57.29555400991146,50.00000000000001
83.0,44.18302576769502,57.32205140184247,49.99999999999999
84.0,44.18302576769502,57.34729681593991,50.00000000000001
85.0,44.18302576769502,57.37138583655252,49.99999999999999
86.0,44.18302576769502,57.39440413385479,50.00000000000001
87.0,44.18302576769502,57.4164287479579,49.99999999999999
88.0,44.18302576769502,57.437529175419584,50.00000000000001
89.0,44.18302576769502,57.45776829311186,49.99999999999999
90.0,44.18302576769502,57.477203147457814,50.00000000000001
91.0,44.18302576769502,57.49588563162581,49.99999999999999
92.0,44.18302576769502,57.51386306900671,50.00000000000001
93.0,44.18302576769502,57.53117871792565,49.99999999999999
94.0,44.18302576769502,57.54787220985386,50.00000000000001
95.0,44.18302576769502,57.56397993123327,49.99999999999999
96.0,44.18302576769502,57.57953535729324,50.00000000000001
97.0,44.18302576769502,57.5945693448334,49.99999999999999
98.0,44.18302576769502,57.609110389803924,50.00000000000001
99.0,44.18302576769502,57.62318485457799,49.99999999999999
100.0,44.18302576769502,57.63681716904324,50.00000000000001
101.0,44.18302576769502,57.650030009003004,49.99999999999999
102.0,44.18302576769502,57.66284445485263,50.00000000000001
103.0,46.46302435791674,57.67528013305743,49.99999999999999
104.0,46.46302435791674,57.68320676975433,50.00000000000001
105.0,46.46302435791674,57.69079002252225,50.0
106.0,46.46302435791674,57.698045863532386,50.0
107.0,46.46302435791674,57.704989243837886,50.0
108.0,46.46302435791674,57.71400184855165,50.0
109.0,46.46302435791674,57.69090213040928,50.0
110.0,46.46302435791674,57.60978158035341,50.0
111.0,46.46302435791674,57.3714246759241,50.0
112.0,46.46302435791674,56.70611502643261,50.0
113.0,53.85598495211197,54.94562245694652,50.0
114.0,53.85598495211197,54.89790288968827,50.0
115.0,53.85598495211197,54.857762322089414,50.0
116.0,53.85598495211197,54.82367844792434,50.0
117.0,53.85598495211197,54.794518643487926,50.0
118.0,53.85598495211197,54.76709255595266,50.0
119.0,53.85598495211197,54.774356705666904,50.0
120.0,53.85598495211197,54.84127255105322,50.0
121.0,53.85598495211197,55.06499289441823,50.0
122.0,53.85598495211197,55.710412739697084,50.0
123.0,53.85598495211197,57.434368879686566,50.0
124.0,53.85598495211197,57.47942990272378,50.0
125.0,53.85598495211197,57.51821052911955,50.0
126.0,53.85598495211197,57.55205189772255,50.0
127.0,53.85598495211197,57.58193623892265,50.0
128.0,53.85598495211197,57.6085995389209,50.0
129.0,53.85598495211197,57.632604193799374,50.0
130.0,53.85598495211197,57.65438734268322,50.0
131.0,53.85598495211197,57.67429389426858,50.0
132.0,53.85598495211197,57.6925996266231,50.0
133.0,53.85598495211197,57.70952767855393,50.0
134.0,53.85598495211197,57.725260539030366,50.0
135.0,53.85598495211197,57.7399489062867,50.0
136.0,53.85598495211197,57.75371833014067,50.0
137.0,53.85598495211197,57.766674258398396,50.0
138.0,53.85598495211197,57.77890591707644,50.0
139.0,53.85598495211197,57.79048932682731,50.0
140.0,53.85598495211197,57.801489671572014,50.0
141.0,53.85598495211197,57.811963175773904,50.0
142.0,53.85598495211197,57.82195860508632,50.0
143.0,53.85598495211197,57.83151847550796,50.0
144.0,53.85598495211197,57.840680034899414,50.0
145.0,53.85598495211197,57.84947606523572,50.0
146.0,53.85598495211197,57.857935542584286,50.0
147.0,53.85598495211197,57.866084183339446,50.0
148.0,53.85598495211197,57.87394489889848,50.0
149.0,53.85598495211197,57.881538176163154,50.0
150.0,53.85598495211197,57.8888823975842,50.0
151.0,53.85598495211197,57.89599411164848,50.0
152.0,53.85598495211197,57.9028882625225,50.0
153.0,53.85598495211197,57.909578385862446,50.0
154.0,53.85598495211197,57.9160767764606,50.0
155.0,53.85598495211197,57.92239463234051,50.0
156.0,53.85598495211197,57.928542179070504,50.0
157.0,53.85598495211197,57.9345287773934,50.0
158.0,53.85598495211197,57.94036301672786,50.0
159.0,53.85598495211197,57.946052796660844,50.0
160.0,53.85598495211197,57.9516053981946,50.0
161.0,53.85598495211197,57.957027546222946,50.0
162.0,53.85598495211197,57.962325464473665,50.0
163.0,53.85598495211197,57.96750492395881,50.0
164.0,53.85598495211197,57.97257128581375,50.0
165.0,53.85598495211197,57.977529539271416,50.0
166.0,53.85598495211197,57.98238433540705,50.0
167.0,53.85598495211197,57.98714001719613,50.0
168.0,53.85598495211197,57.99180064634923,50.0
169.0,53.85598495211197,57.99637002732275,50.0
170.0,53.85598495211197,58.000851728848616,50.0
171.0,53.85598495211197,58.00524910327935,50.0
172.0,53.85598495211197,58.00956530400491,50.0
173.0,53.85598495211197,58.01380330116386,50.0
174.0,53.85598495211197,58.017965895842885,50.0
175.0,53.85598495211197,58.022055732932856,50.0
176.0,53.85598495211197,58.02607531278993,50.0
177.0,53.85598495211197,58.030027001830035,50.0
178.0,53.85598495211197,58.033913042171,50.0
179.0,53.85598495211197,58.0377355604218,50.0
180.0,53.85598495211197,58.041496575706915,50.0
181.0,53.85598495211197,58.045198007003776,50.0
182.0,53.85598495211197,58.04884167986181,50.0
183.0,53.85598495211197,58.0524293325643,50.0
184.0,53.85598495211197,58.05596262178703,50.0
185.0,53.85598495211197,58.059443127802055,50.0
186.0,53.85598495211197,58.06287235926949,50.0
187.0,53.85598495211197,58.066251757655536,50.0
188.0,53.85598495211197,58.06958270131141,50.0
189.0,53.85598495211197,58.07286650924338,50.0
190.0,53.85598495211197,58.07610444460179,50.0
191.0,53.85598495211197,58.0792977179136,50.0
192.0,53.85598495211197,58.08244749008112,50.0
193.0,53.85598495211197,58.08555487516637,50.0
194.0,53.85598495211197,58.08862094297958,50.0
195.0,53.85598495211197,58.091646721488154,50.0
196.0,53.85598495211197,58.09463319906074,50.0
197.0,53.85598495211197,58.09758132655979,50.0
198.0,53.85598495211197,58.100492019295,50.0
199.0,53.85598495211197,58.1033661588483,50.0
200.0,53.85598495211197,58.106204594780785,50.0
201.0,53.85598495211197,58.10900814623037,50.0
202.0,53.85598495211197,58.11177760340887,50.0
203.0,53.85598495211197,58.11451372900565,50.0
204.0,53.85598495211197,58.11721725950523,50.0
205.0,53.85598495211197,58.119888906424855,50.0
206.0,53.85598495211197,58.12252935747796,50.0
207.0,53.85598495211197,58.1251392776688,50.0
208.0,53.85598495211197,58.12771931032336,50.0
209.0,53.85598495211197,58.130270078060505,50.0
210.0,53.85598495211197,58.13279218370808,50.0
211.0,53.85598495211197,58.135286211167305,50.0
212.0,53.85598495211197,58.13775272622922,50.0
213.0,53.85598495211197,58.140192277346216,50.0
214.0,53.85598495211197,58.14260539636176,50.0
215.0,53.85598495211197,58.14499259920096,50.0
216.0,53.85598495211197,58.147354386524434,50.0
217.0,53.85598495211197,58.149691244348176,50.0
218.0,53.85598495211197,58.15200364463097,50.0
219.0,53.85598495211197,58.15429204583211,50.0
220.0,53.85598495211197,58.15655689344048,50.0
221.0,53.85598495211197,58.15879862047755,50.0
222.0,53.85598495211197,58.16101764797512,50.0
223.0,53.85598495211197,58.16321438542995,49.99999999999999
224.0,53.85598495211197,58.16538923123619,50.0
225.0,53.85598495211197,58.16754257309717,50.0
226.0,53.85598495211197,58.16967478841768,50.0
227.0,53.85598495211197,58.17178624467781,50.0
228.0,53.85598495211197,58.1738772997895,50.0
229.0,53.85598495211197,58.17594830243669,50.0
230.0,53.85598495211197,58.17799959239993,50.0
231.0,53.85598495211197,58.18003150086663,50.0
232.0,53.85598495211197,58.18204435072719,50.0
233.0,53.85598495211197,58.18403845685831,50.0
234.0,53.85598495211197,58.18601412639381,50.0
235.0,53.85598495211197,58.18797165898384,50.0
236.0,53.85598495211197,58.18991134704294,50.0
237.0,53.85598495211197,58.191833475987565,50.0
238.0,53.85598495211197,58.19373832446373,50.0
239.0,53.85598495211197,58.195626164565184,50.0
240.0,53.85598495211197,58.19749726204246,50.0
241.0,53.85598495211197,58.199351876503655,50.0
242.0,53.85598495211197,58.20119026160679,50.0
243.0,53.85598495211197,58.203012665244785,50.0
244.0,53.85598495211197,58.20481932972284,50.0
245.0,53.85598495211197,58.20661049192897,50.0
246.0,53.85598495211197,58.20838638349795,50.00000000000001
247.0,53.85598495211197,58.210147230968765,50.0
248.0,53.85598495211197,58.211893255936175,50.0
249.0,53.85598495211197,58.213624675196456,50.0
250.0,53.85598495211197,58.21534170088771,50.0
251.0,53.85598495211197,58.21704454062499,50.0
252.0,53.85598495211197,58.21873339763018,50.0
253.0,53.85598495211197,58.220408470857514,50.0
254.0,53.85598495211197,58.22206995511416,50.0
255.0,53.85598495211197,58.223718041176696,50.0
256.0,53.85598495211197,58.225352915903365,50.0
257.0,53.85598495211197,58.226974762342216,50.0
258.0,53.85598495211197,58.22858375983568,50.0
259.0,53.85598495211197,58.2301800841213,50.0
260.0,53.85598495211197,58.23176390742909,50.0
261.0,53.85598495211197,58.23333539857547,50.0
262.0,53.85598495211197,58.23489472305405,50.0
263.0,53.85598495211197,58.236442043123404,50.0
264.0,53.85598495211197,58.237977517891714,50.0
265.0,53.85598495211197,58.23950130339881,50.0
266.0,53.85598495211197,58.24101355269536,50.0
267.0,53.85598495211197,58.24251441591953,50.0
268.0,53.85598495211197,58.244004040371124,50.0
269.0,53.85598495211197,58.24548257058334,50.0
270.0,53.85598495211197,58.24695014839216,50.0
271.0,53.85598495211197,58.24840691300373,50.0
272.0,53.85598495211197,58.24985300105931,50.0
273.0,53.85598495211197,58.251288546698426,50.0
274.0,53.85598495211197,58.25271368162,50.0
275.0,53.85598495211197,58.25412853514155,50.0
276.0,53.85598495211197,58.255533234256504,50.0
277.0,53.85598495211197,58.256927903689984,50.0
278.0,53.85598495211197,58.25831266595266,50.0
279.0,53.85598495211197,58.259687641393114,50.0
280.0,53.85598495211197,58.26105294824866,50.0
281.0,53.85598495211197,58.262408702694565,50.0
282.0,53.85598495211197,58.26375501889182,50.0
283.0,53.85598495211197,58.26509200903367,50.0
284.0,53.85598495211197,58.26641978339056,50.0
285.0,53.85598495211197,58.267738450353946,50.0
286.0,53.85598495211197,58.26904811647878,50.00000000000001
287.0,53.85598495211197,58.27034888652482,50.0
288.0,53.85598495211197,58.27164086349675,50.0
289.0,53.85598495211197,58.272924148683124,50.0
290.0,53.85598495211197,58.27419884169431,50.0
291.0,53.85598495211197,58.27546504049927,49.99999999999999
292.0,53.85598495211197,58.27672284146149,50.0
293.0,53.85598495211197,58.27797233937368,50.0
294.0,53.85598495211197,58.27921362749174,50.0
295.0,53.85598495211197,58.28044679756774,50.0
296.0,53.85598495211197,58.281671939881946,50.0
297.0,53.85598495211197,58.282889143274055,50.0
298.0,53.85598495211197,58.28409849517358,50.0
299.0,53.85598495211197,58.28530008162941,50.0
300.0,53.85598495211197,58.2864939873386,50.0
301.0,53.85598495211197,58.28768029567452,50.0
302.0,53.85598495211197,58.288859088713956,50.0
303.0,53.85598495211197,58.29003044726388,50.0
304.0,53.85598495211197,58.291194450887346,50.0
305.0,53.85598495211197,58.292351177928694,50.0
306.0,53.85598495211197,58.293500705538165,50.0
307.0,53.85598495211197,58.294643109695926,50.0
308.0,53.85598495211197,58.29577846523544,50.00000000000001
309.0,53.85598495211197,58.29690684586622,50.0
310.0,53.85598495211197,58.298028324196096,50.0
311.0,53.85598495211197,58.29914297175293,50.0
312.0,53.85598495211197,58.300250859005644,50.0
313.0,53.85598495211197,58.30135205538495,50.0
314.0,53.85598495211197,58.30244662930346,50.0
315.0,53.85598495211197,58.30353464817525,50.0
316.0,53.85598495211197,58.30461617843508,50.0
317.0,53.85598495211197,58.30569128555709,50.0
318.0,53.85598495211197,58.30676003407299,50.0
319.0,53.85598495211197,58.30782248758995,50.0
320.0,53.85598495211197,58.308878708808,50.0
321.0,53.85598495211197,58.30992875953696,50.0
322.0,53.85598495211197,58.310972700713045,50.0
323.0,53.85598495211197,58.31201059241509,50.0
324.0,53.85598495211197,58.313042493880424,50.0
325.0,53.85598495211197,58.3140684635202,50.0
326.0,53.85598495211197,58.3150885589346,50.0
327.0,53.85598495211197,58.316102836927634,50.0
328.0,53.85598495211197,58.317111353521454,50.0
329.0,53.85598495211197,58.31811416397058,50.0
330.0,53.85598495211197,58.3191113227755,50.0
331.0,53.85598495211197,58.320102883696414,50.0
332.0,53.85598495211197,58.32108889976615,50.0
333.0,53.85598495211197,58.322069423303205,50.0
334.0,53.85598495211197,58.32304450592428,50.0
335.0,53.85598495211197,58.32401419855661,50.0
336.0,53.85598495211197,58.324978551450045,50.0
337.0,53.85598495211197,58.32593761418879,50.0
338.0,53.85598495211197,58.32689143570294,50.0
339.0,53.85598495211197,58.32784006427985,50.0
340.0,53.85598495211197,58.32878354757507,50.0
341.0,53.85598495211197,58.32972193262323,50.0
342.0,53.85598495211197,58.3306552658485,50.0
343.0,53.85598495211197,58.33158359307511,50.0
344.0,53.85598495211197,58.332506959537376,50.0
345.0,53.85598495211197,58.33342540988963,50.0
346.0,53.85598495211197,58.334338988215904,50.0
347.0,53.85598495211197,58.33524773803954,50.0
348.0,53.85598495211197,58.336151702332394,50.0
349.0,53.85598495211197,58.337050923524075,50.0
350.0,53.85598495211197,58.33794544351072,50.0
351.0,53.85598495211197,58.33883530366389,50.0
352.0,53.85598495211197,58.339720544839075,50.0
353.0,53.85598495211197,58.34060120738409,50.0
354.0,53.85598495211197,58.34147733114732,50.00000000000001
355.0,53.85598495211197,58.342348955485775,50.0
356.0,53.85598495211197,58.34321611927301,50.0
357.0,53.85598495211197,58.344078860906826,50.0
358.0,53.85598495211197,58.34493721831692,50.0
359.0,53.85598495211197,58.34579122897227,50.0
360.0,53.85598495211197,58.34664092988844,50.0
361.0,53.85598495211197,58.347486357634736,50.0
362.0,53.85598495211197,58.34832754834125,50.0
363.0,53.85598495211197,58.349164537705654,50.0
364.0,53.85598495211197,58.34999736100002,50.0
365.0,53.85598495211197,58.350826053077355,50.0
366.0,53.85598495211197,58.35165064837813,50.0
367.0,53.85598495211197,58.352471180936696,50.0
368.0,53.85598495211197,58.353287684387354,50.0
369.0,53.85598495211197,58.3541001919706,50.0
370.0,53.85598495211197,58.354908736539144,50.0
371.0,53.85598495211197,58.35571335056369,50.0
372.0,53.85598495211197,58.356514066138814,50.0
373.0,53.85598495211197,58.35731091498859,50.0
374.0,53.85598495211197,58.35810392847215,50.0
375.0,53.85598495211197,58.35889313758911,50.0
376.0,53.85598495211197,58.35967857298506,50.0
377.0,53.85598495211197,58.36046026495669,50.0
378.0,53.85598495211197,58.361238243456945,50.0
379.0,53.85598495211197,58.36201253810022,49.99999999999999
380.0,53.85598495211197,58.36278317816723,50.0
381.0,53.85598495211197,58.36355019260992,50.0
382.0,53.85598495211197,58.36431361005631,50.0
383.0,53.85598495211197,58.3650734588151,50.0
384.0,53.85598495211197,58.365829766880395,50.0
385.0,53.85598495211197,58.366582561936255,50.0
386.0,53.85598495211197,58.367331871361024,50.0
387.0,53.85598495211197,58.368077722231874,50.0
388.0,53.85598495211197,58.36882014132901,50.0
389.0,53.85598495211197,58.36955915513996,50.0
390.0,53.85598495211197,58.370294789863635,50.0
391.0,53.85598495211197,58.37102707141452,50.0
392.0,53.85598495211197,58.371756025426635,50.0
393.0,53.85598495211197,58.37248167725744,50.0
394.0,53.85598495211197,58.373204051991785,50.0
395.0,53.85598495211197,58.37392317444566,50.0
396.0,53.85598495211197,58.3746390691699,50.0
397.0,53.85598495211197,58.375351760453995,50.0
398.0,53.85598495211197,58.37606127232954,50.0
399.0,53.85598495211197,58.376767628573894,50.0
400.0,53.85598495211197,58.37747085271362,50.0
401.0,53.85598495211197,58.378170968027916,50.0
402.0,53.85598495211197,58.378867997552035,50.0
403.0,53.85598495211197,58.37956196408057,50.0
404.0,53.85598495211197,58.380252890170674,50.0
405.0,53.85598495211197,58.38094079814532,50.0
406.0,53.85598495211197,58.381625710096465,50.0
407.0,53.85598495211197,58.382307647888105,50.0
408.0,53.85598495211197,58.38298663315933,50.0
409.0,53.85598495211197,58.38366268732733,50.0
410.0,53.85598495211197,58.3843358315904,50.0
411.0,53.85598495211197,58.38500608693073,50.0
412.0,53.85598495211197,58.38567347411733,50.0
413.0,53.85598495211197,58.38633801370888,50.0
414.0,53.85598495211197,58.38699972605635,50.0
415.0,53.85598495211197,58.387658631305875,50.0
416.0,53.85598495211197,58.388314749401296,50.00000000000001
417.0,53.85598495211197,58.38896810008691,49.99999999999999
418.0,53.85598495211197,58.38961870290996,50.0
419.0,53.85598495211197,58.390266577223215,50.0
420.0,53.85598495211197,58.390911742187505,50.0
421.0,53.85598495211197,58.391554216774125,50.0
422.0,53.85598495211197,58.39219401976735,50.0
423.0,53.85598495211197,58.39283116976674,50.0
424.0,53.85598495211197,58.39346568518948,50.0
425.0,53.85598495211197,58.39409758427284,50.0
426.0,53.85598495211197,54.16296066665982,50.0
427.0,53.85598495211197,54.163279513298654,50.0
428.0,53.85598495211197,54.163597026290105,50.0
429.0,53.85598495211197,54.16391321501824,50.0
430.0,53.85598495211197,54.164228088773676,50.0
431.0,53.85598495211197,54.16454165675479,50.0
432.0,53.85598495211197,54.16485392806904,50.0
433.0,53.85598495211197,54.16516491173395,50.0
434.0,53.85598495211197,54.165474616678395,50.0
435.0,53.85598495211197,54.1657830517437,50.0
436.0,53.85598495211197,54.16609022568474,50.0
437.0,53.85598495211197,54.16639614717101,50.0
438.0,53.85598495211197,54.1667008247878,50.0
439.0,53.85598495211197,54.16700426703719,50.0
440.0,53.85598495211197,54.167306482339086,50.0
441.0,53.85598495211197,54.16760747903227,50.0
442.0,53.85598495211197,54.16790726537547,50.0
443.0,53.85598495211197,54.16820584954828,50.0
444.0,53.85598495211197,54.168503239652146,50.0
445.0,53.85598495211197,54.16879944371142,50.0
446.0,53.85598495211197,54.1690944696742,50.0
447.0,53.85598495211197,54.16938832541339,50.0
448.0,53.85598495211197,54.1696810187275,50.0
449.0,53.85598495211197,54.16997255734166,50.0
450.0,53.85598495211197,54.170262948908466,50.0
451.0,53.85598495211197,54.170552201008874,50.0
452.0,53.85598495211197,54.17084032115307,50.0
453.0,53.85598495211197,54.17112731678135,50.0
454.0,53.85598495211197,54.17141319526489,50.0
455.0,53.85598495211197,54.17169796390671,50.0
456.0,53.85598495211197,54.171981629942344,50.0
457.0,53.85598495211197,54.17226420054076,50.0
458.0,53.85598495211197,54.17254568280511,50.0
459.0,53.85598495211197,54.17282608377351,50.0
460.0,53.85598495211197,54.173105410419815,50.0
461.0,53.85598495211197,54.17338366965443,50.0
462.0,53.85598495211197,54.173660868324944,50.0
463.0,53.85598495211197,54.17393701321701,50.0
464.0,53.85598495211197,54.17421211105496,50.00000000000001
465.0,53.85598495211197,54.1744861685026,50.0
466.0,53.85598495211197,54.174759192163854,50.0
467.0,53.85598495211197,54.175031188583525,50.0
468.0,53.85598495211197,54.17530216424791,50.0
469.0,53.85598495211197,54.17557212558555,50.0
470.0,53.85598495211197,54.17584107896787,50.0
471.0,53.85598495211197,54.17610903070978,50.0
472.0,53.85598495211197,54.176375987070436,50.0
473.0,53.85598495211197,54.17664195425378,50.0
474.0,53.85598495211197,54.17690693840923,50.0
475.0,53.85598495211197,54.17717094563227,50.0
476.0,53.85598495211197,54.17743398196505,50.0
477.0,54.85758751853073,54.1776960533971,50.0
478.0,54.85758751853073,54.18342128593739,50.0
479.0,54.85758751853073,54.18914556540013,50.0
480.0,54.85758751853073,54.194868897620196,50.0
481.0,54.85758751853073,54.20059128838212,50.0
482.0,54.85758751853073,54.203194261789136,50.0
483.0,54.85758751853073,54.24771594353484,50.0
484.0,54.85758751853073,54.368296921665454,50.0
485.0,54.85758751853073,54.6956300970149,50.0
486.0,54.85758751853073,55.584975597378275,50.0
487.0,54.85758751853073,57.91647856750124,50.0
488.0,54.85758751853073,57.997142699604765,50.0
489.0,54.85758751853073,58.0675322336226,50.0
490.0,54.85758751853073,58.129663642609536,50.0
491.0,54.85758751853073,58.18503952784223,49.99999999999999
492.0,54.85758751853073,58.23480559077691,50.0
493.0,54.85758751853073,58.279852715606445,49.99999999999999
494.0,54.85758751853073,58.3208854928676,50.0
495.0,54.85758751853073,58.35846948849638,50.0
496.0,54.85758751853073,58.3930646346309,50.0
497.0,54.85758751853073,54.17407542663467,50.0
498.0,54.85758751853073,54.20352687947809,50.0
499.0,54.85758751853073,54.23094708648908,50.0
500.0,54.85758751853073,54.25655932330261,50.0
501.0,54.85758751853073,54.2805539499984,50.0
502.0,54.85758751853073,54.30309439821942,50.0
503.0,54.85758751853073,54.32432187890056,50.0
504.0,54.85758751853073,54.34435912164232,50.0
505.0,54.85758751853073,54.36331337265707,50.0
506.0,54.85758751853073,54.38127881898619,50.0
507.0,54.85758751853073,54.398338564390954,50.0
508.0,54.85758751853073,54.41456625172058,50.0
509.0,54.85758751853073,54.43002740415709,50.0
510.0,54.85758751853073,54.44478054115068,50.0
511.0,54.85758751853073,54.45887811245175,50.0
512.0,54.85758751853073,54.472367284274426,50.0
513.0,54.85758751853073,54.48529060448406,50.0
514.0,54.85758751853073,54.49768656821111,50.0
515.0,54.85758751853073,54.50959010104102,50.0
516.0,54.85758751853073,54.52103297360861,50.0
517.0,54.85758751853073,54.532044158816994,50.0
518.0,54.85758751853073,54.54265014083425,50.0
519.0,54.85758751853073,54.55287518337715,50.0
520.0,54.85758751853073,54.56274156347354,50.0
521.0,54.85758751853073,54.57226977583288,50.0
522.0,54.85758751853073,54.581478712095,50.0
523.0,54.85758751853073,54.59038581852699,50.0
524.0,54.85758751853073,54.59900723516485,50.0
525.0,54.85758751853073,54.60735791892661,49.99999999999999
526.0,54.85758751853073,54.615451752833806,50.0
527.0,54.85758751853073,54.623301643157085,50.0
528.0,54.85758751853073,54.630919606032364,50.0
529.0,54.85758751853073,54.638316844870495,50.0
530.0,54.85758751853073,54.645503819695,50.0
531.0,54.85758751853073,54.652490309383936,50.0
532.0,54.85758751853073,54.65928546765879,50.0
533.0,54.85758751853073,54.66589787354904,50.0
534.0,54.85758751853073,54.67233557696576,50.0
535.0,54.85758751853073,54.67860613993413,50.0
536.0,54.85758751853073,54.68471667396591,50.0
537.0,54.85758751853073,54.690673873991386,50.0
538.0,54.85758751853073,54.69648404921892,50.0
539.0,54.85758751853073,54.702153151245895,50.0
540.0,54.85758751853073,54.70768679970545,50.0
541.0,54.85758751853073,54.71309030570033,50.0
542.0,54.85758751853073,54.71836869324636,50.0
543.0,54.85758751853073,54.72352671892175,50.0
544.0,54.85758751853073,54.728568889897375,50.0
545.0,54.85758751853073,54.73349948050336,50.0
546.0,54.85758751853073,54.73832254747007,50.0
547.0,54.85758751853073,54.74304194396738,50.0
548.0,55.92259545007401,54.74766133255241,50.0
549.0,55.92259545007401,54.75771172256158,50.0
550.0,55.92259545007401,54.76766890485148,50.0
551.0,55.92259545007401,54.77753603833645,49.99999999999999
552.0,55.92259545007401,54.787316134026284,50.0
553.0,55.92259545007401,54.79385739548286,50.0
554.0,55.92259545007401,54.84272330364752,50.00000000000001
555.0,55.92259545007401,54.96845322402238,50.0
556.0,55.92259545007401,55.30325910663146,50.0
557.0,55.92259545007401,56.206525885163785,50.0
558.0,55.92259545007401,58.56861414509505,50.0
559.0,55.92259545007401,58.653676425912224,50.0
560.0,55.92259545007401,58.72827845023748,50.0
561.0,55.92259545007401,58.794462094358586,50.0
562.0,55.92259545007401,58.853749316902096,50.0
563.0,55.92259545007401,58.90730095664013,49.99999999999999
564.0,55.92259545007401,58.956020003686504,50.0
565.0,55.92259545007401,59.000620922071064,50.0
566.0,55.92259545007401,59.04167747088875,50.0
567.0,55.92259545007401,59.079656485933505,50.0
568.0,55.92259545007401,59.11494224685615,50.0
569.0,55.92259545007401,59.14785438148044,50.0
570.0,55.92259545007401,59.178661240175416,50.0
571.0,55.92259545007401,59.207590035436326,50.0
572.0,55.92259545007401,59.234834632525825,50.0
573.0,55.92259545007401,59.260561608403904,50.0
574.0,55.92259545007401,59.284915016289006,50.0
575.0,55.92259545007401,59.30802017050373,50.0
576.0,55.92259545007401,59.32998668117334,50.0
577.0,55.92259545007401,59.35091090842958,50.0
578.0,55.92259545007401,59.37087796298456,50.0
579.0,55.92259545007401,59.38996334898453,49.99999999999999
580.0,55.92259545007401,59.408234322389475,50.0
581.0,55.92259545007401,59.42575102134565,50.0
582.0,55.92259545007401,59.44256741246564,50.0
583.0,55.92259545007401,59.45873208745089,50.0
584.0,55.92259545007401,59.47428893726544,50.0
585.0,55.92259545007401,59.489277725515976,50.0
586.0,55.92259545007401,59.50373457839051,50.0
587.0,55.92259545007401,59.517692405148466,50.0
588.0,55.92259545007401,59.53118126051572,50.0
589.0,55.92259545007401,59.54422865824665,50.0
590.0,55.92259545007401,59.556859843453665,50.0
591.0,55.92259545007401,59.56909802996914,50.0
592.0,55.92259545007401,59.580964607932195,50.0
593.0,55.92259545007401,59.592479325922135,50.0
594.0,55.92259545007401,59.60366045125164,50.0
595.0,55.92259545007401,59.614524911454126,50.0
596.0,55.92259545007401,59.62508841952221,50.0
597.0,55.92259545007401,59.635365585061734,50.0
598.0,55.92259545007401,59.64537001319924,50.0
599.0,55.92259545007401,59.65511439280924,50.0
600.0,55.92259545007401,59.66461057540099,50.0
601.0,55.92259545007401,59.673869645813944,50.0
602.0,55.92259545007401,59.68290198571064,50.0
603.0,55.92259545007401,59.69171733072087,50.0
604.0,55.92259545007401,68.01281981380811,50.0
605.0,55.92259545007401,65.76761421482703,50.0
606.0,55.92259545007401,65.7744788390568,50.0
607.0,55.92259545007401,65.78118001510299,50.0
608.0,55.92259545007401,65.78772452333814,50.0
609.0,55.92259545007401,65.79411875388347,50.0
610.0,55.92259545007401,65.8003687350465,50.0
611.0,55.92259545007401,65.80648015926585,50.0
612.0,55.92259545007401,65.81245840681751,50.0
613.0,55.92259545007401,65.81830856750753,50.0
614.0,55.92259545007401,65.82403546054982,50.0
615.0,55.92259545007401,65.82964365280614,50.0
616.0,57.68205516957905,65.83513747554532,50.0
617.0,57.68205516957905,65.83728049958101,50.0
618.0,57.68205516957905,65.83931717031587,50.0
619.0,57.68205516957905,65.84125119999844,50.0
620.0,57.68205516957905,65.84308612009801,50.0
621.0,57.68205516957905,65.84667473305477,50.0
622.0,57.68205516957905,65.82531002279912,50.0
623.0,57.68205516957905,65.75874769576372,50.0
624.0,57.68205516957905,65.56948219324616,50.0
625.0,57.68205516957905,65.0468264269657,50.0
626.0,57.68205516957905,63.66880591009558,50.0
627.0,57.68205516957905,63.62558429470545,50.0
628.0,57.68205516957905,63.58837939775378,50.0
629.0,57.68205516957905,63.555997657956596,50.0
630.0,57.68205516957905,63.5275501706623,50.0
631.0,57.68205516957905,63.50235959976076,50.0
632.0,57.68205516957905,63.479899641838,50.0
633.0,57.68205516957905,63.4597543924091,50.0
634.0,57.68205516957905,63.441590317031384,50.0
635.0,57.68205516957905,63.42513645274782,50.0
636.0,57.68205516957905,63.41017012843702,50.0
637.0,57.68205516957905,63.3965064736869,50.0
638.0,57.68205516957905,63.38399058304541,50.0
639.0,57.68205516957905,63.37249157638191,50.0
640.0,57.68205516957905,63.361898036045076,50.0
641.0,57.68205516957905,63.35211445898369,50.0
642.0,57.68205516957905,63.343058467453865,50.0
643.0,57.68205516957905,63.33465859386231,50.0
644.0,57.68205516957905,63.326852505175076,50.0
645.0,57.68205516957905,63.31958556744646,50.0
646.0,57.68205516957905,63.31280967610593,50.0
647.0,57.68205516957905,63.3064822957874,50.0
648.0,57.68205516957905,63.30056566677134,50.0
649.0,57.68205516957905,63.295026144945936,50.0
650.0,57.68205516957905,63.28983364955137,50.0
651.0,57.68205516957905,63.28496119852913,50.0
652.0,57.68205516957905,63.28038451553259,50.0
653.0,57.68205516957905,63.2760816959116,50.0
654.0,57.68205516957905,63.27203292150516,50.0
655.0,57.68205516957905,63.26822021604539,50.0
656.0,58.69220704824081,63.264627234523175,50.0
657.0,58.69220704824081,63.2677133530412,50.0
658.0,58.69220704824081,63.27099069495271,50.0
659.0,58.69220704824081,63.27444680912114,50.0
660.0,58.69220704824081,63.27807027775801,50.0
661.0,58.69220704824081,63.27815561573031,50.0
662.0,58.69220704824081,63.3280574858598,50.0
663.0,58.69220704824081,63.46821913928862,50.0
664.0,58.69220704824081,63.85348644758469,50.0
665.0,58.69220704824081,64.90478887012259,50.0
666.0,58.69220704824081,67.66497693709007,50.0
667.0,58.69220704824081,67.75832357499317,50.0
668.0,58.69220704824081,67.83960006238733,50.0
669.0,58.69220704824081,67.9111900091743,50.0
670.0,58.69220704824081,67.97486854200426,50.0
671.0,58.69220704824081,68.0319882630202,50.0
672.0,58.69220704824081,68.08360017504813,50.0
673.0,58.69220704824081,68.1305348466706,50.0
674.0,58.69220704824081,68.1734583959701,50.0
675.0,58.69220704824081,68.21291203261485,50.0
676.0,58.69220704824081,68.24934057522862,50.0
677.0,58.69220704824081,68.28311340099688,50.0
678.0,58.69220704824081,68.31454009126472,50.0
679.0,58.69220704824081,68.34388228992842,50.0
680.0,58.69220704824081,68.3713628120385,50.0
681.0,58.69220704824081,68.39717272541759,50.0
682.0,58.69220704824081,68.42147691741576,50.0
683.0,58.69220704824081,68.44441851523713,50.0
684.0,58.69220704824081,68.46612242862474,50.0
685.0,58.69220704824081,68.48669821352405,50.0
686.0,58.69220704824081,68.5062424052381,50.0
687.0,58.69220704824081,68.52484043333891,50.0
688.0,58.69220704824081,68.5425682040618,50.0
689.0,58.69220704824081,68.55949341626197,50.0
690.0,58.69220704824081,68.57567666231772,50.0
691.0,58.69220704824081,68.5911723542649,50.0
692.0,58.69220704824081,68.60602950698856,50.0
693.0,60.209806743411846,68.62029240379756,50.0
694.0,61.72891145941094,68.63106827797189,50.0
695.0,61.72891145941094,68.64839507845561,50.0
696.0,61.72891145941094,68.66523737436694,50.0
697.0,63.058568631686,68.68162545935698,50.0
698.0,64.38984899838238,68.69633568561468,50.0
699.0,64.38984899838238,68.68118650738009,50.0
700.0,64.38984899838238,68.67906300923823,50.0
701.0,64.38984899838238,68.66400249385438,50.0
702.0,64.38984899838238,68.6160769634383,50.0
703.0,64.38984899838238,68.50002055497592,50.0
704.0,64.38984899838238,66.30932869955117,50.0
705.0,64.38984899838238,66.14426194626817,50.0
706.0,64.38984899838238,65.5585813492874,50.0
707.0,64.38984899838238,58.78469679968275,50.0
708.0,64.38984899838238,53.897652097937815,50.0
709.0,64.38984899838238,58.115076988774845,50.0
710.0,64.38984899838238,58.1136791765522,50.0
711.0,64.38984899838238,58.11230874706155,50.0
712.0,64.38984899838238,58.11096496363111,50.0
713.0,64.38984899838238,58.10964711636469,50.0
714.0,64.38984899838238,58.10835452090797,50.0
715.0,64.38984899838238,58.107086517283754,50.0
716.0,64.38984899838238,58.10584246879123,50.0
717.0,64.38984899838238,58.10462176096549,50.0
718.0,64.38984899838238,58.103423800593234,50.0
719.0,64.38984899838238,58.10224801478115,50.0
720.0,64.38984899838238,58.10109385007371,50.0
721.0,64.38984899838238,58.09996077161735,50.0
722.0,64.38984899838238,58.09884826236805,50.0
723.0,64.38984899838238,58.097755822339806,50.0
724.0,64.38984899838238,58.096682967891375,50.0
725.0,64.38984899838238,58.09562923104928,50.0
726.0,64.38984899838238,58.094594158864524,50.0
727.0,64.38984899838238,58.09357731280151,50.0
728.0,64.38984899838238,58.09257826815675,50.0
729.0,64.38984899838238,58.09159661350624,50.0
730.0,64.38984899838238,58.090631950179315,50.0
731.0,64.38984899838238,58.0896838917579,50.0
732.0,64.38984899838238,58.08875206359943,50.0
733.0,64.38984899838238,58.08783610238238,50.0
734.0,64.38984899838238,58.08693565567288,50.0
735.0,64.38984899838238,58.08605038151158,50.0
736.0,64.38984899838238,58.08517994801936,50.0
737.0,64.38984899838238,58.084324033021026,50.0
738.0,64.38984899838238,58.0834823236861,50.0
739.0,64.38984899838238,58.0826545161856,50.0
740.0,64.38984899838238,58.081840315364126,50.0
741.0,64.38984899838238,58.08103943442647,50.0
742.0,64.38984899838238,58.08025159463777,50.0
743.0,64.38984899838238,58.07947652503691,50.0
744.0,64.38984899838238,58.07871396216202,50.0
745.0,64.38984899838238,58.07796364978797,50.0
746.0,64.38984899838238,58.07722533867468,50.0
747.0,64.38984899838238,58.07649878632638,50.0
748.0,64.38984899838238,58.0757837567606,50.0
749.0,64.38984899838238,58.07508002028693,50.0
750.0,64.38984899838238,58.07438735329485,50.0
751.0,64.38984899838238,58.073705538050184,50.0
752.0,64.38984899838238,58.07303436249981,50.0
753.0,64.38984899838238,58.072373620084264,50.0
754.0,64.38984899838238,58.071723109557794,50.0
755.0,64.38984899838238,58.071082634815596,50.0
756.0,64.38984899838238,58.070452004727755,50.0
757.0,64.38984899838238,58.06983103297988,50.0
758.0,63.217878568609194,58.069219537919594,50.0
759.0,62.03805425874471,58.074513990301924,50.0
760.0,59.69091424715873,58.075714149418346,50.0
761.0,59.69091424715873,58.06871802114625,50.0
762.0,59.69091424715873,58.061730686709055,50.0
763.0,59.69091424715873,58.051386651831116,50.0
764.0,59.69091424715873,58.088630902389625,50.0
765.0,59.69091424715873,58.1811667356602,50.0
766.0,59.69091424715873,58.37676161978569,50.0
767.0,59.69091424715873,58.90938247464139,50.0
768.0,59.69091424715873,60.26579685829527,50.0
769.0,59.69091424715873,57.26623179732652,50.0
770.0,59.69091424715873,56.75969129141022,50.0
771.0,59.69091424715873,56.653387595287164,50.0
772.0,59.69091424715873,56.56142237987998,50.0
773.0,59.69091424715873,56.48087557536511,50.0
774.0,59.69091424715873,56.40959180704616,50.0
775.0,59.69091424715873,56.34594196327713,50.0
776.0,59.69091424715873,56.2886694534856,50.0
777.0,59.69091424715873,56.236787845120475,50.0
778.0,59.69091424715873,56.189510796970296,50.0
779.0,59.69091424715873,56.14620292745425,50.0
780.0,59.69091424715873,56.10634462313809,50.0
781.0,59.69091424715873,56.069506352720694,50.0
782.0,59.69091424715873,56.03532960078528,50.0
783.0,59.69091424715873,56.00351249958793,50.0
784.0,59.69091424715873,55.973798852250525,50.0
785.0,59.69091424715873,55.945969642135836,50.0
786.0,59.69091424715873,55.919836390523315,50.0
787.0,59.69091424715873,55.895235906073445,50.0
788.0,59.69091424715873,55.87202609470552,50.0
789.0,59.69091424715873,55.8500825861953,50.0
790.0,59.69091424715873,55.82929599611715,50.0
791.0,59.69091424715873,55.80956968662889,50.0
792.0,59.69091424715873,55.79081792230729,50.0
793.0,59.69091424715873,55.77296434135316,50.0
794.0,59.69091424715873,55.75594068044652,50.0
795.0,59.69091424715873,55.73968570504441,50.0
796.0,59.69091424715873,55.72414430717208,50.0
797.0,59.69091424715873,55.70926674061313,50.0
798.0,59.69091424715873,55.695007969468506,50.0
799.0,59.69091424715873,55.681327110770596,50.0
800.0,59.69091424715873,55.66818695553424,50.0
801.0,59.69091424715873,55.65555355554095,50.0
802.0,59.69091424715873,55.64339586546671,50.0
803.0,59.69091424715873,55.63168543181128,50.0
804.0,59.69091424715873,55.62039612157167,50.0
805.0,59.69091424715873,55.60950388480133,50.0
806.0,59.69091424715873,55.59898654616961,50.0
807.0,59.69091424715873,55.588823621431004,50.0
808.0,59.69091424715873,55.57899615536415,50.0
809.0,59.69091424715873,55.569486578276965,50.0
810.0,59.69091424715873,55.56027857861808,50.0
811.0,59.69091424715873,55.551356989602354,50.0
812.0,59.69091424715873,55.54270768806625,50.0
813.0,59.69091424715873,55.53431750402482,50.0
814.0,59.69091424715873,55.526174139618846,50.0
815.0,59.69091424715873,55.5182660963221,50.0
816.0,59.69091424715873,55.51058260943286,50.0
817.0,59.69091424715873,55.5031135890041,50.0
818.0,59.69091424715873,55.4958495664783,50.0
819.0,59.69091424715873,55.48878164638761,50.0
820.0,59.69091424715873,55.481901462560856,50.0
821.0,58.539810209692504,55.47520113834933,50.0
822.0,58.539810209692504,55.46428160612495,50.0
823.0,58.539810209692504,55.453527507263935,50.0
824.0,58.539810209692504,55.442932229104656,50.0
825.0,58.539810209692504,55.432489521766584,50.0
826.0,58.539810209692504,55.42469987144193,50.0
827.0,58.539810209692504,55.38335946344979,50.0
828.0,58.539810209692504,55.281023388744906,50.0
829.0,58.539810209692504,55.012645603279054,50.0
830.0,58.539810209692504,54.292690254088924,50.0
831.0,58.539810209692504,39.76156567807905,50.0
832.0,58.539810209692504,46.38088447765868,50.0
833.0,58.539810209692504,46.37756143077355,50.0
834.0,58.539810209692504,46.3743059725905,50.0
835.0,58.539810209692504,46.371115842557806,50.0
836.0,58.539810209692504,46.36798888457518,50.0
837.0,58.539810209692504,46.36492304086935,50.0
838.0,58.539810209692504,46.36191634630281,50.0
839.0,58.539810209692504,46.358966923080246,50.0
840.0,58.539810209692504,46.3560729758199,50.0
841.0,58.539810209692504,46.35323278696068,50.0
842.0,58.539810209692504,46.35044471247838,50.0
843.0,58.539810209692504,46.347707177886434,50.0
844.0,57.28227401187551,46.34501867449959,50.0
845.0,57.28227401187551,46.33697164690361,50.0
846.0,57.28227401187551,46.32897081679402,50.0
847.0,57.28227401187551,46.32101485280495,50.0
848.0,57.28227401187551,46.31310247667481,50.0
849.0,57.28227401187551,46.308317834137156,50.0
850.0,57.28227401187551,46.262099782349026,50.0
851.0,57.28227401187551,46.14066906546483,50.0
852.0,57.28227401187551,45.81471922699804,50.0
853.0,57.28227401187551,44.93276079211033,50.0
854.0,57.28227401187551,46.30345274718373,50.0
855.0,57.28227401187551,46.22389416826191,50.0
856.0,57.28227401187551,46.15450021748295,50.0
857.0,57.28227401187551,46.093275835421615,50.0
858.0,57.28227401187551,46.03873437875318,50.0
859.0,57.28227401187551,45.98974231482363,50.0
860.0,57.28227401187551,45.94541822287497,50.0
861.0,57.28227401187551,45.90506499793455,50.0
862.0,57.28227401187551,45.868123083602406,50.0
863.0,57.28227401187551,45.83413743574975,50.0
864.0,57.28227401187551,45.80273369369775,50.0
865.0,57.28227401187551,45.77360067209132,50.0
866.0,57.28227401187551,45.74647728304057,50.00000000000001
867.0,57.28227401187551,45.72114262183824,50.0
868.0,57.28227401187551,45.697408349871445,50.0
869.0,57.28227401187551,45.67511277106662,50.0
870.0,57.28227401187551,45.65411617414192,50.0
871.0,57.28227401187551,45.63429713293306,50.0
872.0,57.28227401187551,45.61554954027588,50.0
873.0,57.28227401187551,45.59778020952628,50.0
874.0,57.28227401187551,45.580906919646964,50.0
875.0,57.28227401187551,45.56485681006369,50.0
876.0,57.28227401187551,45.549565053660125,50.0
877.0,57.28227401187551,45.53497375269011,50.0
878.0,57.28227401187551,45.521031014662015,50.00000000000001
879.0,57.28227401187551,45.5076901745218,50.0
880.0,57.28227401187551,45.49490913652774,50.0
881.0,57.28227401187551,45.482649814641434,50.0
882.0,50.0075598358046,45.47087765446811,50.0
883.0,47.49602418237629,45.47204504398282,50.0
884.0,47.49602418237629,45.46263289732408,50.0
885.0,47.49602418237629,45.453621611903415,50.0
886.0,47.49602418237629,45.444987181982555,50.0
887.0,47.49602418237629,45.42958280337019,50.0
888.0,47.49602418237629,45.51656803007876,50.0
889.0,47.49602418237629,45.69320269842401,50.0
890.0,47.49602418237629,46.18929154065954,50.0
891.0,47.49602418237629,47.553217833508064,50.0
892.0,47.49602418237629,55.70601509584178,50.0
893.0,47.49602418237629,59.42281630554241,50.0
894.0,47.49602418237629,56.39732035564318,50.0
895.0,47.49602418237629,56.499172392510616,50.0
896.0,47.49602418237629,56.589906806944256,50.0
897.0,47.49602418237629,56.671409328220285,50.0
898.0,47.49602418237629,56.74514627574469,50.0
899.0,47.49602418237629,56.812277343727274,50.0
900.0,47.49602418237629,56.87373340247102,50.0
901.0,47.49602418237629,56.930271457107246,50.0
902.0,47.49602418237629,56.982514288893626,50.0
903.0,47.49602418237629,57.03097958149135,50.0
904.0,47.49602418237629,57.07610167711006,50.0
905.0,47.49602418237629,57.11824806977137,50.0
906.0,47.49602418237629,57.15773207699194,50.0
907.0,47.49602418237629,57.194822694127666,50.0
908.0,47.49602418237629,57.22975234293856,50.0
909.0,47.49602418237629,57.262723026315314,50.0
910.0,47.49602418237629,57.293911262671585,50.0
911.0,47.49602418237629,57.32347207602213,50.0
912.0,47.49602418237629,57.351542248149656,50.0
913.0,47.49602418237629,57.378242988899714,50.0
914.0,47.49602418237629,57.403682143768165,50.0
915.0,47.49602418237629,57.42795603064633,50.0
916.0,47.49602418237629,57.45115097716695,50.0
917.0,47.49602418237629,57.473344614669756,50.0
918.0,47.49602418237629,57.49460697304964,50.0
919.0,47.49602418237629,57.515001411714344,50.0
920.0,47.49602418237629,57.534585414878016,50.0
921.0,47.49602418237629,57.55341127395258,50.0
922.0,47.49602418237629,57.57152667550255,50.0
923.0,47.49602418237629,57.58897520983029,50.0
924.0,47.49602418237629,57.6057968125506,50.0
925.0,47.49602418237629,57.62202814934577,50.0
926.0,47.49602418237629,57.63770295234393,50.0
927.0,47.49602418237629,57.65285231514895,50.0
928.0,47.49602418237629,57.667504952397294,50.0
929.0,47.49602418237629,57.68168742877484,50.0
930.0,47.49602418237629,57.69542436165138,50.0
931.0,47.49602418237629,57.70873860085108,50.0
932.0,47.49602418237629,57.72165138854645,50.0
933.0,47.49602418237629,57.73418250182211,50.0
934.0,47.49602418237629,57.7463503800851,50.0
935.0,47.49602418237629,57.758172239189335,50.0
936.0,47.49602418237629,57.769664173881154,50.0
937.0,47.49602418237629,57.780841249952516,50.0
938.0,47.49602418237629,57.791717587301925,50.0
939.0,47.49602418237629,57.80230643494483,50.0
940.0,47.49602418237629,57.81262023887947,50.0
941.0,47.49602418237629,57.82267070359884,50.0
942.0,47.49602418237629,57.83246884793992,50.0
943.0,48.77293843542169,57.842025055876455,50.0
944.0,54.271532172663015,57.84721992800387,50.0
945.0,55.64672820114053,57.845677430183514,50.0
946.0,55.64672820114053,57.849792741729416,50.0
947.0,55.64672820114053,57.85370217109504,50.0
948.0,55.64672820114053,57.85977016007864,50.0
949.0,55.64672820114053,57.83768709697682,50.0
950.0,55.64672820114053,57.704613273216594,50.0
951.0,55.64672820114053,57.36948810550034,50.0
952.0,55.64672820114053,56.44472358273826,50.0
953.0,55.64672820114053,53.98210325778168,50.0
954.0,55.64672820114053,52.10484541963975,50.0
955.0,55.64672820114053,54.46851099745827,50.0
956.0,55.64672820114053,54.431677191348385,50.0
957.0,55.64672820114053,54.3986085850831,50.0
958.0,55.64672820114053,54.36881965002398,50.0
959.0,55.64672820114053,54.341890484475186,50.0
960.0,55.64672820114053,54.3174620259734,50.0
961.0,55.64672820114053,54.29522834821057,50.0
962.0,55.64672820114053,54.274928721344985,50.0
963.0,55.64672820114053,54.25634040932381,50.0
964.0,55.64672820114053,54.23927247537673,50.0
965.0,55.64672820114053,54.223560586404275,50.0
966.0,55.64672820114053,54.20906270634563,50.0
967.0,55.64672820114053,54.195655543763465,50.0
968.0,55.64672820114053,54.18323162444425,50.0
969.0,55.64672820114053,54.17169687596754,50.0
970.0,55.64672820114053,54.160968629490355,50.0
971.0,55.64672820114053,54.15097396104949,50.0
972.0,55.64672820114053,54.141648309383456,50.0
973.0,55.64672820114053,54.132934319463445,50.0
974.0,55.64672820114053,54.12478087082231,50.0
975.0,55.64672820114053,54.117142257726854,50.0
976.0,55.64672820114053,54.10997749459784,50.0
977.0,55.64672820114053,54.10324972515573,50.0
978.0,55.64672820114053,54.09692571781899,50.0
979.0,55.64672820114053,54.09097543311672,50.0
980.0,55.64672820114053,54.085371651469906,50.0
981.0,55.64672820114053,54.080089651777904,50.0
982.0,55.64672820114053,54.075106932926396,50.0
983.0,55.64672820114053,54.07040297169165,50.0
984.0,55.64672820114053,54.065959011619796,50.0
985.0,55.64672820114053,54.06175787835976,50.0
986.0,55.64672820114053,54.05778381766419,50.0
987.0,55.64672820114053,54.05402235287894,50.0
988.0,55.64672820114053,54.0504601592397,50.0
989.0,55.64672820114053,54.04708495270713,50.0
990.0,55.64672820114053,54.0438853914157,50.0
991.0,55.64672820114053,54.040850988096246,50.0
992.0,55.64672820114053,54.037972032072005,50.0
993.0,55.64672820114053,54.03523951962832,50.0
994.0,55.64672820114053,54.03264509172503,50.0
995.0,55.64672820114053,54.03018097816325,50.0
996.0,55.64672820114053,54.02783994743904,50.0
997.0,55.64672820114053,54.02561526161922,50.0
998.0,55.64672820114053,54.02350063566174,50.0
999.0,55.64672820114053,54.02149020067824,50.0
1000.0,55.64672820114053,54.019578470699784,50.0
1001.0,55.64672820114053,54.017760312562416,50.0
1002.0,55.64672820114053,54.01603091857586,50.0
1003.0,55.64672820114053,54.01438578168025,50.0
1004.0,55.64672820114053,54.0128206728303,50.0
1005.0,55.64672820114053,54.01133162037796,50.0
1006.0,55.64672820114053,54.009914891250276,50.0
1007.0,55.64672820114053,54.00856697374313,50.0
1008.0,55.64672820114053,54.00728456177144,50.0
1009.0,55.64672820114053,54.00606454043408,50.0
1010.0,55.64672820114053,54.00490397276771,50.0
1011.0,55.64672820114053,54.00380008757675,50.0
1012.0,55.64672820114053,54.00275026823931,50.0
1013.0,55.64672820114053,48.84187160023195,50.0
1014.0,55.64672820114053,47.30130860808364,50.0
1015.0,55.64672820114053,47.29386715013703,50.0
1016.0,55.64672820114053,47.28660885801944,50.0
1017.0,55.64672820114053,47.27952694716397,50.0
1018.0,55.64672820114053,47.27261496677681,50.0
1019.0,55.64672820114053,47.26586677940004,50.0
1020.0,55.64672820114053,47.25927654196929,50.0
1021.0,55.64672820114053,47.252838688239,50.0
1022.0,55.64672820114053,47.24654791246117,50.0
1023.0,55.64672820114053,47.24039915421322,50.0
1024.0,55.64672820114053,47.234387584281784,50.0
1025.0,55.64672820114053,47.228508591516366,50.0
1026.0,54.44075884587378,47.22275777057621,50.0
1027.0,54.44075884587378,47.21182232802941,50.0
1028.0,54.44075884587378,47.20100681909041,50.0
1029.0,54.44075884587378,47.190307390237635,50.0
1030.0,54.44075884587378,47.17972035235762,50.0
1031.0,54.44075884587378,47.172271885256414,50.0
1032.0,54.44075884587378,47.12420250482124,50.0
1033.0,54.44075884587378,47.00234020313476,50.0
1034.0,54.44075884587378,46.67970917884717,50.0
1035.0,54.44075884587378,45.81115889414957,50.0
1036.0,54.44075884587378,43.54159490260135,50.0
1037.0,54.44075884587378,47.15937697727483,50.0
1038.0,54.44075884587378,47.08902315255309,50.0
1039.0,54.44075884587378,47.02674068179708,50.0
1040.0,54.44075884587378,46.971068238896144,50.0
1041.0,54.44075884587378,46.920891297237276,50.0
1042.0,54.44075884587378,46.875342950117,50.0
1043.0,54.44075884587378,46.83373733500102,50.0
1044.0,54.44075884587378,46.79552370747023,50.0
1045.0,54.44075884587378,46.76025399851294,50.0
1046.0,54.44075884587378,46.72755941332582,50.0
1047.0,54.44075884587378,46.69713323690802,50.0
1048.0,54.44075884587378,46.668717990116285,50.0
1049.0,54.44075884587378,46.642095692333704,50.0
1050.0,54.44075884587378,46.61708037999284,50.0
1051.0,54.44075884587378,46.593512288176356,50.0
1052.0,54.44075884587378,46.57125327527912,50.0
1053.0,54.44075884587378,46.55018318854467,50.0
1054.0,54.44075884587378,46.53019695000379,50.0
1055.0,54.44075884587378,46.51120219988481,50.0
1056.0,54.44075884587378,46.493117375658656,50.0
1057.0,54.44075884587378,46.47587013460951,50.0
1058.0,54.44075884587378,46.459396049588435,50.0
1059.0,54.44075884587378,46.44363752372148,50.0
1060.0,54.44075884587378,46.428542881898224,50.0
1061.0,54.44075884587378,46.41406560597189,50.0
1062.0,54.44075884587378,46.400163687540825,50.0
1063.0,54.44075884587378,46.38679907751548,50.0
1064.0,53.16590276865615,46.37393721580713,50.0
1065.0,50.61528107111981,46.366143731835685,50.0
1066.0,50.61528107111981,46.35798489402009,50.0
1067.0,50.61528107111981,46.350242292000175,50.0
1068.0,50.61528107111981,46.3428918003555,50.0
1069.0,50.61528107111981,46.33328758261471,50.0
1070.0,50.61528107111981,46.35976201157599,50.0
1071.0,50.61528107111981,46.44436052526571,50.0
1072.0,50.61528107111981,46.69197315553477,50.0
1073.0,50.61528107111981,47.382149761889444,50.0
1074.0,50.61528107111981,49.20283748212894,50.0
1075.0,50.61528107111981,48.91687732232966,50.0
1076.0,50.61528107111981,48.95532347051604,50.0
1077.0,50.61528107111981,48.98858467354238,50.0
1078.0,50.61528107111981,49.01761567107088,50.0
1079.0,50.61528107111981,49.04314764574142,50.0
1080.0,50.61528107111981,49.06575083806752,50.0
1081.0,50.61528107111981,49.08587704902095,50.0
1082.0,50.61528107111981,49.10388922781574,50.0
1083.0,50.61528107111981,49.12008253089461,50.0
1084.0,50.61528107111981,49.13469960748465,50.0
1085.0,50.61528107111981,49.14794189006081,50.0
1086.0,50.61528107111981,49.15997806543778,50.0
1087.0,50.61528107111981,49.17095052076209,50.0
1088.0,50.61528107111981,49.180980311525694,50.0
1089.0,50.61528107111981,49.190171035176505,50.0
1090.0,50.61528107111981,49.19861188358872,50.0
1091.0,50.61528107111981,49.20638007193903,50.0
1092.0,50.61528107111981,49.21354278872861,50.0
1093.0,50.61528107111981,49.22015877431828,50.0
1094.0,50.61528107111981,49.22627960853476,50.0
1095.0,50.61528107111981,49.2319507684325,50.0
1096.0,50.61528107111981,49.237212502985514,50.0
1097.0,50.61528107111981,49.242100560854325,50.0
1098.0,50.61528107111981,49.24664679939796,50.0
1099.0,50.61528107111981,49.250879697061386,50.0
1100.0,50.61528107111981,49.254824786653444,50.0
1101.0,50.61528107111981,49.258505023476026,50.0
1102.0,50.61528107111981,49.26194109950484,50.0
1103.0,50.61528107111981,49.265151712664256,50.0
1104.0,50.61528107111981,49.268153798539245,50.0
1105.0,50.61528107111981,49.27096273052017,50.0
1106.0,50.61528107111981,49.27359249330267,50.0
1107.0,50.61528107111981,49.27605583380305,50.0
1108.0,50.61528107111981,49.278364392854726,50.0
1109.0,50.61528107111981,49.28052882048828,50.0
1110.0,50.61528107111981,49.282558877138,50.0
1111.0,50.61528107111981,49.284463522742655,50.0
1112.0,50.61528107111981,49.28625099539857,50.0
1113.0,50.61528107111981,49.28792888096783,50.0
1114.0,50.61528107111981,49.28950417483294,50.0
1115.0,50.61528107111981,49.29098333681246,50.0
1116.0,50.61528107111981,49.29237234010496,50.0
1117.0,50.61528107111981,49.29367671500484,50.0
1118.0,50.61528107111981,49.29490158802945,50.0
1119.0,50.61528107111981,49.29605171700884,50.0
1120.0,50.61528107111981,49.29713152261526,50.0
1121.0,50.61528107111981,49.29814511674566,50.0
1122.0,50.61528107111981,49.29909632811675,50.0
1123.0,50.61528107111981,49.29998872538599,50.0
1124.0,50.61528107111981,49.30082563807203,50.0
1125.0,50.61528107111981,49.30161017551422,50.0
1126.0,50.61528107111981,49.30234524408151,50.0
1127.0,50.61528107111981,49.303033562815486,50.0
1128.0,50.61528107111981,49.30367767767059,50.0
1129.0,50.61528107111981,49.30427997449526,50.0
1130.0,50.61528107111981,49.30484269088121,50.0
1131.0,50.61528107111981,49.305367926993846,50.0
1132.0,50.61528107111981,49.30585765548363,50.0
1133.0,50.61528107111981,49.30631373056764,50.0
1134.0,50.61528107111981,49.30673789636076,50.0
1135.0,50.61528107111981,49.307131794527095,50.0
1136.0,50.61528107111981,49.30749697131508,50.0
1137.0,50.61528107111981,49.30783488403292,50.0
1138.0,50.61528107111981,49.30814690701511,50.0
1139.0,50.61528107111981,49.30843433712571,50.0
1140.0,50.61528107111981,49.308698398839475,50.0
1141.0,50.61528107111981,49.30894024893759,50.0
1142.0,50.61528107111981,49.30916098085147,50.0
1143.0,50.61528107111981,49.30936162868464,50.0
1144.0,50.61528107111981,49.30954317093994,50.0
1145.0,50.61528107111981,49.309706533976524,50.0
1146.0,50.61528107111981,49.30985259521912,50.0
1147.0,50.61528107111981,49.30998218613957,50.0
1148.0,50.61528107111981,49.31009609502929,50.0
1149.0,50.61528107111981,49.31019506957908,50.0
1150.0,50.61528107111981,49.310279819281746,50.0
1151.0,50.61528107111981,49.31035101767113,50.0
1152.0,50.61528107111981,49.310409304410456,50.0
1153.0,50.61528107111981,49.310455287241346,50.0
1154.0,50.61528107111981,49.31048954380416,50.0
1155.0,50.61528107111981,49.310512623339214,50.0
1156.0,50.61528107111981,49.31052504827791,50.0
1157.0,50.61528107111981,49.31052731573163,50.0
1158.0,50.61528107111981,49.31051989888606,50.0
1159.0,50.61528107111981,49.310503248307555,50.0
1160.0,50.61528107111981,49.31047779316814,50.0
1161.0,50.61528107111981,49.31044394239449,50.0
1162.0,50.61528107111981,49.31040208574658,50.0
1163.0,50.61528107111981,49.310352594830746,50.0
1164.0,50.61528107111981,49.31029582405165,50.0
1165.0,50.61528107111981,49.31023211150735,50.0
1166.0,50.61528107111981,49.31016177983135,50.0
1167.0,50.61528107111981,49.31008513698521,50.0
1168.0,50.61528107111981,49.3100024770048,50.0
1169.0,50.61528107111981,49.30991408070365,50.0
1170.0,50.61528107111981,49.3098202163357,50.0
1171.0,50.61528107111981,49.309721140220546,50.0
1172.0,50.61528107111981,49.30961709733327,50.0
1173.0,50.61528107111981,49.30950832186132,50.0
1174.0,50.61528107111981,49.30939503773031,50.0
1175.0,50.61528107111981,49.309277459100976,50.0
1176.0,50.61528107111981,49.30915579083875,50.0
1177.0,50.61528107111981,49.309030228957965,50.0
1178.0,50.61528107111981,49.308900961042,50.0
1179.0,50.61528107111981,49.30876816664093,50.0
1180.0,50.61528107111981,49.30863201764809,50.0
1181.0,50.61528107111981,49.30849267865666,50.0
1182.0,50.61528107111981,49.308350307297665,50.0
1183.0,50.61528107111981,49.3082050545603,50.0
1184.0,50.61528107111981,49.30805706509567,50.0
1185.0,50.61528107111981,49.30790647750503,50.0
1186.0,50.61528107111981,49.3077534246132,50.0
1187.0,50.61528107111981,49.30759803372824,50.0
1188.0,50.61528107111981,49.30744042688795,50.0
1189.0,50.61528107111981,49.30728072109408,50.0
1190.0,50.61528107111981,49.30711902853495,50.0
1191.0,50.61528107111981,49.30695545679696,50.0
1192.0,50.61528107111981,49.30679010906589,50.0
1193.0,50.61528107111981,49.30662308431817,50.0
1194.0,50.61528107111981,49.306454477503074,50.0
1195.0,50.61528107111981,49.30628437971605,50.0
1196.0,50.61528107111981,49.30611287836372,50.0
1197.0,50.61528107111981,49.30594005732108,50.0
1198.0,50.61528107111981,49.30576599708131,50.0
1199.0,50.61528107111981,49.305590774898384,50.0
1200.0,50.61528107111981,49.30541446492316,50.0
1201.0,50.61528107111981,49.30523713833307,50.0
1202.0,50.61528107111981,49.305058863455834,50.0
1203.0,50.61528107111981,49.30487970588748,50.0
1204.0,50.61528107111981,49.30469972860497,50.0
1205.0,50.61528107111981,49.304518992073724,50.0
1206.0,50.61528107111981,49.30433755435022,50.0
1207.0,50.61528107111981,49.30415547118008,50.0
1208.0,50.61528107111981,49.30397279609166,50.0
1209.0,50.61528107111981,49.30378958048557,50.0
1210.0,50.61528107111981,49.30360587372017,50.0
1211.0,50.61528107111981,49.30342172319331,50.0
1212.0,50.61528107111981,49.30323717442049,50.0
1213.0,50.61528107111981,49.30305227110967,50.0
1214.0,50.61528107111981,49.30286705523272,50.0
1215.0,50.61528107111981,49.3026815670939,50.0
1216.0,50.61528107111981,49.30249584539534,50.0
1217.0,50.61528107111981,49.302309927299696,50.0
1218.0,50.61528107111981,49.302123848490226,50.0
1219.0,50.61528107111981,49.301937643228264,50.0
1220.0,50.61528107111981,49.30175134440824,50.0
1221.0,50.61528107111981,49.301564983610504,50.0
1222.0,50.61528107111981,49.3013785911518,50.0
1223.0,50.61528107111981,49.301192196133805,50.0
1224.0,50.61528107111981,49.30100582648946,50.0
1225.0,50.61528107111981,49.300819509027626,50.0
1226.0,50.61528107111981,49.30063326947572,50.0
1227.0,50.61528107111981,49.30044713252069,50.0
1228.0,50.61528107111981,49.3002611218483,50.0
1229.0,50.61528107111981,49.300075260180904,50.0
1230.0,50.61528107111981,49.29988956931354,50.0
1231.0,50.61528107111981,49.299704070148756,50.0
1232.0,50.61528107111981,49.2995187827299,50.0
1233.0,50.61528107111981,49.29933372627314,50.0
1234.0,50.61528107111981,49.29914891919827,50.0
1235.0,50.61528107111981,49.29896437915819,50.0
1236.0,50.61528107111981,49.29878012306732,50.0
1237.0,50.61528107111981,49.29859616712884,50.0
1238.0,50.61528107111981,49.29841252686088,50.0
1239.0,50.61528107111981,49.29822921712176,50.0
1240.0,50.61528107111981,49.298046252134135,50.0
1241.0,50.61528107111981,49.29786364550827,50.0
1242.0,50.61528107111981,49.29768141026448,50.0
1243.0,50.61528107111981,49.29749955885459,50.0
1244.0,50.61528107111981,49.29731810318264,50.0
1245.0,50.61528107111981,49.29713705462483,50.0
1246.0,50.61528107111981,49.29695642404865,50.0
1247.0,50.61528107111981,49.29677622183134,50.0
1248.0,50.61528107111981,49.296596457877584,50.0
1249.0,50.61528107111981,49.29641714163665,50.0
1250.0,50.61528107111981,49.29623828211876,50.0
1251.0,50.61528107111981,49.29605988791098,50.0
1252.0,50.61528107111981,49.295881967192415,50.0
1253.0,50.61528107111981,49.295704527748896,50.0
1254.0,50.61528107111981,49.29552757698707,50.0
1255.0,50.61528107111981,49.29535112194812,50.0
1256.0,50.61528107111981,49.295175169320764,50.0
1257.0,50.61528107111981,49.294999725453934,50.0
1258.0,50.61528107111981,49.294824796368964,50.0
1259.0,50.61528107111981,49.294650387771306,50.0
1260.0,50.61528107111981,49.29447650506181,50.0
1261.0,50.61528107111981,49.29430315334767,50.0
1262.0,50.61528107111981,49.2941303374529,50.0
1263.0,50.61528107111981,49.293958061928464,50.0
1264.0,50.61528107111981,49.293786331062044,50.0
1265.0,50.61528107111981,49.293615148887454,50.0
1266.0,50.61528107111981,49.29344451919371,50.0
1267.0,50.61528107111981,49.29327444553382,50.0
1268.0,50.61528107111981,49.293104931233174,50.0
1269.0,50.61528107111981,49.292935979397775,50.0
1270.0,50.61528107111981,49.292767592922004,50.0
1271.0,50.61528107111981,49.292599774496274,50.0
1272.0,50.61528107111981,49.29243252661432,50.0
1273.0,50.61528107111981,49.29226585158027,50.0
1274.0,50.61528107111981,49.29209975151545,50.0
1275.0,50.61528107111981,49.29193422836497,50.0
1276.0,50.61528107111981,49.29176928390407,50.0
1277.0,50.61528107111981,49.29160491974426,50.0
1278.0,50.61528107111981,49.2914411373392,50.0
1279.0,50.61528107111981,49.29127793799046,50.0
1280.0,50.61528107111981,49.29111532285298,50.0
1281.0,50.61528107111981,49.29095329294047,50.0
1282.0,50.61528107111981,49.290791849130464,50.0
1283.0,50.61528107111981,49.29063099216937,50.0
1284.0,50.61528107111981,49.29047072267718,50.0
1285.0,50.61528107111981,49.29031104115217,50.0
1286.0,50.61528107111981,49.29015194797536,50.0
1287.0,50.61528107111981,49.289993443414815,50.0
1288.0,50.61528107111981,49.289835527629826,50.0
1289.0,50.61528107111981,49.28967820067497,50.0
1290.0,50.61528107111981,49.28952146250395,50.0
1291.0,50.61528107111981,49.28936531297343,49.99999999999999
1292.0,50.61528107111981,49.28920975184661,50.0
1293.0,50.61528107111981,49.28905477879678,50.0
1294.0,50.61528107111981,49.288900393410714,50.0
1295.0,50.61528107111981,49.28874659519194,50.0
1296.0,50.61528107111981,49.28859338356388,50.0
1297.0,50.61528107111981,49.288440757873005,50.0
1298.0,50.61528107111981,49.28828871739172,50.0
1299.0,50.61528107111981,49.28813726132124,50.0
1300.0,50.61528107111981,49.28798638879438,50.0
1301.0,50.61528107111981,49.28783609887822,50.0
1302.0,50.61528107111981,49.2876863905767,50.0
1303.0,50.61528107111981,49.28753726283311,50.0
1304.0,50.61528107111981,49.28738871453249,50.0
1305.0,50.61528107111981,49.28724074450402,50.0
1306.0,50.61528107111981,49.28709335152318,50.0
1307.0,50.61528107111981,49.28694653431409,50.0
1308.0,50.61528107111981,49.286800291551444,50.0
1309.0,50.61528107111981,49.286654621862695,50.0
1310.0,50.61528107111981,49.28650952382993,50.0
1311.0,50.61528107111981,49.286364995991825,50.0
1312.0,50.61528107111981,49.2862210368455,50.00000000000001
1313.0,50.61528107111981,49.28607764484826,50.0
1314.0,50.61528107111981,49.28593481841936,50.0
1315.0,50.61528107111981,49.28579255594167,50.0
1316.0,50.61528107111981,49.28565085576322,50.0
1317.0,50.61528107111981,49.285509716198874,50.0
1318.0,50.61528107111981,49.285369135531724,50.0
1319.0,50.61528107111981,49.28522911201463,50.0
1320.0,50.61528107111981,49.285089643871586,50.0
1321.0,50.61528107111981,49.28495072929909,50.0
1322.0,50.61528107111981,49.28481236646747,50.0
1323.0,50.61528107111981,49.284674553522144,50.0
1324.0,50.61528107111981,49.284537288584865,50.0
1325.0,50.61528107111981,49.28440056975491,50.0
1326.0,50.61528107111981,49.284264395110185,50.0
1327.0,50.61528107111981,49.28412876270846,50.0
1328.0,50.61528107111981,49.28399367058828,50.0
1329.0,50.61528107111981,49.283859116770124,50.0
1330.0,50.61528107111981,49.283725099257374,50.0
1331.0,50.61528107111981,49.28359161603728,50.0
1332.0,50.61528107111981,49.28345866508191,50.0
1333.0,50.61528107111981,49.28332624434905,50.0
1334.0,50.61528107111981,49.28319435178308,50.0
1335.0,50.61528107111981,49.28306298531582,50.0
1336.0,50.61528107111981,49.282932142867395,50.0
1337.0,50.61528107111981,49.28280182234694,50.0
1338.0,50.61528107111981,49.28267202165343,50.0
1339.0,50.61528107111981,49.28254273867641,50.0
1340.0,50.61528107111981,49.28241397129669,50.0
1341.0,50.61528107111981,49.28228571738707,50.0
1342.0,50.61528107111981,49.282157974812954,50.0
1343.0,50.61528107111981,49.28203074143303,50.0
1344.0,50.61528107111981,49.28190401509992,50.0
1345.0,50.61528107111981,49.28177779366071,50.0
1346.0,50.61528107111981,49.28165207495756,50.0
1347.0,50.61528107111981,49.28152685682833,50.0
1348.0,50.61528107111981,49.281402137106994,50.0
1349.0,50.61528107111981,49.281277913624294,50.0
1350.0,50.61528107111981,49.281154184208134,50.0
1351.0,50.61528107111981,49.28103094668414,50.0
1352.0,50.61528107111981,49.280908198876105,50.0
1353.0,50.61528107111981,49.28078593860643,50.0
1354.0,50.61528107111981,49.28066416369657,50.0
1355.0,50.61528107111981,49.28054287196749,50.0
1356.0,50.61528107111981,49.28042206124002,50.0
1357.0,50.61528107111981,49.28030172933525,50.0
1358.0,50.61528107111981,49.280181874074984,50.0
1359.0,50.61528107111981,49.28006249328198,50.0
1360.0,50.61528107111981,49.27994358478042,50.0
1361.0,50.61528107111981,49.2798251463962,50.0
1362.0,50.61528107111981,49.279707175957206,50.0
1363.0,50.61528107111981,49.27958967129375,50.0
1364.0,50.61528107111981,49.27947263023874,50.0
1365.0,50.61528107111981,49.27935605062809,50.0
1366.0,50.61528107111981,49.279239930300875,50.0
1367.0,50.61528107111981,49.27912426709973,50.0
1368.0,50.61528107111981,49.27900905887106,50.0
1369.0,50.61528107111981,49.27889430346523,50.0
1370.0,50.61528107111981,49.27877999873688,50.0
1371.0,50.61528107111981,49.278666142545156,50.0
1372.0,50.61528107111981,49.27855273275388,50.0
1373.0,50.61528107111981,49.27843976723183,50.0
1374.0,50.61528107111981,49.27832724385288,50.0
1375.0,50.61528107111981,49.27821516049622,50.0
1376.0,50.61528107111981,49.278103515046595,50.0
1377.0,50.61528107111981,49.27799230539442,50.0
1378.0,50.61528107111981,49.27788152943596,50.0
1379.0,50.61528107111981,49.27777118507355,50.0
1380.0,50.61528107111981,49.277661270215695,50.0
1381.0,50.61528107111981,49.27755178277728,50.0
1382.0,50.61528107111981,49.27744272067963,50.0
1383.0,50.61528107111981,49.277334081850775,50.0
1384.0,50.61528107111981,49.27722586422546,50.0
1385.0,50.61528107111981,49.27711806574534,50.0
1386.0,50.61528107111981,49.27701068435913,50.0
1387.0,50.61528107111981,49.27690371802263,50.0
1388.0,50.61528107111981,49.27679716469892,50.0
1389.0,50.61528107111981,49.27669102235842,50.0
1390.0,50.61528107111981,49.27658528897902,49.99999999999999
1391.0,50.61528107111981,49.27647996254616,50.0
1392.0,50.61528107111981,49.276375041052916,50.0
1393.0,50.61528107111981,49.276270522500106,50.0
1394.0,50.61528107111981,49.27616640489636,50.0
1395.0,50.61528107111981,49.27606268625817,50.0
1396.0,50.61528107111981,49.275959364610046,50.0
1397.0,50.61528107111981,49.275856437984494,50.0
1398.0,50.61528107111981,49.27575390442215,50.0
1399.0,50.61528107111981,49.2756517619718,50.0
1400.0,50.61528107111981,49.275550008690445,50.0
1401.0,50.61528107111981,49.275448642643354,50.0
1402.0,50.61528107111981,49.27534766190418,50.0
1403.0,50.61528107111981,49.275247064554875,50.00000000000001
1404.0,50.61528107111981,49.27514684868588,50.0
1405.0,50.61528107111981,49.275047012396065,50.0
1406.0,50.61528107111981,49.27494755379281,50.0
1407.0,50.61528107111981,49.27484847099202,50.0
1408.0,50.61528107111981,49.27474976211821,50.0
1409.0,50.61528107111981,49.27465142530446,50.0
1410.0,50.61528107111981,49.27455345869249,50.00000000000001
1411.0,50.61528107111981,49.27445586043267,50.0
1412.0,50.61528107111981,49.27435862868407,50.0
1413.0,50.61528107111981,49.27426176161443,50.0
1414.0,50.61528107111981,49.27416525740023,50.0
1415.0,50.61528107111981,49.27406911422666,50.0
1416.0,50.61528107111981,49.27397333028766,50.0
1417.0,50.61528107111981,49.27387790378594,50.0
1418.0,50.61528107111981,49.27378283293295,50.0
1419.0,50.61528107111981,49.27368811594896,50.0
1420.0,50.61528107111981,49.27359375106296,50.0
1421.0,50.61528107111981,49.273499736512754,50.0
1422.0,50.61528107111981,49.27340607054494,50.0
1423.0,50.61528107111981,49.27331275141488,50.0
1424.0,50.61528107111981,49.27321977738673,50.0
1425.0,50.61528107111981,49.27312714673343,50.0
1426.0,50.61528107111981,49.27303485773668,50.0
1427.0,50.61528107111981,49.27294290868699,50.0
1428.0,50.61528107111981,49.27285129788357,50.0
1429.0,50.61528107111981,49.27276002363445,50.0
1430.0,50.61528107111981,49.27266908425637,50.0
1431.0,50.61528107111981,49.27257847807479,50.0
1432.0,50.61528107111981,49.272488203423926,50.0
1433.0,50.61528107111981,49.2723982586467,50.0
1434.0,50.61528107111981,49.272308642094686,50.0
1435.0,50.61528107111981,49.27221935212816,50.0
1436.0,50.61528107111981,49.272130387116086,50.0
1437.0,50.61528107111981,49.272041745436006,50.0
1438.0,50.61528107111981,49.271953425474145,50.0
1439.0,50.61528107111981,49.2718654256253,50.0
1440.0,50.61528107111981,49.271777744292855,50.0
1441.0,50.61528107111981,49.27169037988874,50.0
1442.0,50.61528107111981,49.27160333083346,50.0
1443.0,50.61528107111981,49.27151659555599,50.0
1444.0,50.61528107111981,49.27143017249382,50.0
1445.0,50.61528107111981,49.27134406009293,50.0
1446.0,50.61528107111981,49.27125825680768,50.0
1447.0,50.61528107111981,49.27117276110087,50.0
1448.0,50.61528107111981,49.271087571443715,50.0
1449.0,50.61528107111981,49.271002686315754,50.0
1450.0,50.61528107111981,49.270918104204874,50.0
1451.0,50.61528107111981,49.27083382360725,50.0
1452.0,50.61528107111981,49.270749843027346,50.0
1453.0,50.61528107111981,49.270666160977854,50.0
1454.0,50.61528107111981,49.27058277597969,49.99999999999999
1455.0,50.61528107111981,49.27049968656194,50.0
1456.0,50.61528107111981,49.27041689126187,50.0
1457.0,50.61528107111981,49.27033438862482,50.0
1458.0,50.61528107111981,49.270252177204256,50.0
1459.0,50.61528107111981,49.27017025556168,50.0
1460.0,50.61528107111981,49.27008862226662,50.0
1461.0,50.61528107111981,49.27000727589659,50.0
1462.0,50.61528107111981,49.269926215037074,50.0
1463.0,50.61528107111981,49.26984543828145,50.0
1464.0,50.61528107111981,49.26976494423101,50.0
1465.0,50.61528107111981,49.269684731494884,50.0
1466.0,50.61528107111981,49.26960479869002,50.0
1467.0,50.61528107111981,49.26952514444114,50.0
1468.0,50.61528107111981,49.26944576738076,50.0
1469.0,50.61528107111981,49.26936666614905,50.0
1470.0,50.61528107111981,49.26928783939388,50.0
1471.0,50.61528107111981,49.26920928577076,50.0
1472.0,50.61528107111981,49.26913100394283,50.0
1473.0,50.61528107111981,49.26905299258076,50.0
1474.0,50.61528107111981,49.268975250362764,50.0
1475.0,50.61528107111981,49.26889777597456,50.0
1476.0,50.61528107111981,49.268820568109334,50.0
1477.0,50.61528107111981,49.26874362546768,50.0
1478.0,50.61528107111981,49.26866694675756,50.0
1479.0,50.61528107111981,49.26859053069434,50.0
1480.0,50.61528107111981,49.268514376000624,50.0
1481.0,50.61528107111981,49.26843848140637,50.0
1482.0,50.61528107111981,49.26836284564871,50.0
1483.0,50.61528107111981,49.268287467472014,50.0
1484.0,50.61528107111981,49.26821234562779,50.0
1485.0,50.61528107111981,49.26813747887469,50.0
1486.0,50.61528107111981,49.26806286597846,50.0
1487.0,50.61528107111981,49.267988505711855,50.0
1488.0,50.61528107111981,49.2679143968547,50.0
1489.0,50.61528107111981,49.267840538193774,50.0
1490.0,50.61528107111981,49.26776692852278,50.0
1491.0,50.61528107111981,49.267693566642336,50.0
1492.0,50.61528107111981,49.267620451359925,50.0
1493.0,50.61528107111981,49.26754758148985,50.0
1494.0,50.61528107111981,49.26747495585322,50.0
1495.0,50.61528107111981,49.267402573277856,50.0
1496.0,50.61528107111981,49.26733043259835,50.0
1497.0,50.61528107111981,49.26725853265593,50.0
1498.0,50.61528107111981,49.267186872298495,50.0
1499.0,50.61528107111981,49.2671154503805,50.0
1500.0,50.61528107111981,49.26704426576303,50.0
