"tick","donation-normed-small","donation-small","donation-valued-small"
1.0,25.0,33.962581595302716,95.0
2.0,25.0,33.890008890013334,95.0
3.0,25.0,33.81917103688197,95.0
4.0,25.0,33.75,95.0
5.0,25.0,33.68243142124459,95.0
6.0,25.0,33.61640436855329,95.0
7.0,25.0,33.551861104941366,95.0
8.0,25.0,33.48874687627166,95.0
9.0,25.0,33.427009716003845,95.0
10.0,25.0,33.36660026534075,95.0
11.0,25.0,33.30747160735697,95.0
12.0,25.0,33.249579113843055,95.0
13.0,25.0,33.19288030372914,95.0
14.0,25.0,33.13733471206735,95.0
15.0,25.0,33.08290376865476,95.0
16.0,25.0,33.029550685469665,95.0
17.0,25.0,32.97724035217466,95.0
18.0,25.0,32.925939239012166,95.0
19.0,25.0,32.87561530648217,95.0
20.0,25.0,32.82623792124926,95.0
21.0,25.0,32.777777777777786,95.0
22.0,25.0,32.73020682523926,95.0
23.0,25.0,32.68349819927832,95.0
24.0,25.0,32.637626158259735,95.0
25.0,25.0,32.592566023652964,95.0
26.0,25.0,32.54829412424069,95.0
27.0,25.0,32.50478774386456,95.0
28.0,25.0,32.462025072446366,95.0
29.0,25.0,32.41998516004452,95.0
30.0,25.0,32.378647873726216,95.0
31.0,25.0,32.337993857053426,95.0
32.0,25.0,32.29800449199762,95.0
33.0,25.0,32.25866186311298,95.0
34.0,25.0,32.219948723811555,95.0
35.0,25.0,32.18184846459607,95.0
36.0,25.0,32.14434508311761,95.0
37.0,25.0,32.10742315593534,95.0
38.0,25.0,32.071067811865476,95.0
39.0,25.0,32.03526470681449,95.0
40.0,25.0,32.0,95.0
41.0,25.0,31.96526033146992,95.0
42.0,25.0,31.931032800836725,95.0
43.0,25.0,31.89730494715005,95.0
44.0,25.0,31.864064729836446,95.0
45.0,25.0,31.831300510639736,95.0
46.0,25.0,31.799001036500847,95.0
47.0,25.0,31.767155423319643,95.0
48.0,25.0,31.735753140545633,95.0
49.0,26.347150628109127,26.369174347866554,77.0
50.0,26.347150628109127,26.35008480103154,77.0
51.0,26.347150628109127,26.331326228098316,77.0
52.0,26.347150628109127,26.312891224641618,77.0
53.0,26.347150628109127,26.291720891237155,77.0
54.0,26.347150628109127,26.311882271079565,77.0
55.0,26.347150628109127,26.40677836350998,77.0
56.0,26.347150628109127,26.704297806425654,77.0
57.0,26.347150628109127,27.552089390165815,77.0
58.0,26.347150628109127,29.811450990657256,77.0
59.0,26.347150628109127,29.86843563592609,77.0
60.0,26.347150628109127,29.915638404222534,77.0
61.0,26.347150628109127,29.95502696768923,77.0
62.0,26.347150628109127,29.988066288928916,77.0
63.0,26.347150628109127,30.015872226758137,77.0
64.0,26.347150628109127,30.039311427831542,77.0
65.0,26.347150628109127,30.059068377956788,77.0
66.0,26.347150628109127,30.075691654087098,77.0
67.0,26.347150628109127,30.08962659537527,77.0
68.0,26.347150628109127,30.10123886737669,77.0
69.0,26.347150628109127,30.11083177469259,77.0
70.0,26.347150628109127,30.11865919185427,77.0
71.0,26.347150628109127,30.124935365315842,77.0
72.0,26.347150628109127,30.129842443479504,77.0
73.0,26.347150628109127,30.133536331822377,77.0
74.0,26.347150628109127,30.136151296178262,77.0
75.0,26.347150628109127,30.13780361854404,77.0
76.0,26.347150628109127,30.138594527472257,77.0
77.0,26.347150628109127,30.13861256715263,77.0
78.0,26.347150628109127,30.13793552789369,77.0
79.0,26.347150628109127,30.136632030772766,77.0
80.0,26.347150628109127,30.134762837298354,77.0
81.0,26.347150628109127,30.13238193869836,77.0
82.0,26.347150628109127,30.129537467305987,77.0
83.0,26.347150628109127,30.1262724633447,77.0
84.0,26.347150628109127,30.12262552342428,77.0
85.0,26.347150628109127,30.11863135168822,77.0
86.0,26.347150628109127,30.11432123039027,77.0
87.0,26.347150628109127,30.10972342342931,77.0
88.0,26.347150628109127,30.10486352381789,77.0
89.0,26.347150628109127,30.099764754038926,77.0
90.0,26.347150628109127,30.094448226635244,77.0
91.0,26.347150628109127,30.088933171087888,77.0
92.0,26.347150628109127,30.083237131999965,77.0
93.0,26.347150628109127,30.077376142761825,77.0
94.0,26.347150628109127,30.071364878187957,77.0
95.0,26.347150628109127,30.065216789056024,77.0
96.0,26.347150628109127,30.058944221017498,77.0
97.0,26.347150628109127,30.052558519969363,77.0
98.0,26.347150628109127,30.04607012566084,77.0
99.0,26.347150628109127,30.03948865504683,77.0
100.0,26.347150628109127,30.032822976680357,77.0
101.0,26.347150628109127,30.026081277252434,77.0
102.0,26.347150628109127,30.019271121232645,77.0
103.0,26.347150628109127,30.012399504433404,77.0
104.0,26.347150628109127,30.005472902209476,77.0
105.0,26.347150628109127,29.998497312910537,77.0
106.0,26.347150628109127,29.991478297123955,77.0
107.0,26.347150628109127,29.984421013176338,77.0
108.0,26.347150628109127,29.977330249303396,77.0
109.0,26.347150628109127,29.970210452847112,77.0
110.0,26.347150628109127,29.963065756795395,77.0
111.0,26.347150628109127,29.955900003941537,77.0
112.0,26.347150628109127,29.94871676890842,77.0
113.0,26.347150628109127,29.94151937825344,77.0
114.0,26.347150628109127,29.934310928845957,77.0
115.0,26.347150628109127,29.927094304686914,77.0
116.0,26.347150628109127,29.919872192321883,77.0
117.0,26.942604222144585,25.76469255785034,65.0
118.0,26.942604222144585,25.76282441204103,65.0
119.0,26.942604222144585,25.76095753494283,65.0
120.0,26.942604222144585,25.75909361583523,65.0
121.0,26.942604222144585,25.754863852116447,65.0
122.0,26.942604222144585,25.782503470370926,65.0
123.0,26.942604222144585,25.86796431091516,65.0
124.0,26.942604222144585,26.11058814154497,65.0
125.0,26.942604222144585,26.780411605072477,65.0
126.0,26.942604222144585,28.54643966598233,65.0
127.0,26.942604222144585,28.601603633159485,65.0
128.0,26.942604222144585,28.648971435128832,65.0
129.0,26.942604222144585,28.69007669770457,65.0
130.0,26.942604222144585,28.726062387576366,65.0
131.0,26.942604222144585,28.757800131602938,65.0
132.0,26.942604222144585,28.785967814053976,65.0
133.0,26.942604222144585,28.811101665231348,65.0
134.0,26.942604222144585,28.833632194139835,65.0
135.0,26.942604222144585,28.853909571996454,65.0
136.0,26.942604222144585,28.872221941778022,65.0
137.0,26.942604222144585,28.88880887163133,65.0
138.0,26.942604222144585,28.90387140450451,65.0
139.0,26.942604222144585,28.917579677164046,65.0
140.0,26.942604222144585,28.930078774217737,65.0
141.0,26.942604222144585,28.941493280924263,65.0
142.0,26.942604222144585,28.95193086340518,65.0
143.0,26.942604222144585,28.961485112688266,65.0
144.0,26.942604222144585,28.970237825078772,65.0
145.0,26.942604222144585,28.9782608463354,65.0
146.0,26.942604222144585,28.985617574976967,65.0
147.0,26.942604222144585,28.992364196787037,65.0
148.0,26.942604222144585,28.998550705553793,65.0
149.0,26.942604222144585,29.00422175247516,65.0
150.0,26.942604222144585,29.009417357227306,65.0
151.0,26.942604222144585,29.014173506571385,65.0
152.0,26.942604222144585,29.018522660944026,65.0
153.0,26.942604222144585,29.022494185303746,65.0
154.0,26.942604222144585,29.02611471727235,65.0
155.0,26.942604222144585,29.029408483086204,65.0
156.0,26.942604222144585,29.032397569888783,65.0
157.0,26.942604222144585,29.035102161324854,65.0
158.0,26.942604222144585,29.03754074214736,65.0
159.0,26.942604222144585,29.03973027654523,65.0
160.0,26.942604222144585,29.041686364093994,65.0
161.0,26.942604222144585,29.043423376577,65.0
162.0,26.942604222144585,29.044954578392606,65.0
163.0,26.942604222144585,29.04629223282755,65.0
164.0,26.942604222144585,29.047447696118212,65.0
165.0,26.942604222144585,29.048431500926483,65.0
166.0,26.942604222144585,29.049253430611248,65.0
167.0,26.942604222144585,29.049922585473,65.0
168.0,26.942604222144585,29.050447441978324,65.0
169.0,26.942604222144585,29.050835905827757,65.0
170.0,26.942604222144585,29.051095359610642,65.0
171.0,26.942604222144585,29.051232705688097,65.0
172.0,26.942604222144585,29.051254404859794,65.0
173.0,26.942604222144585,29.051166511296188,65.0
174.0,26.942604222144585,29.05097470415588,65.0
175.0,26.942604222144585,29.05068431625394,65.0
176.0,26.942604222144585,29.05030036010123,65.0
177.0,26.942604222144585,29.04982755159544,65.0
178.0,26.942604222144585,29.049270331610312,65.0
179.0,26.942604222144585,29.04863288570023,65.0
180.0,26.942604222144585,29.047919162111725,65.0
181.0,26.942604222144585,29.047132888271477,65.0
182.0,26.942604222144585,29.046277585900835,65.0
183.0,26.942604222144585,29.045356584890346,65.0
184.0,26.942604222144585,29.04437303605272,65.0
185.0,26.942604222144585,29.043329922859968,65.0
186.0,26.942604222144585,29.042230072259116,65.0
187.0,26.942604222144585,29.041076164650715,65.0
188.0,26.942604222144585,29.03987074310584,65.0
189.0,26.942604222144585,29.038616221889257,65.0
190.0,26.942604222144585,29.037314894349734,65.0
191.0,26.942604222144585,29.03596894023234,65.0
192.0,26.942604222144585,29.034580432461933,65.0
193.0,26.942604222144585,29.03315134344272,65.0
194.0,26.942604222144585,29.031683550913996,65.0
195.0,26.942604222144585,29.030178843398506,65.0
196.0,26.942604222144585,29.02863892527662,65.0
197.0,27.24060917973488,25.598060166860336,56.42857142857143
198.0,27.24060917973488,25.600116652908977,56.42857142857143
199.0,27.24060917973488,25.602146947602282,56.42857142857143
200.0,27.24060917973488,25.60415226127829,56.42857142857143
201.0,27.24060917973488,25.604174661264484,56.42857142857143
202.0,27.24060917973488,25.630509043696073,56.42857142857143
203.0,27.24060917973488,25.704604218447198,56.42857142857143
204.0,27.24060917973488,25.908564922835886,56.42857142857143
205.0,27.24060917973488,26.46557319389156,56.42857142857143
206.0,27.24060917973488,27.928553638447834,56.42857142857143
207.0,27.24060917973488,27.977497598282223,56.42857142857143
208.0,27.24060917973488,28.0199703922514,56.42857142857143
209.0,27.24060917973488,28.057239614485386,56.42857142857143
210.0,27.24060917973488,28.090250001322687,56.42857142857143
211.0,27.24060917973488,28.119722045685165,56.42857142857143
212.0,27.24060917973488,28.146216128807556,56.42857142857143
213.0,27.24060917973488,28.17017556951701,56.42857142857143
214.0,27.24060917973488,28.19195632092226,56.42857142857143
215.0,27.24060917973488,28.21184794844709,56.42857142857143
216.0,27.24060917973488,28.23008876141074,56.42857142857143
217.0,27.24060917973488,28.24687693115262,56.42857142857143
218.0,27.24060917973488,28.26237879605146,56.42857142857143
219.0,27.24060917973488,28.276735157741314,56.42857142857143
220.0,27.24060917973488,28.290066118645672,56.42857142857143
221.0,27.24060917973488,28.302474844133776,56.42857142857143
222.0,27.24060917973488,28.314050520891243,56.42857142857143
223.0,27.24060917973488,28.324870706906268,56.42857142857143
224.0,27.24060917973488,28.335003215633794,56.42857142857143
225.0,27.24060917973488,28.34450763969199,56.42857142857143
226.0,27.24060917973488,28.35343659287351,56.42857142857143
227.0,27.24060917973488,28.361836730031047,56.42857142857143
228.0,27.24060917973488,28.36974959032231,56.42857142857143
229.0,27.24060917973488,28.37721229887938,56.42857142857143
230.0,27.24060917973488,28.38425815417285,56.42857142857143
231.0,27.24060917973488,28.39091712245391,56.42857142857143
232.0,27.24060917973488,28.397216256170054,56.42857142857143
233.0,27.24060917973488,28.403180049801637,56.42857142857143
234.0,27.24060917973488,28.40883074389401,56.42857142857143
235.0,27.24060917973488,28.414188585974284,56.42857142857143
236.0,27.24060917973488,28.41927205540214,56.42857142857143
237.0,27.24060917973488,28.424098057906342,56.42857142857143
238.0,27.24060917973488,28.42868209452559,56.42857142857143
239.0,27.24060917973488,28.433038408844027,56.42857142857143
240.0,27.24060917973488,28.437180115745186,56.42857142857143
241.0,27.24060917973488,28.441119314367626,56.42857142857143
242.0,27.24060917973488,28.444867187505782,56.42857142857143
243.0,27.24060917973488,28.448434089339436,56.42857142857143
244.0,27.24060917973488,28.451829623079785,56.42857142857143
245.0,27.24060917973488,28.4550627098754,56.42857142857143
246.0,27.24060917973488,28.45814165011912,56.42857142857143
247.0,27.24060917973488,28.461074178128467,56.42857142857143
248.0,27.24060917973488,28.463867511030852,56.42857142857143
249.0,27.24060917973488,28.466528392567103,56.42857142857143
250.0,27.24060917973488,28.46906313242697,56.42857142857143
251.0,27.24060917973488,28.471477641646594,56.42857142857144
252.0,27.24060917973488,28.473777464526243,56.42857142857142
253.0,27.24060917973488,28.475967807466503,56.42857142857143
254.0,27.24060917973488,28.478053565068997,56.42857142857143
255.0,27.24060917973488,28.48003934380401,56.42857142857142
256.0,27.24060917973488,28.481929483509024,56.42857142857143
257.0,27.24060917973488,28.483728076949944,56.42857142857143
258.0,27.24060917973488,28.48543898764847,56.42857142857143
259.0,27.24060917973488,28.4870658661548,56.42857142857144
260.0,27.24060917973488,28.488612164923875,56.42857142857143
261.0,27.24060917973488,28.490081151935005,56.42857142857142
262.0,27.24060917973488,28.49147592317872,56.42857142857142
263.0,27.24060917973488,28.49279941412094,56.42857142857144
264.0,27.24060917973488,28.49405441024223,56.42857142857143
265.0,27.24060917973488,28.495243556739407,56.42857142857143
266.0,27.24060917973488,28.496369367467217,56.42857142857143
267.0,27.24060917973488,28.497434233189725,56.42857142857142
268.0,27.24060917973488,28.49844042920379,56.42857142857142
269.0,27.24060917973488,28.499390122390366,56.42857142857142
270.0,27.24060917973488,28.500285377744067,56.42857142857143
271.0,27.24060917973488,28.50112816442599,56.42857142857143
272.0,27.24060917973488,28.50192036138073,56.42857142857142
273.0,27.24060917973488,28.502663762554185,56.42857142857143
274.0,27.24060917973488,28.50336008174545,56.42857142857143
275.0,27.24060917973488,28.504010957122837,56.42857142857143
276.0,27.24060917973488,28.50461795543132,56.42857142857143
277.0,27.39861027669693,25.569972831170936,50.0
278.0,27.39861027669693,25.573369126725076,50.00000000000001
279.0,27.39861027669693,25.576730800781633,50.0
280.0,27.39861027669693,25.580059006391622,49.99999999999999
281.0,27.39861027669693,25.58167803023906,50.0
282.0,27.39861027669693,25.605806093939552,50.0
283.0,27.39861027669693,25.670801730794867,50.0
284.0,27.39861027669693,25.846939963497977,50.00000000000001
285.0,27.39861027669693,26.32524639130656,50.0
286.0,27.39861027669693,27.578979160366,50.0
287.0,27.39861027669693,27.62240158304615,50.0
288.0,27.39861027669693,27.660274035114167,50.0
289.0,27.39861027669693,27.693681581312383,50.0
290.0,27.39861027669693,27.72343294561455,50.0
291.0,27.39861027669693,27.750144917024507,50.0
292.0,27.39861027669693,27.774297241064613,50.0
293.0,27.39861027669693,27.79626946642037,50.0
294.0,27.39861027669693,27.816366362865622,49.99999999999999
295.0,27.39861027669693,27.834835876735863,50.0
296.0,27.39861027669693,27.851882082318838,50.0
297.0,27.39861027669693,27.867674698057677,50.0
298.0,27.39861027669693,27.882356194967464,50.00000000000001
299.0,27.39861027669693,27.896047185682022,50.0
300.0,27.39861027669693,27.908850564989514,50.00000000000001
301.0,27.39861027669693,27.920854729933488,50.0
302.0,27.39861027669693,27.932136111939954,50.0
303.0,27.39861027669693,27.942761188217816,49.99999999999999
304.0,27.39861027669693,27.95278809445442,50.0
305.0,27.39861027669693,27.962267928980644,50.00000000000001
306.0,27.39861027669693,27.97124581583704,50.0
307.0,27.39861027669693,27.97976177771887,50.0
308.0,27.39861027669693,27.987851457731647,49.99999999999999
309.0,27.39861027669693,27.99554671996981,50.0
310.0,27.39861027669693,28.002876152259795,50.0
311.0,27.39861027669693,28.009865489369652,50.0
312.0,27.39861027669693,28.01653797114647,50.0
313.0,27.39861027669693,28.022914647091454,50.0
314.0,27.39861027669693,28.02901463659473,50.0
315.0,27.39861027669693,28.034855352267094,50.0
316.0,27.39861027669693,28.040452692402408,50.00000000000001
317.0,27.39861027669693,28.045821207493532,50.0
318.0,27.39861027669693,28.050974244840486,50.0
319.0,27.39861027669693,28.055924074580776,50.0
320.0,27.39861027669693,28.060681999901064,50.0
321.0,27.39861027669693,28.065258453726784,49.99999999999999
322.0,27.39861027669693,28.069663083810017,49.99999999999999
323.0,27.39861027669693,28.073904827827732,50.00000000000001
324.0,27.39861027669693,28.077991979849294,50.00000000000001
325.0,27.39861027669693,28.081932249323383,50.0
326.0,27.39861027669693,28.085732813560597,50.0
327.0,27.39861027669693,28.089400364544275,50.0
328.0,27.39861027669693,28.092941150781318,50.0
329.0,27.39861027669693,28.096361014803147,50.0
330.0,27.39861027669693,28.099665426842712,50.0
331.0,27.39861027669693,28.102859515140583,50.00000000000001
332.0,27.39861027669693,28.105948093272772,50.00000000000001
333.0,27.39861027669693,28.108935684840894,50.00000000000001
334.0,27.39861027669693,28.11182654582099,50.0
335.0,27.39861027669693,28.11462468482972,50.0
336.0,27.39861027669693,28.11733388153401,50.00000000000001
337.0,27.39861027669693,28.119957703402378,50.0
338.0,27.39861027669693,28.122499520972227,50.00000000000001
339.0,27.39861027669693,28.12496252178638,50.0
340.0,27.39861027669693,28.127349723134305,50.0
341.0,27.39861027669693,28.129663983717705,50.0
342.0,27.39861027669693,28.13190801434648,50.00000000000001
343.0,27.39861027669693,28.13408438775926,50.0
344.0,27.39861027669693,28.13619554765229,50.0
345.0,27.39861027669693,28.13824381699117,50.0
346.0,27.39861027669693,28.140231405672196,50.0
347.0,27.39861027669693,28.142160417592702,49.99999999999999
348.0,27.39861027669693,28.144032857183937,49.99999999999999
349.0,27.481435007862153,25.57666101294336,45.0
350.0,27.481435007862153,25.580801407821482,45.0
351.0,27.481435007862153,25.58489638261409,44.99999999999999
352.0,27.481435007862153,25.588947415294594,45.0
353.0,27.481435007862153,25.59148827882559,45.0
354.0,27.481435007862153,25.613716453155458,45.00000000000001
355.0,27.481435007862153,25.671700691188608,45.0
356.0,27.481435007862153,25.82694975922454,45.00000000000001
357.0,27.481435007862153,26.246659639273886,45.0
358.0,27.481435007862153,27.345051014839456,44.99999999999999
359.0,27.481435007862153,27.384103384441673,44.99999999999999
360.0,27.481435007862153,27.41828649432205,45.0
361.0,27.481435007862153,27.44855035264717,45.00000000000001
362.0,27.481435007862153,27.475603086377433,45.0
363.0,27.481435007862153,27.49998481842041,45.0
364.0,27.481435007862153,27.522115712258717,45.0
365.0,27.481435007862153,27.542328222734827,45.0
366.0,27.481435007862153,27.56088934377582,44.99999999999999
367.0,27.481435007862153,27.578016324546823,45.0
368.0,27.481435007862153,27.59388800573,45.0
369.0,27.481435007862153,27.608653149111507,44.99999999999999
370.0,27.481435007862153,27.622436659714214,45.0
371.0,27.481435007862153,27.63534430301715,44.99999999999999
372.0,27.481435007862153,27.64746632938419,45.0
373.0,27.481435007862153,27.65888029285386,45.0
374.0,27.481435007862153,27.669653267753816,45.0
375.0,27.481435007862153,27.679843609525573,45.0
376.0,27.481435007862153,27.689502366560777,45.0
377.0,27.481435007862153,27.698674421976037,45.0
378.0,27.481435007862153,27.707399424347003,45.0
379.0,27.481435007862153,27.71571255202197,45.0
380.0,27.481435007862153,27.723645145090465,45.0
381.0,27.481435007862153,27.731225231277126,45.0
382.0,27.481435007862153,27.73847796619101,45.00000000000001
383.0,27.481435007862153,27.745426003950282,45.0
384.0,27.481435007862153,27.75208981084059,45.0
385.0,27.481435007862153,27.758487932081646,45.0
386.0,27.481435007862153,27.764637219774585,45.0
387.0,27.481435007862153,27.7705530285401,45.0
388.0,27.481435007862153,27.77624938412907,44.99999999999999
389.0,27.481435007862153,27.781739129314996,45.0
390.0,27.481435007862153,27.787034050603538,45.0
391.0,27.481435007862153,27.7921449886745,44.99999999999999
392.0,27.481435007862153,27.797081934971242,44.99999999999999
393.0,27.481435007862153,27.801854116448506,44.99999999999999
394.0,27.481435007862153,27.806470070159566,44.99999999999999
395.0,27.481435007862153,27.810937709094027,45.00000000000001
396.0,27.481435007862153,27.815264380456277,45.00000000000001
397.0,27.481435007862153,27.819456917391197,45.0
398.0,27.481435007862153,27.823521685012306,45.0
399.0,27.481435007862153,27.82746462146103,44.99999999999999
400.0,27.481435007862153,27.831291274620362,45.0
401.0,27.481435007862153,27.83500683501744,45.0
402.0,27.481435007862153,27.838616165375218,45.0
403.0,27.481435007862153,27.84212382721016,45.0
404.0,27.481435007862153,27.84553410481994,45.0
405.0,27.481435007862153,27.848851026959114,45.0
406.0,27.481435007862153,27.852078386462644,45.0
407.0,27.481435007862153,27.855219758043706,45.0
408.0,27.481435007862153,27.858278514463734,45.00000000000001
409.0,27.481435007862153,27.861257841248616,45.0
410.0,27.481435007862153,27.864160750103412,45.0
411.0,27.481435007862153,27.866990091160112,45.0
412.0,27.481435007862153,27.869748564176987,45.00000000000001
413.0,27.481435007862153,27.872438728794364,45.0
414.0,27.481435007862153,27.875063013939908,45.0
415.0,27.481435007862153,27.877623726465668,45.0
416.0,27.481435007862153,27.880123059090586,45.0
417.0,27.481435007862153,27.882563097713565,45.0
418.0,27.481435007862153,27.884945828155733,45.0
419.0,27.481435007862153,27.887273142383886,45.00000000000001
420.0,27.481435007862153,27.88954684426213,45.0
421.0,27.481435007862153,27.891768654873324,45.0
422.0,27.481435007862153,27.893940217448446,45.0
423.0,27.481435007862153,27.89606310193735,45.00000000000001
424.0,27.481435007862153,27.898138809251904,45.0
425.0,27.481435007862153,27.900168775208797,45.0
426.0,27.481435007862153,27.902154374197114,45.0
427.0,27.481435007862153,27.904096922593265,45.0
428.0,27.481435007862153,27.9059976819435,44.99999999999999
429.0,27.481435007862153,27.907857861932982,45.0
430.0,27.481435007862153,27.909678623157852,44.99999999999999
431.0,27.481435007862153,27.911461079715906,44.99999999999999
432.0,27.481435007862153,27.91320630162978,45.0
433.0,27.481435007862153,27.91491531711536,45.0
434.0,27.481435007862153,27.91658911470706,45.0
435.0,27.481435007862153,27.918228645250675,45.0
436.0,27.481435007862153,27.919834823773396,45.0
437.0,27.481435007862153,27.921408531240026,45.0
438.0,27.481435007862153,27.922950616203465,45.0
439.0,27.481435007862153,27.92446189635708,44.99999999999999
440.0,27.481435007862153,27.92594315999569,45.0
441.0,27.481435007862153,27.927395167391637,45.0
442.0,27.481435007862153,27.92881865209172,44.99999999999999
443.0,27.481435007862153,27.93021432214034,45.0
444.0,27.481435007862153,27.931582861233817,45.0
445.0,27.481435007862153,27.9329249298105,45.0
446.0,27.481435007862153,27.934241166080845,44.99999999999999
447.0,27.481435007862153,27.93553218700132,45.0
448.0,27.481435007862153,27.93679858919591,44.99999999999999
449.0,27.481435007862153,27.93804094982833,45.0
450.0,27.481435007862153,27.939259827428298,44.99999999999999
451.0,27.481435007862153,27.940455762674524,45.0
452.0,27.481435007862153,27.94162927913727,45.0
453.0,27.481435007862153,27.942780883982763,45.0
454.0,27.481435007862153,27.94391106864199,45.0
455.0,27.481435007862153,27.94502030944587,45.00000000000001
456.0,27.481435007862153,27.94610906822875,45.0
457.0,27.481435007862153,27.94717779290227,45.0
458.0,27.481435007862153,27.948226918001254,45.0
459.0,27.481435007862153,27.949256865203076,45.0
460.0,27.481435007862153,27.950268043822305,45.0
461.0,27.481435007862153,27.951260851281827,45.00000000000001
462.0,27.481435007862153,27.95223567356181,45.0
463.0,27.481435007862153,27.95319288562779,45.0
464.0,27.481435007862153,27.95413285183901,45.0
465.0,27.481435007862153,27.955055926338055,45.00000000000001
466.0,27.481435007862153,27.955962453422853,44.99999999999999
467.0,27.481435007862153,27.956852767901946,45.0
468.0,27.481435007862153,27.95772719543397,44.99999999999999
469.0,27.481435007862153,27.958586052852084,45.0
470.0,27.481435007862153,27.959429648474295,45.0
471.0,27.481435007862153,27.96025828240023,45.0
472.0,27.481435007862153,27.96107224679519,44.99999999999999
473.0,27.481435007862153,27.961871826162078,45.0
474.0,27.481435007862153,27.96265729760181,45.0
475.0,27.481435007862153,27.963428931062808,45.0
476.0,27.481435007862153,27.96418698958011,45.0
477.0,27.481435007862153,27.964931729504613,45.0
478.0,27.481435007862153,27.965663400722946,45.0
479.0,27.481435007862153,27.966382246868378,45.00000000000001
480.0,27.481435007862153,27.967088505523236,45.0
481.0,27.481435007862153,27.967782408413306,45.0
482.0,27.481435007862153,27.9684641815944,44.99999999999999
483.0,27.481435007862153,27.969134045631677,44.99999999999999
484.0,27.481435007862153,27.969792215771943,45.00000000000001
485.0,27.481435007862153,27.970438902109226,45.00000000000001
486.0,27.481435007862153,27.971074309744086,45.0
487.0,27.481435007862153,27.97169863893674,45.0
488.0,27.481435007862153,27.972312085254416,45.0
489.0,27.481435007862153,27.972914839713255,45.0
490.0,27.481435007862153,27.973507088914776,44.99999999999999
491.0,27.481435007862153,27.974089015177388,45.0
492.0,27.481435007862153,27.974660796663073,45.0
493.0,27.481435007862153,27.975222607499333,45.0
494.0,27.481435007862153,27.975774617896857,45.00000000000001
495.0,27.481435007862153,27.976316994262866,45.0
496.0,27.481435007862153,27.976849899310437,45.00000000000001
497.0,27.481435007862153,27.97737349216395,45.0
498.0,27.481435007862153,27.977887928460802,45.0
499.0,27.481435007862153,27.97839336044961,45.0
500.0,27.481435007862153,27.978889937084933,45.0
501.0,27.481435007862153,27.97937780411878,45.00000000000001
502.0,27.481435007862153,27.979857104188973,45.0
503.0,27.481435007862153,27.980327976904462,45.0
504.0,27.481435007862153,27.98079055892784,45.0
505.0,27.481435007862153,27.981244984054978,45.0
506.0,27.481435007862153,27.981691383292105,45.0
507.0,27.481435007862153,27.982129884930266,45.0
508.0,27.481435007862153,27.98256061461735,45.0
509.0,27.481435007862153,27.982983695427766,44.99999999999999
510.0,27.481435007862153,27.98339924792988,45.0
511.0,27.481435007862153,27.9838073902512,44.99999999999999
512.0,27.481435007862153,27.98420823814154,45.0
513.0,27.481435007862153,27.984601905034147,45.0
514.0,27.481435007862153,27.984988502104898,45.0
515.0,27.481435007862153,27.985368138329587,45.0
516.0,27.481435007862153,27.985740920539506,45.0
517.0,27.481435007862153,27.98610695347524,45.0
518.0,27.481435007862153,27.986466339838767,45.0
519.0,27.481435007862153,27.98681918034407,45.0
520.0,27.481435007862153,27.987165573766063,45.0
521.0,27.481435007862153,27.98750561698815,45.0
522.0,27.481435007862153,27.98783940504831,45.0
523.0,27.481435007862153,27.98816703118372,45.0
524.0,27.481435007862153,27.988488586874237,45.0
525.0,27.481435007862153,27.988804161884364,45.00000000000001
526.0,27.481435007862153,27.98911384430414,45.0
527.0,27.481435007862153,27.989417720588804,45.0
528.0,27.481435007862153,27.98971587559723,45.00000000000001
529.0,27.481435007862153,27.990008392629363,45.0
530.0,27.481435007862153,27.990295353462457,45.0
531.0,27.481435007862153,27.99057683838637,45.00000000000001
532.0,27.481435007862153,27.990852926237814,45.0
533.0,27.481435007862153,27.991123694433632,45.0
534.0,27.481435007862153,27.99138921900316,45.0
535.0,27.481435007862153,27.991649574619665,45.0
536.0,27.481435007862153,27.991904834630887,44.99999999999999
537.0,27.481435007862153,27.992155071088828,45.0
538.0,27.481435007862153,27.992400354778567,45.00000000000001
539.0,27.481435007862153,27.99264075524645,44.99999999999999
540.0,27.481435007862153,27.99287634082739,45.0
541.0,27.481435007862153,27.99310717867148,45.00000000000001
542.0,27.481435007862153,27.99333333476989,45.00000000000001
543.0,27.481435007862153,27.993554873980074,45.00000000000001
544.0,27.481435007862153,27.99377186005022,45.0
545.0,27.481435007862153,27.993984355643274,44.99999999999999
546.0,27.481435007862153,27.994192422359976,45.0
547.0,27.481435007862153,27.994396120761664,45.0
548.0,27.481435007862153,27.994595510392248,44.99999999999999
549.0,27.481435007862153,27.99479064979966,45.0
550.0,27.481435007862153,27.994981596556787,45.0
551.0,27.481435007862153,27.995168407281856,45.0
552.0,27.481435007862153,27.99535113765826,45.00000000000001
553.0,27.481435007862153,27.995529842453955,45.0
554.0,27.481435007862153,27.995704575540245,45.0
555.0,27.481435007862153,27.99587538991021,45.00000000000001
556.0,27.481435007862153,27.99604233769664,45.00000000000001
557.0,27.481435007862153,27.996205470189484,45.0
558.0,27.481435007862153,27.996364837852866,45.0
559.0,27.481435007862153,27.996520490341748,45.0
560.0,27.481435007862153,27.996672476518125,44.99999999999999
561.0,27.481435007862153,27.996820844466818,45.0
562.0,27.481435007862153,27.996965641510922,45.00000000000001
563.0,27.481435007862153,27.99710691422686,45.0
564.0,27.481435007862153,27.99724470845903,45.00000000000001
565.0,27.481435007862153,27.997379069334215,45.0
566.0,27.481435007862153,27.997510041275486,45.0
567.0,27.481435007862153,27.99763766801597,45.00000000000001
568.0,27.481435007862153,27.997761992612062,45.0
569.0,27.481435007862153,27.99788305745657,44.99999999999999
570.0,27.481435007862153,27.998000904291317,44.99999999999999
571.0,27.481435007862153,27.998115574219643,45.0
572.0,27.481435007862153,27.998227107718506,44.99999999999999
573.0,27.481435007862153,27.998335544650317,45.0
574.0,27.481435007862153,27.99844092427455,45.0
575.0,27.481435007862153,27.998543285258986,44.99999999999999
576.0,27.481435007862153,27.998642665690866,45.0
577.0,27.481435007862153,27.998739103087587,45.00000000000001
578.0,27.481435007862153,27.99883263440731,44.99999999999999
579.0,27.481435007862153,27.99892329605929,45.0
580.0,27.481435007862153,27.999011123913917,45.0
581.0,27.481435007862153,27.999096153312607,45.0
582.0,27.481435007862153,27.999178419077428,45.0
583.0,27.481435007862153,27.99925795552055,45.00000000000001
584.0,27.481435007862153,27.999334796453425,45.0
585.0,27.481435007862153,27.999408975195827,44.99999999999999
586.0,27.481435007862153,27.999480524584676,45.00000000000001
587.0,27.481435007862153,27.999549476982626,44.99999999999999
588.0,27.481435007862153,27.999615864286568,45.0
589.0,27.481435007862153,27.99967971793582,45.0
590.0,27.481435007862153,27.999741068920244,45.0
591.0,27.481435007862153,27.999799947788162,44.99999999999999
592.0,27.481435007862153,27.999856384654027,44.99999999999999
593.0,27.481435007862153,27.999910409206084,45.0
594.0,27.481435007862153,27.999962050713716,45.00000000000001
595.0,27.481435007862153,28.000011338034717,45.0
596.0,27.481435007862153,28.000058299622406,45.00000000000001
597.0,27.481435007862153,28.000102963532584,45.0
598.0,27.481435007862153,28.000145357430316,45.00000000000001
599.0,27.481435007862153,28.000185508596616,45.0
600.0,27.481435007862153,28.000223443934992,44.99999999999999
601.0,27.481435007862153,28.000259189977815,45.0
602.0,27.481435007862153,28.000292772892582,45.0
603.0,27.481435007862153,28.000324218488092,45.0
604.0,27.481435007862153,28.000353552220403,45.00000000000001
605.0,27.481435007862153,28.000380799198744,45.0
606.0,27.481435007862153,28.00040598419134,45.0
607.0,27.481435007862153,28.00042913163094,45.0
608.0,27.481435007862153,28.000450265620497,45.0
609.0,27.481435007862153,28.000469409938486,45.0
610.0,27.481435007862153,28.000486588044296,45.0
611.0,27.481435007862153,28.000501823083443,45.0
612.0,27.481435007862153,28.000515137892616,45.0
613.0,27.481435007862153,28.000526555004786,45.0
614.0,27.481435007862153,28.000536096654045,45.0
615.0,27.481435007862153,28.00054378478046,45.0
616.0,27.481435007862153,28.0005496410348,45.00000000000001
617.0,27.481435007862153,28.000553686783153,45.0
618.0,27.481435007862153,28.00055594311146,45.0
619.0,27.481435007862153,28.000556430830013,45.00000000000001
620.0,27.481435007862153,28.000555170477796,45.0
621.0,27.481435007862153,28.000552182326757,45.0
622.0,27.481435007862153,28.000547486386054,44.99999999999999
623.0,27.481435007862153,28.000541102406157,45.0
624.0,27.481435007862153,28.000533049882883,44.99999999999999
625.0,27.481435007862153,28.0005233480614,45.0
626.0,27.481435007862153,28.0005120159401,45.0
627.0,27.481435007862153,28.000499072274422,45.0
628.0,27.481435007862153,28.000484535580632,45.0
629.0,27.481435007862153,28.000468424139466,44.99999999999999
630.0,27.481435007862153,28.00045075599977,45.0
631.0,27.481435007862153,28.000431548982036,45.0
632.0,27.481435007862153,28.00041082068192,45.0
633.0,27.481435007862153,28.0003885884736,45.0
634.0,27.481435007862153,28.00036486951317,45.00000000000001
635.0,27.481435007862153,28.000339680741938,44.99999999999999
636.0,27.481435007862153,28.00031303888966,45.0
637.0,27.481435007862153,28.00028496047769,45.00000000000001
638.0,27.481435007862153,28.000255461822128,45.0
639.0,27.481435007862153,28.00022455903688,45.0
640.0,27.481435007862153,28.00019226803665,45.00000000000001
641.0,27.481435007862153,28.000158604539923,45.00000000000001
642.0,27.481435007862153,28.000123584071837,45.0
643.0,27.481435007862153,28.000087221967057,45.0
644.0,27.481435007862153,28.00004953337257,45.0
645.0,27.481435007862153,28.000010533250414,45.0
646.0,27.481435007862153,27.999970236380417,45.0
647.0,27.481435007862153,27.999928657362837,44.99999999999999
648.0,27.481435007862153,27.999885810620956,45.0
649.0,27.481435007862153,27.999841710403672,45.0
650.0,27.481435007862153,27.999796370787998,45.0
651.0,27.481435007862153,27.999749805681546,44.99999999999999
652.0,27.481435007862153,27.999702028824952,45.0
653.0,27.481435007862153,27.999653053794265,45.0
654.0,27.481435007862153,27.99960289400335,44.99999999999999
655.0,27.481435007862153,27.9995515627061,45.0
656.0,27.481435007862153,27.999499072998788,45.0
657.0,27.481435007862153,27.999445437822267,45.0
658.0,27.481435007862153,27.99939066996419,45.0
659.0,27.481435007862153,27.999334782061112,45.00000000000001
660.0,27.481435007862153,27.999277786600675,45.00000000000001
661.0,27.481435007862153,27.99921969592366,45.0
662.0,27.481435007862153,27.999160522226045,45.0
663.0,27.481435007862153,27.999100277561013,45.00000000000001
664.0,27.481435007862153,27.999038973840964,45.0
665.0,27.481435007862153,27.99897662283941,45.00000000000001
666.0,27.481435007862153,27.998913236192983,45.00000000000001
667.0,27.481435007862153,27.9988488254032,45.0
668.0,27.481435007862153,27.998783401838452,45.0
669.0,27.481435007862153,27.998716976735714,45.00000000000001
670.0,27.481435007862153,27.998649561202424,45.0
671.0,27.481435007862153,27.998581166218184,45.00000000000001
672.0,27.481435007862153,27.99851180263655,45.0
673.0,27.481435007862153,27.998441481186724,45.0
674.0,27.481435007862153,27.998370212475223,44.99999999999999
675.0,27.481435007862153,27.998298006987536,45.00000000000001
676.0,27.481435007862153,27.99822487508978,45.0
677.0,27.481435007862153,27.998150827030276,45.0
678.0,27.481435007862153,27.99807587294111,44.99999999999999
679.0,27.481435007862153,27.99800002283974,44.99999999999999
680.0,27.481435007862153,27.997923286630474,45.0
681.0,27.481435007862153,27.99784567410599,45.0
682.0,27.481435007862153,27.99776719494881,44.99999999999999
683.0,27.481435007862153,27.997687858732775,45.00000000000001
684.0,27.481435007862153,27.997607674924428,45.0
685.0,27.481435007862153,27.997526652884517,44.99999999999999
686.0,27.481435007862153,27.997444801869285,45.0
687.0,27.481435007862153,27.997362131031878,44.99999999999999
688.0,27.481435007862153,27.997278649423723,45.0
689.0,27.481435007862153,27.99719436599578,45.0
690.0,27.481435007862153,27.99710928959993,45.00000000000001
691.0,27.481435007862153,27.997023428990193,45.0
692.0,27.481435007862153,27.996936792824027,45.0
693.0,27.481435007862153,27.996849389663563,44.99999999999999
694.0,27.481435007862153,27.996761227976823,45.0
695.0,27.481435007862153,27.996672316138966,45.0
696.0,27.481435007862153,27.99658266243341,45.0
697.0,27.481435007862153,27.996492275053086,45.0
698.0,27.481435007862153,27.996401162101506,45.0
699.0,27.481435007862153,27.996309331593984,45.0
700.0,27.481435007862153,27.996216791458675,45.0
701.0,27.481435007862153,27.996123549537742,45.00000000000001
702.0,27.481435007862153,27.996029613588412,45.00000000000001
703.0,27.481435007862153,27.995934991284038,45.0
704.0,27.481435007862153,27.995839690215174,45.0
705.0,27.481435007862153,27.995743717890605,45.00000000000001
706.0,27.481435007862153,27.99564708173837,45.0
707.0,27.481435007862153,27.99554978910676,45.0
708.0,27.481435007862153,27.99545184726533,45.0
709.0,27.481435007862153,27.995353263405846,44.99999999999999
710.0,27.481435007862153,27.995254044643325,45.0
711.0,27.481435007862153,27.995154198016873,45.0
712.0,27.481435007862153,27.995053730490692,45.00000000000001
713.0,27.481435007862153,27.994952648955007,45.0
714.0,27.481435007862153,27.994850960226948,45.00000000000001
715.0,27.481435007862153,27.994748671051454,45.0
716.0,27.481435007862153,27.994645788102154,45.0
717.0,27.481435007862153,27.994542317982262,45.0
718.0,27.481435007862153,27.99443826722538,45.00000000000001
719.0,27.481435007862153,27.99433364229641,44.99999999999999
720.0,27.481435007862153,27.994228449592338,45.0
721.0,27.481435007862153,27.99412269544307,45.0
722.0,27.481435007862153,27.994016386112257,45.0
723.0,27.481435007862153,27.99390952779808,45.00000000000001
724.0,27.481435007862153,27.99380212663403,45.0
725.0,27.481435007862153,27.993694188689688,45.0
726.0,27.481435007862153,27.993585719971513,45.0
727.0,27.481435007862153,27.993476726423573,45.0
728.0,27.481435007862153,27.99336721392828,45.0
729.0,27.481435007862153,27.993257188307147,45.0
730.0,27.481435007862153,27.99314665532151,45.00000000000001
731.0,27.481435007862153,27.993035620673215,45.0
732.0,27.481435007862153,27.992924090005356,45.0
733.0,27.481435007862153,27.992812068902932,45.0
734.0,27.481435007862153,27.99269956289356,45.0
735.0,27.481435007862153,27.992586577448144,45.0
736.0,27.481435007862153,27.992473117981536,45.0
737.0,27.481435007862153,27.992359189853186,45.0
738.0,27.481435007862153,27.99224479836779,45.0
739.0,27.481435007862153,27.99212994877594,45.00000000000001
740.0,27.481435007862153,27.992014646274754,45.0
741.0,27.481435007862153,27.991898896008465,44.99999999999999
742.0,27.481435007862153,27.991782703069077,45.0
743.0,27.481435007862153,27.991666072496947,45.0
744.0,27.481435007862153,27.991549009281396,45.00000000000001
745.0,27.481435007862153,27.991431518361246,45.0
746.0,27.481435007862153,27.99131360462549,45.0
747.0,27.481435007862153,27.991195272913767,45.00000000000001
748.0,27.481435007862153,27.991076528017004,45.00000000000001
749.0,27.481435007862153,27.990957374677933,45.0
750.0,27.481435007862153,27.990837817591643,45.0
751.0,27.481435007862153,27.99071786140614,45.0
752.0,27.481435007862153,27.990597510722857,45.0
753.0,27.481435007862153,27.990476770097214,45.0
754.0,27.481435007862153,27.99035564403911,45.0
755.0,27.481435007862153,27.99023413701345,45.00000000000001
756.0,27.481435007862153,27.99011225344066,45.0
757.0,27.481435007862153,27.98998999769714,45.0
758.0,27.481435007862153,27.989867374115853,44.99999999999999
759.0,27.481435007862153,27.989744386986732,45.0
760.0,27.481435007862153,27.989621040557168,45.0
761.0,27.481435007862153,27.98949733903253,44.99999999999999
762.0,27.481435007862153,27.9893732865766,45.0
763.0,27.481435007862153,27.98924888731203,45.00000000000001
764.0,27.481435007862153,27.98912414532082,45.0
765.0,27.481435007862153,27.988999064644766,45.00000000000001
766.0,27.481435007862153,27.988873649285896,45.0
767.0,27.481435007862153,27.98874790320691,45.0
768.0,27.481435007862153,27.98862183033162,44.99999999999999
769.0,27.481435007862153,27.98849543454537,45.0
770.0,27.481435007862153,27.98836871969547,45.0
771.0,27.481435007862153,27.988241689591607,45.00000000000001
772.0,27.481435007862153,27.988114348006253,45.0
773.0,27.481435007862153,27.987986698675083,45.0
774.0,27.481435007862153,27.98785874529736,45.0
775.0,27.481435007862153,27.987730491536343,45.0
776.0,27.481435007862153,27.98760194101969,45.0
777.0,27.481435007862153,27.987473097339816,45.00000000000001
778.0,27.481435007862153,27.98734396405429,45.0
779.0,27.481435007862153,27.98721454468623,45.00000000000001
780.0,27.481435007862153,27.987084842724634,45.00000000000001
781.0,27.481435007862153,27.986954861624785,45.0
782.0,27.481435007862153,27.986824604808607,45.0
783.0,27.481435007862153,27.986694075664996,45.0
784.0,27.481435007862153,27.986563277550196,45.0
785.0,27.481435007862153,27.986432213788177,44.99999999999999
786.0,27.481435007862153,27.98630088767092,45.0
787.0,27.481435007862153,27.986169302458805,45.0
788.0,27.481435007862153,27.9860374613809,44.99999999999999
789.0,27.481435007862153,27.985905367635368,45.0
790.0,27.481435007862153,27.98577302438974,45.0
791.0,27.481435007862153,27.98564043478123,45.0
792.0,27.481435007862153,27.985507601917107,44.99999999999999
793.0,27.481435007862153,27.985374528874964,45.0
794.0,27.481435007862153,27.985241218703052,45.00000000000001
795.0,27.481435007862153,27.985107674420586,44.99999999999999
796.0,27.481435007862153,27.984973899018065,45.00000000000001
797.0,27.481435007862153,27.984839895457537,45.0
798.0,27.481435007862153,27.98470566667293,44.99999999999999
799.0,27.481435007862153,27.98457121557034,45.00000000000001
800.0,27.481435007862153,27.98443654502831,45.0
801.0,27.481435007862153,27.98430165789813,45.0
802.0,27.481435007862153,27.9841665570041,45.0
803.0,27.481435007862153,27.984031245143846,45.0
804.0,27.481435007862153,27.98389572508857,45.0
805.0,27.481435007862153,27.983759999583324,45.0
806.0,27.481435007862153,27.983624071347297,45.0
807.0,27.481435007862153,27.983487943074053,45.0
808.0,27.481435007862153,27.98335161743184,44.99999999999999
809.0,27.481435007862153,27.983215097063812,45.0
810.0,27.481435007862153,27.983078384588303,45.0
811.0,27.481435007862153,27.98294148259907,44.99999999999999
812.0,27.481435007862153,27.982804393665575,44.99999999999999
813.0,27.481435007862153,27.982667120333193,45.0
814.0,27.481435007862153,27.982529665123476,45.0
815.0,27.481435007862153,27.982392030534413,45.0
816.0,27.481435007862153,27.982254219040655,45.0
817.0,27.481435007862153,27.98211623309373,45.0
818.0,27.481435007862153,27.98197807512233,45.0
819.0,27.481435007862153,27.981839747532494,45.00000000000001
820.0,27.481435007862153,27.981701252707857,45.00000000000001
821.0,27.481435007862153,27.981562593009887,45.00000000000001
822.0,27.481435007862153,27.98142377077808,45.0
823.0,27.481435007862153,27.981284788330225,45.0
824.0,27.481435007862153,27.98114564796256,45.0
825.0,27.481435007862153,27.98100635195006,45.0
826.0,27.481435007862153,27.980866902546598,45.00000000000001
827.0,27.481435007862153,27.980727301985194,45.0
828.0,27.481435007862153,27.980587552478156,44.99999999999999
829.0,27.481435007862153,27.980447656217397,45.0
830.0,27.481435007862153,27.980307615374524,45.00000000000001
831.0,27.481435007862153,27.98016743210114,45.0
832.0,27.481435007862153,27.980027108528947,44.99999999999999
833.0,27.481435007862153,27.979886646770037,45.0
834.0,27.481435007862153,27.979746048917004,45.0
835.0,27.481435007862153,27.979605317043212,45.00000000000001
836.0,27.481435007862153,27.97946445320292,45.0
837.0,27.481435007862153,27.979323459431512,45.0
838.0,27.481435007862153,27.979182337745655,44.99999999999999
839.0,27.481435007862153,27.97904109014354,45.00000000000001
840.0,27.481435007862153,27.97889971860498,45.0
841.0,27.481435007862153,27.97875822509165,45.00000000000001
842.0,27.481435007862153,27.97861661154724,45.0
843.0,27.481435007862153,27.978474879897657,45.0
844.0,27.481435007862153,27.978333032051168,44.99999999999999
845.0,27.481435007862153,27.978191069898593,45.0
846.0,27.481435007862153,27.978048995313465,45.00000000000001
847.0,27.481435007862153,27.977906810152202,45.00000000000001
848.0,27.481435007862153,27.977764516254265,45.0
849.0,27.481435007862153,27.977622115442344,44.99999999999999
850.0,27.481435007862153,27.97747960952251,45.0
851.0,27.481435007862153,27.97733700028436,45.0
852.0,27.481435007862153,27.977194289501202,45.0
853.0,27.481435007862153,27.977051478930193,45.0
854.0,27.481435007862153,27.976908570312503,45.0
855.0,27.481435007862153,27.976765565373483,45.0
856.0,27.481435007862153,27.976622465822786,45.0
857.0,27.481435007862153,27.976479273354535,44.99999999999999
858.0,27.481435007862153,27.976335989647495,45.0
859.0,27.481435007862153,27.976192616365168,45.0
860.0,27.481435007862153,27.97604915515599,45.0
861.0,27.481435007862153,27.975905607653445,45.0
862.0,27.481435007862153,27.975761975476228,45.0
863.0,27.481435007862153,27.97561826022835,45.0
864.0,27.481435007862153,27.97547446349932,45.0
865.0,27.481435007862153,27.975330586864278,45.00000000000001
866.0,27.481435007862153,27.975186631884092,44.99999999999999
867.0,27.481435007862153,27.975042600105553,44.99999999999999
868.0,27.481435007862153,27.974898493061442,45.0
869.0,27.481435007862153,27.97475431227072,45.0
870.0,27.481435007862153,27.97461005923862,45.0
871.0,27.481435007862153,27.974465735456825,45.0
872.0,27.481435007862153,27.974321342403528,45.0
873.0,27.481435007862153,27.974176881543602,45.0
874.0,27.481435007862153,27.974032354328724,45.0
875.0,27.481435007862153,27.9738877621975,44.99999999999999
876.0,27.481435007862153,27.973743106575572,45.0
877.0,27.481435007862153,27.97359838887574,44.99999999999999
878.0,27.481435007862153,27.973453610498105,45.0
879.0,27.481435007862153,27.97330877283017,45.0
880.0,27.481435007862153,27.973163877246957,44.99999999999999
881.0,27.481435007862153,27.973018925111127,45.00000000000001
882.0,27.481435007862153,27.97287391777309,44.99999999999999
883.0,27.481435007862153,27.97272885657115,45.0
884.0,27.481435007862153,27.97258374283156,44.99999999999999
885.0,27.481435007862153,27.97243857786868,45.0
886.0,27.481435007862153,27.97229336298509,45.0
887.0,27.481435007862153,27.97214809947165,45.00000000000001
888.0,27.481435007862153,27.972002788607657,45.0
889.0,27.481435007862153,27.97185743166095,45.0
890.0,27.481435007862153,27.97171202988797,45.0
891.0,27.481435007862153,27.97156658453394,45.0
892.0,27.481435007862153,27.97142109683288,45.0
893.0,27.481435007862153,27.971275568007783,45.00000000000001
894.0,27.481435007862153,27.971129999270687,45.0
895.0,27.481435007862153,27.970984391822768,44.99999999999999
896.0,27.481435007862153,27.970838746854433,45.0
897.0,27.481435007862153,27.97069306554549,44.99999999999999
898.0,27.481435007862153,27.970547349065132,45.0
899.0,27.481435007862153,27.97040159857211,45.0
900.0,27.481435007862153,27.970255815214827,45.0
901.0,27.481435007862153,27.97011000013139,45.0
902.0,27.481435007862153,27.96996415444975,45.0
903.0,27.481435007862153,27.96981827928775,45.0
904.0,27.481435007862153,27.96967237575327,45.0
905.0,27.481435007862153,27.969526444944258,45.0
906.0,27.481435007862153,27.969380487948868,45.0
907.0,27.481435007862153,27.969234505845527,45.0
908.0,27.481435007862153,27.969088499703027,44.99999999999999
909.0,27.481435007862153,27.968942470580593,45.0
910.0,27.481435007862153,27.968796419528033,45.0
911.0,27.481435007862153,27.96865034758573,45.0
912.0,27.481435007862153,27.9685042557848,45.0
913.0,27.481435007862153,27.968358145147146,45.0
914.0,27.481435007862153,27.968212016685538,45.0
915.0,27.481435007862153,27.96806587140371,45.0
916.0,27.481435007862153,27.96791971029645,45.0
917.0,27.481435007862153,27.96777353434962,45.0
918.0,27.481435007862153,27.96762734454031,45.0
919.0,27.481435007862153,27.96748114183689,45.0
920.0,27.481435007862153,27.967334927199065,45.0
921.0,27.481435007862153,27.967188701577978,45.00000000000001
922.0,27.481435007862153,27.967042465916297,45.0
923.0,27.481435007862153,27.966896221148232,45.0
924.0,27.481435007862153,27.966749968199704,44.99999999999999
925.0,27.481435007862153,27.966603707988313,45.0
926.0,27.481435007862153,27.966457441423508,45.0
927.0,27.481435007862153,27.96631116940659,45.00000000000001
928.0,27.481435007862153,27.966164892830815,45.0
929.0,27.481435007862153,27.96601861258148,45.0
930.0,27.481435007862153,27.965872329535937,45.0
931.0,27.481435007862153,27.96572604456375,45.0
932.0,27.481435007862153,27.96557975852665,44.99999999999999
933.0,27.481435007862153,27.96543347227872,45.00000000000001
934.0,27.481435007862153,27.965287186666405,45.0
935.0,27.481435007862153,27.965140902528553,45.0
936.0,27.481435007862153,27.96499462069655,45.0
937.0,27.481435007862153,27.96484834199433,44.99999999999999
938.0,27.481435007862153,27.96470206723845,44.99999999999999
939.0,27.481435007862153,27.96455579723819,45.0
940.0,27.481435007862153,27.964409532795564,44.99999999999999
941.0,27.481435007862153,27.964263274705445,45.0
942.0,27.481435007862153,27.96411702375555,45.00000000000001
943.0,27.481435007862153,27.96397078072657,45.0
944.0,27.481435007862153,27.96382454639222,45.0
945.0,27.481435007862153,27.963678321519254,45.0
946.0,27.481435007862153,27.963532106867586,44.99999999999999
947.0,27.481435007862153,27.9633859031903,45.0
948.0,27.481435007862153,27.963239711233744,45.0
949.0,27.481435007862153,27.963093531737577,45.0
950.0,27.481435007862153,27.962947365434818,45.00000000000001
951.0,27.481435007862153,27.962801213051918,45.0
952.0,27.481435007862153,27.96265507530881,45.0
953.0,27.481435007862153,27.96250895291896,45.0
954.0,27.481435007862153,27.96236284658944,45.0
955.0,27.481435007862153,27.96221675702094,45.0
956.0,27.481435007862153,27.962070684907896,45.0
957.0,27.481435007862153,27.961924630938487,45.0
958.0,27.481435007862153,27.9617785957947,45.0
959.0,27.481435007862153,27.96163258015239,45.00000000000001
960.0,27.481435007862153,27.961486584681328,45.0
961.0,27.481435007862153,27.96134061004527,45.00000000000001
962.0,27.481435007862153,27.961194656901974,44.99999999999999
963.0,27.481435007862153,27.961048725903286,45.0
964.0,27.481435007862153,27.960902817695178,45.0
965.0,27.481435007862153,27.960756932917793,45.0
966.0,27.481435007862153,27.960611072205502,45.0
967.0,27.481435007862153,27.960465236186934,45.0
968.0,27.481435007862153,27.96031942548508,45.00000000000001
969.0,27.481435007862153,27.960173640717258,45.00000000000001
970.0,27.481435007862153,27.960027882495226,45.00000000000001
971.0,27.481435007862153,27.959882151425234,45.00000000000001
972.0,27.481435007862153,27.959736448107993,45.0
973.0,27.481435007862153,27.95959077313882,45.0
974.0,27.481435007862153,27.95944512710763,45.00000000000001
975.0,27.481435007862153,27.959299510598974,45.0
976.0,27.481435007862153,27.959153924192123,45.0
977.0,27.481435007862153,27.95900836846107,44.99999999999999
978.0,27.481435007862153,27.95886284397462,45.0
979.0,27.481435007862153,27.95871735129641,45.0
980.0,27.481435007862153,27.958571890984903,45.0
981.0,27.481435007862153,27.958426463593558,44.99999999999999
982.0,27.481435007862153,27.958281069670747,45.0
983.0,27.481435007862153,27.95813570975986,45.0
984.0,27.481435007862153,27.95799038439933,45.0
985.0,27.481435007862153,27.957845094122675,45.0
986.0,27.481435007862153,27.957699839458567,45.0
987.0,27.481435007862153,27.95755462093082,45.0
988.0,27.481435007862153,27.95740943905848,45.0
989.0,27.481435007862153,27.957264294355824,45.0
990.0,27.481435007862153,27.95711918733244,45.0
991.0,27.481435007862153,27.95697411849325,44.99999999999999
992.0,27.481435007862153,27.95682908833852,45.0
993.0,27.481435007862153,27.956684097363958,45.0
994.0,27.481435007862153,27.9565391460607,45.0
995.0,27.481435007862153,27.956394234915358,45.0
996.0,27.481435007862153,27.956249364410102,45.0
997.0,27.481435007862153,27.95610453502264,45.0
998.0,27.481435007862153,27.955959747226263,45.00000000000001
999.0,27.481435007862153,27.955815001489935,45.0
1000.0,27.481435007862153,27.955670298278257,45.0
1001.0,27.481435007862153,27.955525638051554,45.00000000000001
1002.0,27.481435007862153,27.955381021265893,45.00000000000001
1003.0,27.481435007862153,27.955236448373103,45.00000000000001
1004.0,27.481435007862153,27.955091919820866,45.0
1005.0,27.481435007862153,27.95494743605267,44.99999999999999
1006.0,27.481435007862153,27.954802997507898,45.0
1007.0,27.481435007862153,27.95465860462186,45.0
1008.0,27.481435007862153,27.95451425782581,44.99999999999999
1009.0,27.481435007862153,27.95436995754698,44.99999999999999
1010.0,27.481435007862153,27.95422570420864,45.0
1011.0,27.481435007862153,27.95408149823008,45.0
1012.0,27.481435007862153,27.953937340026705,45.00000000000001
1013.0,27.481435007862153,27.953793230010003,45.0
1014.0,27.481435007862153,27.953649168587635,45.0
1015.0,27.481435007862153,27.95350515616343,45.0
1016.0,27.481435007862153,27.953361193137432,45.00000000000001
1017.0,27.481435007862153,27.953217279905914,45.0
1018.0,27.481435007862153,27.953073416861447,45.0
1019.0,27.481435007862153,27.952929604392885,45.0
1020.0,27.481435007862153,27.95278584288542,45.0
1021.0,27.481435007862153,27.952642132720616,45.00000000000001
1022.0,27.481435007862153,27.952498474276418,45.0
1023.0,27.481435007862153,27.952354867927212,44.99999999999999
1024.0,27.481435007862153,27.952211314043815,45.0
1025.0,27.481435007862153,27.952067812993544,45.00000000000001
1026.0,27.481435007862153,27.95192436514022,45.0
1027.0,27.481435007862153,27.951780970844204,45.0
1028.0,27.481435007862153,27.951637630462415,44.99999999999999
1029.0,27.481435007862153,27.951494344348397,45.0
1030.0,27.481435007862153,27.951351112852276,45.0
1031.0,27.481435007862153,27.95120793632087,44.99999999999999
1032.0,27.481435007862153,27.95106481509765,45.0
1033.0,27.481435007862153,27.950921749522795,45.0
1034.0,27.481435007862153,27.95077873993322,45.0
1035.0,27.481435007862153,27.950635786662602,45.0
1036.0,27.481435007862153,27.95049289004141,44.99999999999999
1037.0,27.481435007862153,27.950350050396896,45.0
1038.0,27.481435007862153,27.95020726805319,44.99999999999999
1039.0,27.481435007862153,27.950064543331255,45.0
1040.0,27.481435007862153,27.94992187654895,45.0
1041.0,27.481435007862153,27.949779268021057,45.0
1042.0,27.481435007862153,27.949636718059296,45.00000000000001
1043.0,27.481435007862153,27.949494226972334,45.0
1044.0,27.481435007862153,27.94935179506584,45.0
1045.0,27.481435007862153,27.949209422642507,45.0
1046.0,27.481435007862153,27.94906711000204,44.99999999999999
1047.0,27.481435007862153,27.94892485744122,45.00000000000001
1048.0,27.481435007862153,27.948782665253916,45.0
1049.0,27.481435007862153,27.94864053373109,45.0
1050.0,27.481435007862153,27.948498463160867,45.0
1051.0,27.481435007862153,27.948356453828477,45.00000000000001
1052.0,27.481435007862153,27.948214506016384,45.00000000000001
1053.0,27.481435007862153,27.94807262000422,45.0
1054.0,27.481435007862153,27.947930796068835,44.99999999999999
1055.0,27.481435007862153,27.94778903448435,45.0
1056.0,27.481435007862153,27.947647335522134,45.0
1057.0,27.481435007862153,27.947505699450854,45.0
1058.0,27.481435007862153,27.94736412653649,45.00000000000001
1059.0,27.481435007862153,27.947222617042346,45.0
1060.0,27.481435007862153,27.947081171229097,45.00000000000001
1061.0,27.481435007862153,27.94693978935478,45.00000000000001
1062.0,27.481435007862153,27.946798471674832,45.0
1063.0,27.481435007862153,27.946657218442116,45.00000000000001
1064.0,27.481435007862153,27.94651602990693,45.0
1065.0,27.481435007862153,27.94637490631702,45.0
1066.0,27.481435007862153,27.94623384791763,45.0
1067.0,27.481435007862153,27.94609285495149,45.0
1068.0,27.481435007862153,27.945951927658868,45.00000000000001
1069.0,27.481435007862153,27.94581106627754,45.0
1070.0,27.481435007862153,27.945670271042875,45.00000000000001
1071.0,27.481435007862153,27.945529542187813,45.0
1072.0,27.481435007862153,27.945388879942872,45.0
1073.0,27.481435007862153,27.945248284536206,45.0
1074.0,27.481435007862153,27.945107756193618,44.99999999999999
1075.0,27.481435007862153,27.944967295138536,45.0
1076.0,27.481435007862153,27.94482690159208,45.0
1077.0,27.481435007862153,27.944686575773066,45.0
1078.0,27.481435007862153,27.944546317898,44.99999999999999
1079.0,27.481435007862153,27.944406128181154,45.00000000000001
1080.0,27.481435007862153,27.944266006834525,45.0
1081.0,27.481435007862153,27.944125954067864,45.0
1082.0,27.481435007862153,27.94398597008873,45.0
1083.0,27.481435007862153,27.94384605510247,45.0
1084.0,27.481435007862153,27.943706209312253,45.0
1085.0,27.481435007862153,27.94356643291908,45.0
1086.0,27.481435007862153,27.94342672612182,45.00000000000001
1087.0,27.481435007862153,27.94328708911719,45.0
1088.0,27.481435007862153,27.943147522099807,45.0
1089.0,27.481435007862153,27.943008025262188,45.0
1090.0,27.481435007862153,27.94286859879478,45.0
1091.0,27.481435007862153,27.942729242885946,45.0
1092.0,27.481435007862153,27.942589957722035,45.0
1093.0,27.481435007862153,27.942450743487335,45.0
1094.0,27.481435007862153,27.942311600364143,45.0
1095.0,27.481435007862153,27.942172528532733,45.00000000000001
1096.0,27.481435007862153,27.942033528171418,45.0
1097.0,27.481435007862153,27.941894599456532,45.0
1098.0,27.481435007862153,27.941755742562474,45.00000000000001
1099.0,27.481435007862153,27.94161695766169,45.0
1100.0,27.481435007862153,27.941478244924706,45.0
1101.0,27.481435007862153,27.941339604520163,45.0
1102.0,27.481435007862153,27.941201036614796,45.0
1103.0,27.481435007862153,27.94106254137346,45.0
1104.0,27.481435007862153,27.94092411895916,44.99999999999999
1105.0,27.481435007862153,27.940785769533058,45.0
1106.0,27.481435007862153,27.940647493254474,45.0
1107.0,27.481435007862153,27.94050929028092,44.99999999999999
1108.0,27.481435007862153,27.940371160768105,45.00000000000001
1109.0,27.481435007862153,27.940233104869954,45.0
1110.0,27.481435007862153,27.940095122738594,45.0
1111.0,27.481435007862153,27.93995721452444,45.0
1112.0,27.481435007862153,27.939819380376107,45.0
1113.0,27.481435007862153,27.93968162044052,44.99999999999999
1114.0,27.481435007862153,27.93954393486287,45.00000000000001
1115.0,27.481435007862153,27.939406323786624,45.0
1116.0,27.481435007862153,27.939268787353598,45.0
1117.0,27.481435007862153,27.939131325703894,45.0
1118.0,27.481435007862153,27.93899393897598,45.0
1119.0,27.481435007862153,27.938856627306635,45.0
1120.0,27.481435007862153,27.93871939083103,44.99999999999999
1121.0,27.481435007862153,27.9385822296827,45.0
1122.0,27.481435007862153,27.938445143993565,45.00000000000001
1123.0,27.481435007862153,27.938308133893955,44.99999999999999
1124.0,27.481435007862153,27.93817119951259,45.0
1125.0,27.481435007862153,27.93803434097664,45.0
1126.0,27.481435007862153,27.937897558411702,45.0
1127.0,27.481435007862153,27.93776085194181,45.0
1128.0,27.481435007862153,27.937624221689486,45.0
1129.0,27.481435007862153,27.937487667775706,45.0
1130.0,27.481435007862153,27.937351190319927,44.99999999999999
1131.0,27.481435007862153,27.937214789440127,44.99999999999999
1132.0,27.481435007862153,27.93707846525278,44.99999999999999
1133.0,27.481435007862153,27.93694221787287,44.99999999999999
1134.0,27.481435007862153,27.93680604741394,45.00000000000001
1135.0,27.481435007862153,27.936669953988044,45.0
1136.0,27.481435007862153,27.93653393770582,45.0
1137.0,27.481435007862153,27.936397998676476,45.0
1138.0,27.481435007862153,27.936262137007766,45.0
1139.0,27.481435007862153,27.93612635280606,45.0
1140.0,27.481435007862153,27.935990646176325,45.0
1141.0,27.481435007862153,27.935855017222128,45.0
1142.0,27.481435007862153,27.93571946604568,45.0
1143.0,27.481435007862153,27.93558399274781,45.0
1144.0,27.481435007862153,27.935448597427975,45.0
1145.0,27.481435007862153,27.93531328018432,45.0
1146.0,27.481435007862153,27.935178041113645,44.99999999999999
1147.0,27.481435007862153,27.935042880311414,45.0
1148.0,27.481435007862153,27.934907797871777,45.0
1149.0,27.481435007862153,27.934772793887603,44.99999999999999
1150.0,27.481435007862153,27.934637868450434,45.0
1151.0,27.481435007862153,27.934503021650556,45.0
1152.0,27.481435007862153,27.934368253576977,44.99999999999999
1153.0,27.481435007862153,27.934233564317427,45.0
1154.0,27.481435007862153,27.934098953958394,44.99999999999999
1155.0,27.481435007862153,27.933964422585134,45.0
1156.0,27.481435007862153,27.93382997028164,44.99999999999999
1157.0,27.481435007862153,27.933695597130704,45.0
1158.0,27.481435007862153,27.9335613032139,45.0
1159.0,27.481435007862153,27.933427088611587,45.0
1160.0,27.481435007862153,27.93329295340294,45.00000000000001
1161.0,27.481435007862153,27.933158897665948,45.00000000000001
1162.0,27.481435007862153,27.933024921477404,44.99999999999999
1163.0,27.481435007862153,27.932891024912962,45.0
1164.0,27.481435007862153,27.932757208047096,45.0
1165.0,27.481435007862153,27.932623470953146,45.00000000000001
1166.0,27.481435007862153,27.93248981370329,45.0
1167.0,27.481435007862153,27.932356236368605,45.0
1168.0,27.481435007862153,27.932222739019007,45.0
1169.0,27.481435007862153,27.932089321723343,45.00000000000001
1170.0,27.481435007862153,27.93195598454932,45.0
1171.0,27.481435007862153,27.931822727563553,45.0
1172.0,27.481435007862153,27.931689550831592,45.0
1173.0,27.481435007862153,27.931556454417887,45.0
1174.0,27.481435007862153,27.931423438385814,45.0
1175.0,27.481435007862153,27.9312905027977,45.0
1176.0,27.481435007862153,27.931157647714816,44.99999999999999
1177.0,27.481435007862153,27.93102487319739,45.0
1178.0,27.481435007862153,27.930892179304596,45.0
1179.0,27.481435007862153,27.930759566094594,45.00000000000001
1180.0,27.481435007862153,27.930627033624514,45.0
1181.0,27.481435007862153,27.93049458195047,45.0
1182.0,27.481435007862153,27.9303622111276,45.0
1183.0,27.481435007862153,27.93022992121,45.00000000000001
1184.0,27.481435007862153,27.930097712250802,45.0
1185.0,27.481435007862153,27.929965584302163,45.0
1186.0,27.481435007862153,27.929833537415234,45.0
1187.0,27.481435007862153,27.929701571640237,45.00000000000001
1188.0,27.481435007862153,27.929569687026415,45.0
1189.0,27.481435007862153,27.92943788362205,45.00000000000001
1190.0,27.481435007862153,27.929306161474518,45.0
1191.0,27.481435007862153,27.929174520630202,45.0
1192.0,27.481435007862153,27.9290429611346,45.0
1193.0,27.481435007862153,27.928911483032277,45.0
1194.0,27.481435007862153,27.928780086366892,44.99999999999999
1195.0,27.481435007862153,27.92864877118116,44.99999999999999
1196.0,27.481435007862153,27.928517537516928,45.00000000000001
1197.0,27.481435007862153,27.92838638541516,45.00000000000001
1198.0,27.481435007862153,27.92825531491589,45.00000000000001
1199.0,27.481435007862153,27.928124326058327,45.0
1200.0,27.481435007862153,27.927993418880767,45.0
