"tick","donation-normed-big","donation-big group","donation-valued-big"
1.0,56.35039795188419,66.43094252897558,66.42857142857143
2.0,56.35039795188419,66.43331362937974,66.42857142857143
3.0,56.35039795188419,66.4356847297839,66.42857142857143
4.0,56.35039795188419,66.43805583018805,66.42857142857143
5.0,56.35039795188419,66.439073696593,66.42857142857143
6.0,56.35039795188419,66.45828217195113,66.42857142857143
7.0,56.35039795188419,66.51049622146947,66.42857142857143
8.0,56.35039795188419,66.65242872346553,66.42857142857143
9.0,56.35039795188419,67.03824126450911,66.42857142857143
10.0,56.35039795188419,68.46553106045886,66.42857142857143
11.0,56.35039795188419,68.50937132613127,66.42857142857143
12.0,56.35039795188419,68.54761043597254,66.42857142857143
13.0,56.35039795188419,68.58134775521043,66.42857142857143
14.0,56.35039795188419,68.61140248950696,66.42857142857143
15.0,56.35039795188419,68.63839926506051,66.42857142857143
16.0,56.35039795188419,68.6628237833595,66.42857142857143
17.0,56.35039795188419,68.6850601798123,66.42857142857143
18.0,56.35039795188419,68.70541679453213,66.42857142857143
19.0,56.35039795188419,68.72414437678788,66.42857142857143
20.0,56.35039795188419,68.7414492157295,66.42857142857143
21.0,56.35039795188419,68.75750278813331,66.42857142857143
22.0,56.35039795188419,68.77244896487548,66.42857142857143
23.0,56.35039795188419,68.78640947413648,66.42857142857143
24.0,56.35039795188419,68.7994880987508,66.42857142857143
25.0,56.35039795188419,68.81177394034536,66.42857142857143
26.0,56.35039795188419,68.82334398596296,66.42857142857143
27.0,56.35039795188419,68.83426514674466,66.42857142857143
28.0,56.35039795188419,68.8445958923908,66.42857142857143
29.0,56.35039795188419,68.85438757282853,66.42857142857143
30.0,56.35039795188419,68.86368549545486,66.42857142857143
31.0,56.35039795188419,68.87252980964121,66.42857142857143
32.0,56.35039795188419,68.88095623797129,66.42857142857143
33.0,56.35039795188419,68.88899668464218,66.42857142857143
34.0,56.35039795188419,68.89667974469221,66.42857142857143
35.0,56.35039795188419,68.90403113261249,66.42857142857143
36.0,56.35039795188419,68.91107404500261,66.42857142857143
37.0,56.35039795188419,68.91782946893983,66.42857142857143
38.0,56.35039795188419,68.92431644541088,66.42857142857143
39.0,56.35039795188419,68.93055229534635,66.42857142857143
40.0,56.35039795188419,68.93655281437385,66.42857142857143
41.0,56.35039795188419,68.94233244128121,66.42857142857143
42.0,56.35039795188419,68.94790440428285,66.42857142857143
43.0,56.35039795188419,68.9532808484656,66.42857142857143
44.0,56.35039795188419,68.95847294721007,66.42857142857143
45.0,56.35039795188419,68.96349099991596,66.42857142857143
46.0,56.35039795188419,68.96834451797734,66.42857142857143
47.0,56.35039795188419,68.97304230064178,66.42857142857143
48.0,56.35039795188419,68.9775925021307,66.42857142857143
49.0,56.35039795188419,68.98200269118637,66.42857142857143
50.0,56.35039795188419,68.98627990403482,66.42857142857143
51.0,56.35039795188419,68.99043069160854,66.42857142857143
52.0,66.21018524875056,68.99446116174964,66.42857142857143
53.0,66.21018524875056,69.0036311659475,66.42857142857143
54.0,66.21018524875056,69.0126918864671,66.42857142857143
55.0,66.21018524875056,69.02164831367926,66.42857142857143
56.0,66.21018524875056,69.03050512463845,66.42857142857143
57.0,66.21018524875056,69.03626806098718,66.42857142857143
58.0,66.21018524875056,69.08224867399568,66.42857142857143
59.0,66.21018524875056,69.20127949417898,66.42857142857143
60.0,66.57058696118493,69.51903489740495,66.42857142857143
61.0,66.95797592822647,70.37774908058768,66.42857142857143
62.0,66.95797592822647,72.62231625397582,66.42857142857143
63.0,66.95797592822647,72.70246518505532,66.42857142857143
64.0,66.95797592822647,72.77266427010275,66.42857142857143
65.0,66.95797592822647,72.83450006575923,66.42857142857143
66.0,66.95797592822647,72.8950118513904,66.42857142857143
67.0,66.95797592822647,72.95251305447519,66.42857142857143
68.0,66.95797592822647,73.01768431241578,66.42857142857143
69.0,67.18637063866555,73.11228459376396,66.42857142857143
70.0,67.18637063866555,73.28406098221554,66.42857142857143
71.0,67.18637063866555,72.98269683757889,66.42857142857143
72.0,67.18637063866555,73.01139016231848,66.42857142857143
73.0,67.18637063866555,73.03840892653653,66.42857142857143
74.0,67.18637063866555,73.06408312980821,66.42857142857143
75.0,67.18637063866555,73.08561317710908,66.42857142857143
76.0,67.18637063866555,73.10089905085158,66.42857142857143
77.0,67.18637063866555,73.1015637822083,66.42857142857143
78.0,67.18637063866555,73.0646432956826,66.42857142857143
79.0,67.18637063866555,72.93309209479489,66.42857142857143
80.0,67.18637063866555,72.94671515700442,66.42857142857143
81.0,67.18637063866555,72.96014093034681,66.42857142857143
82.0,67.18637063866555,72.97330303395962,66.42857142857143
83.0,67.18637063866555,72.9861621797996,66.42857142857143
84.0,67.18637063866555,72.99869666624099,66.42857142857143
85.0,67.18637063866555,73.0108963672884,66.42857142857143
86.0,67.18637063866555,73.02275883327482,66.42857142857143
87.0,67.18637063866555,73.03428670837482,66.42857142857143
88.0,67.18637063866555,73.04548599170002,66.42857142857143
89.0,67.18637063866555,73.05636485123136,66.42857142857143
90.0,67.18637063866555,73.06693280709801,66.42857142857143
91.0,67.18637063866555,73.07720016567885,66.42857142857143
92.0,67.18637063866555,73.08717762640121,66.42857142857143
93.0,67.18637063866555,73.09687600882238,66.42857142857143
94.0,67.18637063866555,73.1063060642822,66.42857142857143
95.0,67.18637063866555,73.11547834746172,66.42857142857143
96.0,67.18637063866555,73.12440313061157,66.42857142857143
97.0,67.18637063866555,73.13309034828032,66.42857142857143
98.0,67.41216768783922,73.141549563873,66.42857142857143
99.0,67.41216768783922,73.14943729953877,66.42857142857143
100.0,67.41216768783922,73.15711498628993,66.42857142857143
101.0,67.41216768783922,73.16459100829755,66.42857142857143
102.0,67.41216768783922,73.1718733617811,66.42857142857143
103.0,67.41216768783922,73.17917093100458,66.42857142857143
104.0,67.41216768783922,73.18358422627654,66.42857142857143
105.0,67.41216768783922,73.18291673052462,66.42857142857143
106.0,67.41216768783922,73.16874014111161,66.42857142857143
107.0,67.41216768783922,73.1181323504613,66.42857142857143
108.0,67.41216768783922,72.97429506312886,66.42857142857143
109.0,67.41216768783922,72.9755785454486,66.42857142857143
110.0,67.62836365516212,72.9773829971675,66.42857142857143
111.0,68.05683240978811,72.97922816772531,66.42857142857143
112.0,69.00731555175665,72.98066669695277,66.42857142857143
113.0,69.17993986673595,72.98201575485149,66.42857142857143
114.0,69.34339481297326,72.98319121919752,66.42857142857143
115.0,69.34339481297326,72.98435450556622,66.42857142857143
116.0,69.34339481297326,72.98330577579152,66.42857142857143
117.0,69.34339481297326,72.97212830617295,66.42857142857143
118.0,69.34339481297326,72.93539731457307,66.42857142857143
119.0,69.34339481297326,72.82825731845176,66.42857142857143
120.0,69.34339481297326,72.53438432875618,66.42857142857143
121.0,69.34339481297326,72.14763164501248,66.42857142857143
122.0,69.34339481297326,71.91874905001717,66.42857142857143
123.0,69.34339481297326,71.69497191524812,66.42857142857143
124.0,69.34339481297326,71.52584617174801,66.42857142857143
125.0,69.34339481297326,71.50541085869156,66.42857142857143
126.0,69.34339481297326,71.48760324705165,66.42857142857143
127.0,69.34339481297326,71.47196142320834,66.42857142857143
128.0,69.34339481297326,71.45812905418494,66.42857142857143
129.0,69.34339481297326,71.44582607080316,66.42857142857143
130.0,69.34339481297326,71.43482878719254,66.42857142857143
131.0,69.34339481297326,71.42495604544303,66.42857142857143
132.0,69.34339481297326,71.41605932877847,66.42857142857143
133.0,69.34339481297326,71.40801555981122,66.42857142857143
134.0,69.34339481297326,71.40072175867097,66.42857142857143
135.0,69.34339481297326,71.39409101637384,66.42857142857143
136.0,69.34339481297326,71.38804941557764,66.42857142857143
137.0,69.34339481297326,71.3825336451071,66.42857142857143
138.0,69.34339481297326,71.37748913013594,66.42857142857143
139.0,69.34339481297326,71.37286855084132,66.42857142857143
140.0,69.34339481297326,71.36863065732892,66.42857142857143
141.0,69.34339481297326,71.36473931306136,66.42857142857143
142.0,69.34339481297326,71.36116271635082,66.42857142857143
143.0,69.34339481297326,71.35787276193372,66.42857142857143
144.0,69.34339481297326,71.35484451372209,66.42857142857143
145.0,69.34339481297326,71.35205576651121,66.42857142857143
146.0,69.34339481297326,71.34948667940758,66.42857142857143
147.0,69.34339481297326,71.34711946749027,66.42857142857143
148.0,69.34339481297326,71.34493814106908,66.42857142857143
149.0,69.34339481297326,71.34292828408758,66.42857142857143
150.0,69.34339481297326,71.34107686490701,66.42857142857143
151.0,69.34339481297326,71.33937207402458,66.42857142857143
152.0,69.34339481297326,71.33780318430868,66.42857142857143
153.0,69.34339481297326,71.33636043015352,66.42857142857143
154.0,69.34339481297326,71.33503490259999,66.42857142857143
155.0,69.34339481297326,71.33381845799299,66.42857142857143
156.0,69.34339481297326,71.33270363816003,66.42857142857143
157.0,69.34339481297326,71.33168360043554,66.42857142857143
158.0,69.34339481297326,71.33075205613113,66.42857142857143
159.0,69.34339481297326,71.32990321627548,66.42857142857143
160.0,69.34339481297326,71.32913174363316,66.42857142857143
161.0,69.34339481297326,71.32843271016546,66.42857142857143
162.0,69.34339481297326,71.32780155921942,66.42857142857143
163.0,69.34339481297326,71.32723407184086,66.42857142857143
164.0,69.34339481297326,71.32672633669115,66.42857142857143
165.0,69.34339481297326,71.32627472312402,66.42857142857143
166.0,69.34339481297326,71.32587585703915,66.42857142857143
167.0,69.34339481297326,71.32552659918235,66.42857142857143
168.0,69.34339481297326,71.32522402560683,66.42857142857143
169.0,69.34339481297326,71.3249654100468,66.42857142857143
170.0,69.34339481297326,71.32474820798856,66.42857142857143
171.0,69.34339481297326,71.32457004224969,66.42857142857143
172.0,69.34339481297326,71.32442868990252,66.42857142857143
173.0,69.34339481297326,71.32432207039746,66.42857142857143
174.0,69.34339481297326,71.32424823475877,66.42857142857143
175.0,69.34339481297326,71.3242053557421,66.42857142857143
176.0,69.34339481297326,71.32419171885437,66.42857142857143
177.0,69.34339481297326,71.32420571415015,66.42857142857143
178.0,69.34339481297326,71.32424582872557,66.42857142857143
179.0,69.34339481297326,71.3243106398435,66.42857142857143
180.0,69.34339481297326,71.32439880862755,66.42857142857143
181.0,69.34339481297326,71.32450907427099,66.42857142857143
182.0,69.34339481297326,71.32464024871281,66.42857142857143
183.0,69.34339481297326,71.32479121173704,66.42857142857143
184.0,69.34339481297326,71.32496090645701,66.42857142857143
185.0,69.34339481297326,71.32514833514965,66.42857142857143
186.0,69.34339481297326,71.32535255540859,66.42857142857143
187.0,69.34339481297326,71.32557267658848,66.42857142857143
188.0,69.34339481297326,71.32580785651467,66.42857142857143
189.0,69.34339481297326,71.32605729843584,66.42857142857143
190.0,69.34339481297326,71.32632024819914,66.42857142857143
191.0,69.34339481297326,71.32659599162899,66.42857142857143
192.0,69.34339481297326,71.32688385209252,66.42857142857143
193.0,69.34339481297326,71.32718318823707,66.42857142857143
194.0,69.34339481297326,71.32749339188516,66.42857142857143
195.0,69.34339481297326,71.32781388607476,66.42857142857143
196.0,69.34339481297326,71.32814412323336,66.42857142857143
197.0,69.34339481297326,71.32848358347508,66.42857142857143
198.0,69.34339481297326,71.32883177301186,66.42857142857143
199.0,69.34339481297326,71.32918822266929,66.42857142857143
200.0,69.34339481297326,71.32955248650045,66.42857142857143
201.0,69.34339481297326,71.32992414048846,66.42857142857143
202.0,69.34339481297326,71.33030278133315,66.42857142857143
203.0,69.34339481297326,71.33068802531456,66.42857142857143
204.0,69.34339481297326,71.33107950722787,66.42857142857143
205.0,69.34339481297326,71.33147687938505,66.42857142857143
206.0,69.34339481297326,71.33187981067768,66.42857142857143
207.0,69.34339481297326,71.33228798569785,66.42857142857143
208.0,69.34339481297326,71.33270110391172,66.42857142857143
209.0,69.34339481297326,71.33311887888307,66.42857142857143
210.0,69.34339481297326,71.33354103754313,66.42857142857143
211.0,69.34339481297326,71.33396731950344,66.42857142857143
212.0,69.34339481297326,71.33439747640907,66.42857142857143
213.0,69.34339481297326,71.33483127132912,66.42857142857143
214.0,69.34339481297326,71.33526847818268,66.42857142857143
215.0,69.34339481297326,71.33570888119746,66.42857142857143
216.0,69.34339481297326,71.33615227439881,66.42857142857143
217.0,69.34339481297326,71.33659846112776,66.42857142857143
218.0,69.34339481297326,71.33704725358585,66.42857142857143
219.0,69.34339481297326,71.33749847240503,66.42857142857143
220.0,69.34339481297326,71.33795194624119,66.42857142857143
221.0,69.34339481297326,71.33840751139003,66.42857142857143
222.0,69.34339481297326,71.33886501142328,66.42857142857143
223.0,69.34339481297326,71.33932429684478,66.42857142857143
224.0,69.34339481297326,71.33978522476465,66.42857142857143
225.0,69.34339481297326,71.34024765859095,66.42857142857143
226.0,69.34339481297326,71.34071146773701,66.42857142857143
227.0,69.34339481297326,71.34117652734474,66.42857142857143
228.0,69.34339481297326,71.34164271802146,66.42857142857143
229.0,69.34339481297326,71.34210992559082,66.42857142857143
230.0,69.34339481297326,71.34257804085613,66.42857142857143
231.0,69.34339481297326,71.34304695937601,66.42857142857143
232.0,69.34339481297326,71.34351658125068,66.42857142857143
233.0,69.34339481297326,71.3439868109197,66.42857142857143
234.0,69.34339481297326,71.34445755696927,66.42857142857143
235.0,69.34339481297326,71.34492873194914,66.42857142857143
236.0,69.34339481297326,71.3454002521986,66.42857142857143
237.0,69.34339481297326,71.34587203768075,66.42857142857143
238.0,69.34339481297326,71.346344011825,66.42857142857143
239.0,69.34339481297326,71.34681610137704,66.42857142857143
240.0,69.34339481297326,71.34728823625598,66.42857142857143
241.0,69.34339481297326,71.3477603494183,66.42857142857143
242.0,69.34339481297326,71.3482323767282,66.42857142857143
243.0,69.34339481297326,71.34870425683405,66.42857142857143
244.0,69.34339481297326,71.34917593105077,66.42857142857143
245.0,69.34339481297326,71.3496473432472,66.42857142857143
246.0,69.34339481297326,71.35011843973923,66.42857142857143
247.0,69.34339481297326,71.35058916918769,66.42857142857143
248.0,69.34339481297326,71.35105948250039,66.42857142857143
249.0,69.34339481297326,71.35152933273936,66.42857142857143
250.0,69.34339481297326,71.35199867503182,66.42857142857143
251.0,69.34339481297326,71.3524674664853,66.42857142857143
252.0,69.34339481297326,71.35293566610633,66.42857142857143
253.0,69.34339481297326,71.35340323472317,66.42857142857143
254.0,69.34339481297326,71.35387013491146,66.42857142857143
255.0,69.34339481297326,71.35433633092362,66.42857142857143
256.0,69.34339481297326,71.35480178862085,66.42857142857143
257.0,69.34339481297326,71.35526647540857,66.42857142857143
258.0,69.34339481297326,71.35573036017419,66.42857142857143
259.0,69.34339481297326,71.35619341322801,66.42857142857143
260.0,69.34339481297326,71.35665560624626,66.42857142857143
261.0,69.34339481297326,71.35711691221688,66.42857142857143
262.0,69.34339481297326,71.3575773053874,66.42857142857143
263.0,69.34339481297326,71.35803676121505,66.42857142857143
264.0,69.34339481297326,71.35849525631923,66.42857142857143
265.0,69.34339481297326,71.35895276843543,66.42857142857143
266.0,69.34339481297326,71.35940927637166,66.42857142857143
267.0,69.34339481297326,71.35986475996634,66.42857142857143
268.0,69.34339481297326,71.36031920004807,66.42857142857143
269.0,69.34339481297326,71.36077257839672,66.42857142857143
270.0,69.34339481297326,71.36122487770695,66.42857142857143
271.0,69.34339481297326,71.36167608155209,66.42857142857143
272.0,69.34339481297326,71.36212617435044,66.42857142857143
273.0,69.34339481297326,71.36257514133244,66.42857142857143
274.0,69.34339481297326,71.36302296850921,66.42857142857143
275.0,69.34339481297326,71.36346964264261,66.42857142857143
276.0,69.34339481297326,71.36391515121606,66.42857142857143
277.0,69.34339481297326,71.36435948240712,66.42857142857143
278.0,69.34339481297326,71.36480262506036,66.42857142857143
279.0,69.34339481297326,71.36524456866223,66.42857142857143
280.0,69.34339481297326,71.36568530331611,66.42857142857143
281.0,69.34339481297326,71.36612481971886,66.42857142857143
282.0,69.34339481297326,71.36656310913794,66.42857142857143
283.0,69.34339481297326,71.36700016338986,66.42857142857143
284.0,69.34339481297326,71.36743597481876,66.42857142857143
285.0,69.34339481297326,71.36787053627678,66.42857142857143
286.0,69.34339481297326,71.36830384110415,66.42857142857143
287.0,69.34339481297326,71.36873588311097,66.42857142857143
288.0,69.34339481297326,71.36916665655892,66.42857142857143
289.0,69.34339481297326,71.36959615614431,66.42857142857143
290.0,69.34339481297326,71.3700243769813,66.42857142857143
291.0,69.34339481297326,71.370451314586,66.42857142857143
292.0,69.34339481297326,71.37087696486121,66.42857142857143
293.0,69.34339481297326,71.37130132408139,66.42857142857143
294.0,69.34339481297326,71.37172438887859,66.42857142857143
295.0,69.34339481297326,71.372146156229,66.42857142857143
296.0,69.34339481297326,71.37256662343917,66.42857142857143
297.0,69.34339481297326,71.37298578813402,66.42857142857143
298.0,69.34339481297326,71.37340364824404,66.42857142857143
299.0,69.34339481297326,71.37382020199401,66.42857142857143
300.0,69.34339481297326,71.3742354478912,66.42857142857143
301.0,69.34339481297326,71.37464938471487,66.42857142857143
302.0,69.34339481297326,71.37506201150558,66.42857142857143
303.0,69.34339481297326,71.37547332755496,66.42857142857143
304.0,69.34339481297326,71.37588333239623,66.42857142857143
305.0,69.34339481297326,71.37629202579457,66.42857142857143
306.0,69.34339481297326,71.3766994077381,66.42857142857143
307.0,69.34339481297326,71.37710547842934,66.42857142857143
308.0,69.34339481297326,71.3775102382766,66.42857142857143
309.0,69.34339481297326,71.37791368788591,66.42857142857143
310.0,69.34339481297326,71.3783158280532,66.42857142857143
311.0,69.34339481297326,71.37871665975699,66.42857142857143
312.0,69.34339481297326,71.37911618415075,66.42857142857143
313.0,69.34339481297326,71.37951440255624,66.42857142857143
314.0,69.34339481297326,71.37991131645654,66.42857142857143
315.0,69.34339481297326,71.38030692748971,66.42857142857143
316.0,69.34339481297326,71.38070123744235,66.42857142857143
317.0,69.34339481297326,71.38109424824368,66.42857142857143
318.0,69.34339481297326,71.38148596195977,66.42857142857143
319.0,69.34339481297326,71.38187638078753,66.42857142857143
320.0,69.34339481297326,71.38226550704982,66.42857142857143
321.0,69.34339481297326,71.38265334318982,66.42857142857143
322.0,69.34339481297326,71.3830398917661,66.42857142857143
323.0,69.34339481297326,71.38342515544791,66.42857142857143
324.0,69.34339481297326,71.38380913701009,66.42857142857143
325.0,69.34339481297326,71.38419183932898,66.42857142857143
326.0,69.34339481297326,71.3845732653777,66.42857142857143
327.0,69.34339481297326,71.38495341822218,66.42857142857143
328.0,69.34339481297326,71.3853323010169,66.42857142857143
329.0,69.34339481297326,71.38570991700104,66.42857142857143
330.0,69.34339481297326,71.38608626949471,66.42857142857143
331.0,69.34339481297326,71.38646136189524,66.42857142857143
332.0,69.34339481297326,71.3868351976737,66.42857142857143
333.0,69.34339481297326,71.38720778037153,66.42857142857143
334.0,69.34339481297326,71.38757911359697,66.42857142857143
335.0,69.34339481297326,71.38794920102244,66.42857142857143
336.0,69.34339481297326,71.38831804638079,66.42857142857143
337.0,69.34339481297326,71.38868565346294,66.42857142857143
338.0,69.34339481297326,71.38905202611475,66.42857142857143
339.0,69.34339481297326,71.38941716823423,66.42857142857143
340.0,69.34339481297326,71.38978108376902,66.42857142857143
341.0,69.34339481297326,71.39014377671377,66.42857142857143
342.0,69.34339481297326,71.39050525110758,66.42857142857143
343.0,69.34339481297326,71.39086551103185,66.42857142857143
344.0,69.34339481297326,71.39122456060763,66.42857142857143
345.0,69.34339481297326,71.39158240399378,66.42857142857143
346.0,69.34339481297326,71.39193904538446,66.42857142857143
347.0,69.34339481297326,71.3922944890074,66.42857142857143
348.0,69.34339481297326,71.39264873912158,66.42857142857143
349.0,69.34339481297326,71.39300180001554,66.42857142857143
350.0,69.34339481297326,71.3933536760054,66.42857142857143
351.0,69.34339481297326,71.39370437143324,66.42857142857143
352.0,69.34339481297326,71.39405389066489,66.42857142857143
353.0,69.34339481297326,71.39440223808904,66.42857142857143
354.0,69.34339481297326,71.39474941811477,66.42857142857143
355.0,69.34339481297326,71.39509543517069,66.42857142857143
356.0,69.34339481297326,71.39544029370307,66.42857142857143
357.0,69.34339481297326,71.3957839981745,66.42857142857143
358.0,69.34339481297326,71.39612655306235,66.42857142857143
359.0,69.34339481297326,71.39646796285778,66.42857142857143
360.0,69.34339481297326,71.39680823206395,66.42857142857143
361.0,69.34339481297326,71.39714736519528,66.42857142857143
362.0,69.34339481297326,71.39748536677577,66.42857142857143
363.0,69.34339481297326,71.3978222413382,66.42857142857143
364.0,69.34339481297326,71.39815799342287,66.42857142857143
365.0,69.34339481297326,71.39849262757635,66.42857142857143
366.0,69.34339481297326,71.39882614835078,66.42857142857143
367.0,69.34339481297326,71.39915856030257,66.42857142857143
368.0,69.34339481297326,71.39948986799159,66.42857142857143
369.0,69.34339481297326,71.39982007598023,66.42857142857143
370.0,69.34339481297326,71.40014918883232,66.42857142857143
371.0,69.34339481297326,71.40047721111249,66.42857142857143
372.0,69.34339481297326,71.40080414738534,66.42857142857143
373.0,69.34339481297326,71.40113000221442,66.42857142857143
374.0,69.34339481297326,71.40145478016157,66.42857142857143
375.0,69.34339481297326,71.40177848578627,66.42857142857143
376.0,69.34339481297326,71.40210112364474,66.42857142857143
377.0,69.34339481297326,71.40242269828956,66.42857142857143
378.0,69.34339481297326,71.40274321426845,66.42857142857143
379.0,69.34339481297326,71.40306267612432,66.42857142857143
380.0,69.34339481297326,71.40338108839404,66.42857142857143
381.0,69.34339481297326,71.40369845560835,66.42857142857143
382.0,69.34339481297326,71.40401478229084,66.42857142857143
383.0,69.34339481297326,71.40433007295783,66.42857142857143
384.0,69.34339481297326,71.40464433211746,66.42857142857143
385.0,69.34339481297326,71.4049575642695,66.42857142857143
386.0,69.34339481297326,71.40526977390465,66.42857142857143
387.0,69.34339481297326,71.40558096550424,66.42857142857143
388.0,69.34339481297326,71.40589114353962,66.42857142857143
389.0,69.34339481297326,71.40620031247191,66.42857142857143
390.0,69.34339481297326,71.40650847675131,66.42857142857143
391.0,69.34339481297326,71.4068156408171,66.42857142857143
392.0,69.34339481297326,71.4071218090969,66.42857142857143
393.0,69.34339481297326,71.40742698600661,66.42857142857143
394.0,69.34339481297326,71.40773117594982,66.42857142857143
395.0,69.34339481297326,71.40803438331753,66.42857142857143
396.0,69.34339481297326,71.40833661248797,66.42857142857143
397.0,69.34339481297326,71.40863786782614,66.42857142857143
398.0,69.34339481297326,71.40893815368365,66.42857142857143
399.0,69.34339481297326,71.40923747439841,66.42857142857143
400.0,69.34339481297326,71.40953583429412,66.42857142857143
401.0,69.34339481297326,71.40983323768052,66.42857142857143
402.0,69.34339481297326,71.41012968885259,66.42857142857143
403.0,69.34339481297326,71.41042519209083,66.42857142857143
404.0,69.34339481297326,71.41071975166068,66.42857142857143
405.0,69.34339481297326,71.41101337181247,66.42857142857143
406.0,69.34339481297326,71.41130605678119,66.42857142857143
407.0,69.34339481297326,71.4115978107863,66.42857142857143
408.0,69.34339481297326,71.41188863803153,66.42857142857143
409.0,69.34339481297326,71.41217854270484,66.42857142857143
410.0,69.34339481297326,71.41246752897808,66.42857142857143
411.0,69.34339481297326,71.41275560100685,66.42857142857143
412.0,69.34339481297326,71.41304276293063,66.42857142857143
413.0,69.34339481297326,71.41332901887229,66.42857142857143
414.0,69.34339481297326,71.4136143729381,66.42857142857143
415.0,69.34339481297326,71.41389882921779,66.42857142857143
416.0,69.34339481297326,71.41418239178408,66.42857142857143
417.0,69.34339481297326,71.41446506469296,66.42857142857143
418.0,69.34339481297326,71.41474685198327,66.42857142857143
419.0,69.34339481297326,71.4150277576769,66.42857142857143
420.0,69.34339481297326,71.41530778577832,66.42857142857143
421.0,69.34339481297326,71.41558694027506,66.42857142857143
422.0,69.34339481297326,71.41586522513697,66.42857142857143
423.0,69.34339481297326,71.41614264431674,66.42857142857143
424.0,69.34339481297326,71.41641920174952,66.42857142857143
425.0,69.34339481297326,71.41669490135287,66.42857142857143
426.0,69.34339481297326,71.41696974702705,66.42857142857143
427.0,69.34339481297326,71.41724374265436,66.42857142857143
428.0,69.34339481297326,71.4175168920997,66.42857142857143
429.0,69.34339481297326,71.41778919921015,66.42857142857143
430.0,69.34339481297326,71.41806066781515,66.42857142857143
431.0,69.34339481297326,71.41833130172637,66.42857142857143
432.0,69.34339481297326,71.41860110473765,66.42857142857143
433.0,69.34339481297326,71.41887008062527,66.42857142857143
434.0,69.34339481297326,71.41913823314745,66.42857142857143
435.0,69.34339481297326,71.41940556604479,66.42857142857143
436.0,69.34339481297326,71.41967208303994,66.42857142857143
437.0,69.34339481297326,71.41993778783784,66.42857142857143
438.0,69.34339481297326,71.42020268412558,66.42857142857143
439.0,69.34339481297326,71.42046677557241,66.42857142857143
440.0,69.34339481297326,71.42073006582977,66.42857142857143
441.0,69.34339481297326,71.42099255853148,66.42857142857143
442.0,69.34339481297326,71.4212542572933,66.42857142857143
443.0,69.34339481297326,71.42151516571347,66.42857142857143
444.0,69.34339481297326,71.42177528737227,66.42857142857143
445.0,69.34339481297326,71.4220346258325,66.42857142857143
446.0,69.34339481297326,71.42229318463902,66.42857142857143
447.0,69.34339481297326,71.42255096731915,66.42857142857143
448.0,69.34339481297326,71.42280797738258,66.42857142857143
449.0,69.34339481297326,71.42306421832129,66.42857142857143
450.0,69.34339481297326,71.42331969360973,66.42857142857143
451.0,69.34339481297326,71.42357440670483,66.42857142857143
452.0,69.34339481297326,71.42382836104596,66.42857142857143
453.0,69.34339481297326,71.42408156005509,66.42857142857143
454.0,69.34339481297326,71.42433400713668,66.42857142857143
455.0,69.34339481297326,71.42458570567783,66.42857142857143
456.0,69.34339481297326,71.42483665904827,66.42857142857143
457.0,69.34339481297326,71.42508687060052,66.42857142857143
458.0,69.34339481297326,71.42533634366981,66.42857142857143
459.0,69.34339481297326,71.42558508157413,66.42857142857143
460.0,69.34339481297326,71.42583308761434,66.42857142857143
461.0,69.34339481297326,71.42608036507424,66.42857142857143
462.0,69.34339481297326,71.42632691722055,66.42857142857143
463.0,69.34339481297326,71.42657274730303,66.42857142857143
464.0,69.34339481297326,71.42681785855444,66.42857142857143
465.0,69.34339481297326,71.4270622541908,66.42857142857143
466.0,69.34339481297326,71.42730593741116,66.42857142857143
467.0,69.34339481297326,71.42754891139799,66.42857142857143
468.0,69.34339481297326,71.42779117931676,66.42857142857143
469.0,69.34339481297326,71.42803274431662,66.42857142857143
470.0,69.34339481297326,71.42827360953005,66.42857142857143
471.0,69.34339481297326,71.4285137780729,66.42857142857143
472.0,69.34339481297326,71.4287532530447,66.42857142857143
473.0,69.34339481297326,71.42899203752863,66.42857142857143
474.0,69.34339481297326,71.4292301345914,66.42857142857143
475.0,69.34339481297326,71.42946754728358,66.42857142857143
476.0,69.34339481297326,71.42970427863949,66.42857142857143
477.0,69.34339481297326,71.42994033167749,66.42857142857143
478.0,69.34339481297326,71.43017570939963,66.42857142857143
479.0,69.34339481297326,71.43041041479222,66.42857142857143
480.0,69.34339481297326,71.43064445082551,66.42857142857143
481.0,69.34339481297326,71.430877820454,66.42857142857143
482.0,69.34339481297326,71.43111052661631,66.42857142857143
483.0,69.34339481297326,71.43134257223552,66.42857142857143
484.0,69.34339481297326,71.43157396021896,66.42857142857143
485.0,69.34339481297326,71.43180469345843,66.42857142857143
486.0,69.34339481297326,71.43203477483024,66.42857142857143
487.0,69.34339481297326,71.43226420719532,66.42857142857143
488.0,69.34339481297326,71.43249299339917,66.42857142857143
489.0,69.34339481297326,71.43272113627219,66.42857142857143
490.0,69.34339481297326,71.43294863862936,66.42857142857143
491.0,69.34339481297326,71.43317550327072,66.42857142857143
492.0,69.34339481297326,71.43340173298121,66.42857142857143
493.0,69.34339481297326,71.43362733053075,66.42857142857143
494.0,69.34339481297326,71.43385229867444,66.42857142857143
495.0,69.34339481297326,71.43407664015245,66.42857142857143
496.0,69.34339481297326,71.43430035769026,66.42857142857143
497.0,69.34339481297326,71.4345234539987,66.42857142857143
498.0,69.34339481297326,71.43474593177386,66.42857142857143
499.0,69.34339481297326,71.43496779369748,66.42857142857143
500.0,69.34339481297326,71.43518904243678,66.42857142857143
501.0,69.34339481297326,71.43540968064453,66.42857142857143
502.0,69.34339481297326,71.43562971095918,66.42857142857143
503.0,69.34339481297326,71.43584913600513,66.42857142857143
504.0,69.34339481297326,71.43606795839248,66.42857142857143
505.0,69.34339481297326,71.4362861807172,66.42857142857143
506.0,69.34339481297326,71.4365038055613,66.42857142857143
507.0,69.34339481297326,71.43672083549299,66.42857142857143
508.0,69.34339481297326,71.43693727306642,66.42857142857143
509.0,69.34339481297326,71.43715312082206,66.42857142857143
510.0,69.34339481297326,71.43736838128665,66.42857142857143
511.0,69.34339481297326,71.43758305697331,66.42857142857143
512.0,69.34339481297326,71.43779715038147,66.42857142857143
513.0,69.34339481297326,71.4380106639973,66.42857142857143
514.0,69.34339481297326,71.43822360029338,66.42857142857143
515.0,69.34339481297326,71.43843596172901,66.42857142857143
516.0,69.34339481297326,71.43864775075023,66.42857142857143
517.0,69.34339481297326,71.43885896978982,66.42857142857143
518.0,69.34339481297326,71.43906962126748,66.42857142857143
519.0,69.34339481297326,71.43927970758992,66.42857142857143
520.0,69.34339481297326,71.43948923115079,66.42857142857143
521.0,69.34339481297326,71.43969819433086,66.42857142857143
522.0,69.34339481297326,71.43990659949809,66.42857142857143
523.0,69.34339481297326,71.44011444900764,66.42857142857143
524.0,69.34339481297326,71.44032174520204,66.42857142857143
525.0,69.34339481297326,71.44052849041122,66.42857142857143
526.0,69.34339481297326,71.44073468695242,66.42857142857143
527.0,69.34339481297326,71.44094033713063,66.42857142857143
528.0,69.34339481297326,71.44114544323823,66.42857142857143
529.0,69.34339481297326,71.44135000755543,66.42857142857143
530.0,69.34339481297326,71.44155403235006,66.42857142857143
531.0,69.34339481297326,71.44175751987787,66.42857142857143
532.0,69.34339481297326,71.44196047238243,66.42857142857143
533.0,69.34339481297326,71.44216289209525,66.42857142857143
534.0,69.34339481297326,71.44236478123591,66.42857142857143
535.0,69.34339481297326,71.44256614201207,66.42857142857143
536.0,69.34339481297326,71.44276697661947,66.42857142857143
537.0,69.34339481297326,71.44296728724224,66.42857142857143
538.0,69.34339481297326,71.44316707605269,66.42857142857143
539.0,69.34339481297326,71.44336634521153,66.42857142857143
540.0,69.34339481297326,71.44356509686781,66.42857142857143
541.0,69.34339481297326,71.44376333315925,66.42857142857143
542.0,69.34339481297326,71.44396105621209,66.42857142857143
543.0,69.34339481297326,71.44415826814117,66.42857142857143
544.0,69.34339481297326,71.44435497104998,66.42857142857143
545.0,69.34339481297326,71.44455116703084,66.42857142857143
546.0,69.34339481297326,71.44474685816495,66.42857142857143
547.0,69.34339481297326,71.4449420465224,66.42857142857143
548.0,69.34339481297326,71.44513673416212,66.42857142857143
549.0,69.34339481297326,71.44533092313229,66.42857142857143
550.0,69.34339481297326,71.44552461546999,66.42857142857143
551.0,69.34339481297326,71.44571781320157,66.42857142857143
552.0,69.34339481297326,71.44591051834261,66.42857142857143
553.0,69.34339481297326,71.44610273289793,66.42857142857143
554.0,69.34339481297326,71.4462944588617,66.42857142857143
555.0,69.34339481297326,71.44648569821761,66.42857142857143
556.0,69.34339481297326,71.44667645293872,66.42857142857143
557.0,69.34339481297326,71.44686672498764,66.42857142857143
558.0,69.34339481297326,71.44705651631672,66.42857142857143
559.0,69.34339481297326,71.44724582886779,66.42857142857143
560.0,69.34339481297326,71.44743466457257,66.42857142857143
561.0,69.34339481297326,71.44762302535247,66.42857142857143
562.0,69.34339481297326,71.44781091311883,66.42857142857143
563.0,69.34339481297326,71.44799832977282,66.42857142857143
564.0,69.34339481297326,71.44818527720568,66.42857142857143
565.0,69.34339481297326,71.44837175729863,66.42857142857143
566.0,69.34339481297326,71.44855777192295,66.42857142857143
567.0,69.34339481297326,71.44874332294019,66.42857142857143
568.0,69.34339481297326,71.44892841220201,66.42857142857143
569.0,69.34339481297326,71.44911304155046,66.42857142857143
570.0,69.34339481297326,71.44929721281765,66.42857142857143
571.0,69.34339481297326,71.44948092782649,66.42857142857143
572.0,69.34339481297326,71.4496641883899,66.42857142857143
573.0,69.34339481297326,71.44984699631175,66.42857142857143
574.0,69.34339481297326,71.45002935338611,66.42857142857143
575.0,69.34339481297326,71.45021126139785,66.42857142857143
576.0,69.34339481297326,71.45039272212246,66.42857142857143
577.0,69.34339481297326,71.4505737373262,66.42857142857143
578.0,69.34339481297326,71.45075430876611,66.42857142857143
579.0,69.34339481297326,71.45093443819003,66.42857142857143
580.0,69.34339481297326,71.45111412733675,66.42857142857143
581.0,69.34339481297326,71.45129337793601,66.42857142857143
582.0,69.34339481297326,71.45147219170848,66.42857142857143
583.0,69.34339481297326,71.45165057036608,66.42857142857143
584.0,69.34339481297326,71.45182851561161,66.42857142857143
585.0,69.34339481297326,71.45200602913924,66.42857142857143
586.0,69.34339481297326,71.45218311263429,66.42857142857143
587.0,69.34339481297326,71.45235976777329,66.42857142857143
588.0,69.34339481297326,71.45253599622424,66.42857142857143
589.0,69.34339481297326,71.45271179964641,66.42857142857143
590.0,69.34339481297326,71.45288717969053,66.42857142857143
591.0,69.34339481297326,71.45306213799891,66.42857142857143
592.0,69.34339481297326,71.45323667620522,66.42857142857143
593.0,69.34339481297326,71.45341079593487,66.42857142857143
594.0,69.34339481297326,71.45358449880487,66.42857142857143
595.0,69.34339481297326,71.45375778642392,66.42857142857143
596.0,69.34339481297326,71.45393066039246,66.42857142857143
597.0,69.34339481297326,71.45410312230266,66.42857142857143
598.0,69.34339481297326,71.45427517373867,66.42857142857143
599.0,69.34339481297326,71.45444681627639,66.42857142857143
600.0,69.34339481297326,71.45461805148378,66.42857142857143
601.0,69.34339481297326,71.45478888092067,66.42857142857143
602.0,69.34339481297326,71.45495930613902,66.42857142857143
603.0,69.34339481297326,71.45512932868284,66.42857142857143
604.0,69.34339481297326,71.45529895008825,66.42857142857143
605.0,69.34339481297326,71.45546817188358,66.42857142857143
606.0,69.34339481297326,71.45563699558947,66.42857142857143
607.0,69.34339481297326,71.45580542271857,66.42857142857143
608.0,69.34339481297326,71.45597345477623,66.42857142857143
609.0,69.34339481297326,71.45614109325975,66.42857142857143
610.0,69.34339481297326,71.45630833965922,66.42857142857143
611.0,69.34339481297326,71.45647519545702,66.42857142857143
612.0,69.34339481297326,71.45664166212798,66.42857142857143
613.0,69.34339481297326,71.45680774113956,66.42857142857143
614.0,69.34339481297326,71.45697343395179,66.42857142857143
615.0,69.34339481297326,71.45713874201739,66.42857142857143
616.0,69.34339481297326,71.4573036667817,66.42857142857143
617.0,69.34339481297326,71.45746820968274,66.42857142857143
618.0,69.34339481297326,71.45763237215147,66.42857142857143
619.0,69.34339481297326,71.4577961556115,66.42857142857143
620.0,69.34339481297326,71.45795956147943,66.42857142857143
621.0,69.34339481297326,71.45812259116465,66.42857142857143
622.0,69.34339481297326,71.45828524606952,66.42857142857143
623.0,69.34339481297326,71.45844752758944,66.42857142857143
624.0,69.34339481297326,71.45860943711278,66.42857142857143
625.0,69.34339481297326,71.45877097602104,66.42857142857143
626.0,69.34339481297326,71.45893214568876,66.42857142857143
627.0,69.34339481297326,71.45909294748364,66.42857142857143
628.0,69.34339481297326,71.45925338276666,66.42857142857143
629.0,69.34339481297326,71.459413452892,66.42857142857143
630.0,69.34339481297326,71.45957315920697,66.42857142857143
631.0,69.34339481297326,71.45973250305244,66.42857142857143
632.0,69.34339481297326,71.45989148576245,66.42857142857143
633.0,69.34339481297326,71.46005010866448,66.42857142857143
634.0,69.34339481297326,71.46020837307954,66.42857142857143
635.0,69.34339481297326,71.46036628032199,66.42857142857143
636.0,69.34339481297326,71.46052383169967,66.42857142857143
637.0,69.34339481297326,71.46068102851423,66.42857142857143
638.0,69.34339481297326,71.46083787206058,66.42857142857143
639.0,69.34339481297326,71.46099436362745,66.42857142857143
640.0,69.34339481297326,71.46115050449718,66.42857142857143
641.0,69.34339481297326,71.46130629594587,66.42857142857143
642.0,69.34339481297326,71.46146173924329,66.42857142857143
643.0,69.34339481297326,71.46161683565298,66.42857142857143
644.0,69.34339481297326,71.46177158643236,66.42857142857143
645.0,69.34339481297326,71.46192599283278,66.42857142857143
646.0,69.34339481297326,71.46208005609918,66.42857142857143
647.0,69.34339481297326,71.46223377747074,66.42857142857143
648.0,69.34339481297326,71.46238715818046,66.42857142857143
649.0,69.34339481297326,71.46254019945533,66.42857142857143
650.0,69.34339481297326,71.46269290251644,66.42857142857143
651.0,69.34339481297326,71.46284526857882,66.42857142857143
652.0,69.34339481297326,71.46299729885175,66.42857142857143
653.0,69.34339481297326,71.46314899453859,66.42857142857143
654.0,69.34339481297326,71.46330035683681,66.42857142857143
655.0,69.34339481297326,71.46345138693816,66.42857142857143
656.0,69.34339481297326,71.46360208602863,66.42857142857143
657.0,69.34339481297326,71.46375245528846,66.42857142857143
658.0,69.34339481297326,71.46390249589223,66.42857142857143
659.0,69.34339481297326,71.46405220900876,66.42857142857143
660.0,69.34339481297326,71.46420159580136,66.42857142857143
661.0,69.34339481297326,71.46435065742776,66.42857142857143
662.0,69.34339481297326,71.46449939503995,66.42857142857143
663.0,69.34339481297326,71.46464780978461,66.42857142857143
664.0,69.34339481297326,71.4647959028028,66.42857142857143
665.0,69.34339481297326,71.46494367523022,66.42857142857143
666.0,69.34339481297326,71.46509112819696,66.42857142857143
667.0,69.34339481297326,71.46523826282792,66.42857142857143
668.0,69.34339481297326,71.46538508024248,66.42857142857143
669.0,69.34339481297326,71.46553158155477,66.42857142857143
670.0,69.34339481297326,71.46567776787357,66.42857142857143
671.0,69.34339481297326,71.46582364030243,66.42857142857143
672.0,69.34339481297326,71.4659691999396,66.42857142857143
673.0,69.34339481297326,71.46611444787817,66.42857142857143
674.0,69.34339481297326,71.46625938520602,66.42857142857143
675.0,69.34339481297326,71.46640401300584,66.42857142857143
676.0,69.34339481297326,71.4665483323553,66.42857142857143
677.0,69.34339481297326,71.4666923443269,66.42857142857143
678.0,69.34339481297326,71.46683604998812,66.42857142857143
679.0,69.34339481297326,71.46697945040133,66.42857142857143
680.0,69.34339481297326,71.46712254662398,66.42857142857143
681.0,69.34339481297326,71.46726533970852,66.42857142857143
682.0,69.34339481297326,71.46740783070247,66.42857142857143
683.0,69.34339481297326,71.46755002064839,66.42857142857143
684.0,69.34339481297326,71.46769191058391,66.42857142857143
685.0,69.34339481297326,71.46783350154196,66.42857142857143
686.0,69.34339481297326,71.46797479455046,66.42857142857143
687.0,69.34339481297326,71.46811579063267,66.42857142857143
688.0,69.34339481297326,71.46825649080694,66.42857142857143
689.0,69.34339481297326,71.46839689608696,66.42857142857143
690.0,69.34339481297326,71.46853700748164,66.42857142857143
691.0,69.34339481297326,71.46867682599527,66.42857142857143
692.0,69.34339481297326,71.46881635262744,66.42857142857143
693.0,69.34339481297326,71.46895558837306,66.42857142857143
694.0,69.34339481297326,71.46909453422239,66.42857142857143
695.0,69.34339481297326,71.46923319116121,66.42857142857143
696.0,69.34339481297326,71.4693715601707,66.42857142857143
697.0,69.34339481297326,71.46950964222746,66.42857142857143
698.0,69.34339481297326,71.46964743830365,66.42857142857143
699.0,69.34339481297326,71.46978494936685,66.42857142857143
700.0,69.34339481297326,71.46992217638025,66.42857142857143
701.0,69.34339481297326,71.47005912030264,66.42857142857143
702.0,69.34339481297326,71.47019578208823,66.42857142857143
703.0,69.34339481297326,71.47033216268713,66.42857142857143
704.0,69.34339481297326,71.47046826304474,66.42857142857143
705.0,69.34339481297326,71.4706040841025,66.42857142857143
706.0,69.34339481297326,71.47073962679718,66.42857142857143
707.0,69.34339481297326,71.47087489206159,66.42857142857143
708.0,69.34339481297326,71.47100988082404,66.42857142857143
709.0,69.34339481297326,71.47114459400872,66.42857142857143
710.0,69.34339481297326,71.47127903253555,66.42857142857143
711.0,69.34339481297326,71.4714131973203,66.42857142857143
712.0,69.34339481297326,71.47154708927455,66.42857142857143
713.0,69.34339481297326,71.4716807093058,66.42857142857143
714.0,69.34339481297326,71.47181405831732,66.42857142857143
715.0,69.34339481297326,71.4719471372084,66.42857142857143
716.0,69.34339481297326,71.47207994687412,66.42857142857143
717.0,69.34339481297326,71.47221248820571,66.42857142857143
718.0,69.34339481297326,71.47234476209016,66.42857142857143
719.0,69.34339481297326,71.47247676941059,66.42857142857143
720.0,69.34339481297326,71.47260851104606,66.42857142857143
721.0,69.34339481297326,71.47273998787179,66.42857142857143
722.0,69.34339481297326,71.4728712007589,66.42857142857143
723.0,69.34339481297326,71.47300215057476,66.42857142857143
724.0,69.34339481297326,71.47313283818261,66.42857142857143
725.0,69.34339481297326,71.47326326444218,66.42857142857143
726.0,69.34339481297326,71.47339343020899,66.42857142857143
727.0,69.34339481297326,71.47352333633494,66.42857142857143
728.0,69.34339481297326,71.473652983668,66.42857142857143
729.0,69.34339481297326,71.47378237305253,66.42857142857143
730.0,69.34339481297326,71.47391150532893,66.42857142857143
731.0,69.34339481297326,71.47404038133394,66.42857142857143
732.0,69.34339481297326,71.47416900190058,66.42857142857143
733.0,69.34339481297326,71.4742973678582,66.42857142857143
734.0,69.34339481297326,71.47442548003234,66.42857142857143
735.0,69.34339481297326,71.47455333924508,66.42857142857143
736.0,69.34339481297326,71.47468094631462,66.42857142857143
737.0,69.34339481297326,71.47480830205576,66.42857142857143
738.0,69.34339481297326,71.47493540727952,66.42857142857143
739.0,69.34339481297326,71.47506226279347,66.42857142857143
740.0,69.34339481297326,71.47518886940155,66.42857142857143
741.0,69.34339481297326,71.47531522790416,66.42857142857143
742.0,69.34339481297326,71.4754413390982,66.42857142857143
743.0,69.34339481297326,71.47556720377706,66.42857142857143
744.0,69.34339481297326,71.47569282273057,66.42857142857143
745.0,69.34339481297326,71.47581819674521,66.42857142857143
746.0,69.34339481297326,71.47594332660398,66.42857142857143
747.0,69.34339481297326,71.47606821308642,66.42857142857143
748.0,69.34339481297326,71.47619285696867,66.42857142857143
749.0,69.34339481297326,71.47631725902349,66.42857142857143
750.0,69.34339481297326,71.47644142002027,66.42857142857143
751.0,69.34339481297326,71.47656534072499,66.42857142857143
752.0,69.34339481297326,71.47668902190041,66.42857142857143
753.0,69.34339481297326,71.47681246430587,66.42857142857143
754.0,69.34339481297326,71.47693566869746,66.42857142857143
755.0,69.34339481297326,71.47705863582794,66.42857142857143
756.0,69.34339481297326,71.4771813664469,66.42857142857143
757.0,69.34339481297326,71.47730386130058,66.42857142857143
758.0,69.34339481297326,71.47742612113203,66.42857142857143
759.0,69.34339481297326,71.47754814668112,66.42857142857143
760.0,69.34339481297326,71.47766993868449,66.42857142857143
761.0,69.34339481297326,71.47779149787559,66.42857142857143
762.0,69.34339481297326,71.47791282498476,66.42857142857143
763.0,69.34339481297326,71.47803392073921,66.42857142857143
764.0,69.34339481297326,71.47815478586288,66.42857142857143
765.0,69.34339481297326,71.47827542107679,66.42857142857143
766.0,69.34339481297326,71.47839582709877,66.42857142857143
767.0,69.34339481297326,71.47851600464351,66.42857142857143
768.0,69.34339481297326,71.47863595442287,66.42857142857143
769.0,69.34339481297326,71.4787556771454,66.42857142857143
770.0,69.34339481297326,71.4788751735168,66.42857142857143
771.0,69.34339481297326,71.47899444423965,66.42857142857143
772.0,69.34339481297326,71.47911349001362,66.42857142857143
773.0,69.34339481297326,71.47923231153538,66.42857142857143
774.0,69.34339481297326,71.47935090949856,66.42857142857143
775.0,69.34339481297326,71.479469284594,66.42857142857143
776.0,69.34339481297326,71.47958743750944,66.42857142857143
777.0,69.34339481297326,71.47970536892983,66.42857142857143
778.0,69.34339481297326,71.47982307953714,66.42857142857143
779.0,69.34339481297326,71.4799405700106,66.42857142857143
780.0,69.34339481297326,71.48005784102622,66.42857142857143
781.0,69.34339481297326,71.48017489325765,66.42857142857143
782.0,69.34339481297326,71.48029172737529,66.42857142857143
783.0,69.34339481297326,71.48040834404694,66.42857142857143
784.0,69.34339481297326,71.4805247439375,66.42857142857143
785.0,69.34339481297326,71.4806409277091,66.42857142857143
786.0,69.34339481297326,71.48075689602108,66.42857142857143
787.0,69.34339481297326,71.48087264953011,66.42857142857143
788.0,69.34339481297326,71.48098818888988,66.42857142857143
789.0,69.34339481297326,71.4811035147516,66.42857142857143
790.0,69.34339481297326,71.48121862776357,66.42857142857143
791.0,69.34339481297326,71.48133352857157,66.42857142857143
792.0,69.34339481297326,71.48144821781844,66.42857142857143
793.0,69.34339481297326,71.48156269614458,66.42857142857143
794.0,69.34339481297326,71.4816769641876,66.42857142857143
795.0,69.34339481297326,71.48179102258248,66.42857142857143
796.0,69.34339481297326,71.48190487196155,66.42857142857143
797.0,69.34339481297326,71.48201851295453,66.42857142857143
798.0,69.34339481297326,71.48213194618856,66.42857142857143
799.0,69.34339481297326,71.48224517228815,66.42857142857143
800.0,69.34339481297326,71.48235819187519,66.42857142857143
801.0,69.34339481297326,71.48247100556914,66.42857142857143
802.0,69.34339481297326,71.4825836139867,66.42857142857143
803.0,69.34339481297326,71.48269601774221,66.42857142857143
804.0,69.34339481297326,71.48280821744741,66.42857142857143
805.0,69.34339481297326,71.48292021371148,66.42857142857143
806.0,69.34339481297326,71.48303200714112,66.42857142857143
807.0,69.34339481297326,71.4831435983406,66.42857142857143
808.0,69.34339481297326,71.48325498791168,66.42857142857143
809.0,69.34339481297326,71.48336617645359,66.42857142857143
810.0,69.34339481297326,71.48347716456318,66.42857142857143
811.0,69.34339481297326,71.48358795283491,66.42857142857143
812.0,69.34339481297326,71.48369854186063,66.42857142857143
813.0,69.34339481297326,71.48380893223002,66.42857142857143
814.0,69.34339481297326,71.48391912453009,66.42857142857143
815.0,69.34339481297326,71.4840291193457,66.42857142857143
816.0,69.34339481297326,71.48413891725916,66.42857142857143
817.0,69.34339481297326,71.48424851885063,66.42857142857143
818.0,69.34339481297326,71.48435792469759,66.42857142857143
819.0,69.34339481297326,71.48446713537545,66.42857142857143
820.0,69.34339481297326,71.48457615145718,66.42857142857143
821.0,69.34339481297326,71.48468497351348,66.42857142857143
822.0,69.34339481297326,71.48479360211272,66.42857142857143
823.0,69.34339481297326,71.48490203782096,66.42857142857143
824.0,69.34339481297326,71.48501028120198,66.42857142857143
825.0,69.34339481297326,71.48511833281731,66.42857142857143
826.0,69.34339481297326,71.48522619322624,66.42857142857143
827.0,69.34339481297326,71.48533386298573,66.42857142857143
828.0,69.34339481297326,71.48544134265062,66.42857142857143
829.0,69.34339481297326,71.48554863277342,66.42857142857143
830.0,69.34339481297326,71.48565573390445,66.42857142857143
831.0,69.34339481297326,71.48576264659194,66.42857142857143
832.0,69.34339481297326,71.48586937138174,66.42857142857143
833.0,69.34339481297326,71.4859759088177,66.42857142857143
834.0,69.34339481297326,71.4860822594413,66.42857142857143
835.0,69.34339481297326,71.48618842379207,66.42857142857143
836.0,69.34339481297326,71.48629440240728,66.42857142857143
837.0,69.34339481297326,71.4864001958221,66.42857142857143
838.0,69.34339481297326,71.48650580456946,66.42857142857143
839.0,69.34339481297326,71.48661122918038,66.42857142857143
840.0,69.34339481297326,71.48671647018358,66.42857142857143
841.0,69.34339481297326,71.48682152810589,66.42857142857143
842.0,69.34339481297326,71.48692640347178,66.42857142857143
843.0,69.34339481297326,71.48703109680393,66.42857142857143
844.0,69.34339481297326,71.48713560862275,66.42857142857143
845.0,69.34339481297326,71.48723993944674,66.42857142857143
846.0,69.34339481297326,71.48734408979222,66.42857142857143
847.0,69.34339481297326,71.48744806017366,66.42857142857143
848.0,69.34339481297326,71.48755185110329,66.42857142857143
849.0,69.34339481297326,71.48765546309146,66.42857142857143
850.0,69.34339481297326,71.4877588966465,66.42857142857143
851.0,69.34339481297326,71.48786215227477,66.42857142857143
852.0,69.34339481297326,71.48796523048057,66.42857142857143
853.0,69.34339481297326,71.48806813176633,66.42857142857143
854.0,69.34339481297326,71.48817085663238,66.42857142857143
855.0,69.34339481297326,71.48827340557727,66.42857142857143
856.0,69.34339481297326,71.48837577909747,66.42857142857143
857.0,69.34339481297326,71.48847797768752,66.42857142857143
858.0,69.34339481297326,71.48858000184016,66.42857142857143
859.0,69.34339481297326,71.48868185204606,66.42857142857143
860.0,69.34339481297326,71.48878352879404,66.42857142857143
861.0,69.34339481297326,71.48888503257113,66.42857142857143
862.0,69.34339481297326,71.48898636386227,66.42857142857143
863.0,69.34339481297326,71.48908752315072,66.42857142857143
864.0,69.34339481297326,71.48918851091767,66.42857142857143
865.0,69.34339481297326,71.48928932764271,66.42857142857143
866.0,69.34339481297326,71.4893899738033,66.42857142857143
867.0,69.34339481297326,71.48949044987526,66.42857142857143
868.0,69.34339481297326,71.48959075633248,66.42857142857143
869.0,69.34339481297326,71.4896908936471,66.42857142857143
870.0,69.34339481297326,71.48979086228931,66.42857142857143
871.0,69.34339481297326,71.48989066272763,66.42857142857143
872.0,69.34339481297326,71.48999029542877,66.42857142857143
873.0,69.34339481297326,71.49008976085754,66.42857142857143
874.0,69.34339481297326,71.49018905947712,66.42857142857143
875.0,69.34339481297326,71.49028819174879,66.42857142857143
876.0,69.34339481297326,71.49038715813215,66.42857142857143
877.0,69.34339481297326,71.49048595908498,66.42857142857143
878.0,69.34339481297326,71.49058459506341,66.42857142857143
879.0,69.34339481297326,71.4906830665217,66.42857142857143
880.0,69.34339481297326,71.49078137391253,66.42857142857143
881.0,69.34339481297326,71.49087951768674,66.42857142857143
882.0,69.34339481297326,71.49097749829352,66.42857142857143
883.0,69.34339481297326,71.49107531618034,66.42857142857143
884.0,69.34339481297326,71.49117297179295,66.42857142857143
885.0,69.34339481297326,71.49127046557543,66.42857142857143
886.0,69.34339481297326,71.4913677979702,66.42857142857143
887.0,69.34339481297326,71.491464969418,66.42857142857143
888.0,69.34339481297326,71.49156198035791,66.42857142857143
889.0,69.34339481297326,71.49165883122728,66.42857142857143
890.0,69.34339481297326,71.49175552246192,66.42857142857143
891.0,69.34339481297326,71.49185205449595,66.42857142857143
892.0,69.34339481297326,71.49194842776186,66.42857142857143
893.0,69.34339481297326,71.49204464269053,66.42857142857143
894.0,69.34339481297326,71.49214069971121,66.42857142857143
895.0,69.34339481297326,71.49223659925147,66.42857142857143
896.0,69.34339481297326,71.49233234173745,66.42857142857143
897.0,69.34339481297326,71.49242792759358,66.42857142857143
898.0,69.34339481297326,71.49252335724263,66.42857142857143
899.0,69.34339481297326,71.49261863110593,66.42857142857143
900.0,69.34339481297326,71.49271374960325,66.42857142857143
901.0,69.34339481297326,71.4928087131527,66.42857142857143
902.0,69.34339481297326,71.49290352217083,66.42857142857143
903.0,69.34339481297326,71.49299817707272,66.42857142857143
904.0,69.34339481297326,71.49309267827181,66.42857142857143
905.0,69.34339481297326,71.4931870261802,66.42857142857143
906.0,69.34339481297326,71.49328122120816,66.42857142857143
907.0,69.34339481297326,71.49337526376469,66.42857142857143
908.0,69.34339481297326,71.49346915425717,66.42857142857143
909.0,69.34339481297326,71.49356289309154,66.42857142857143
910.0,69.34339481297326,71.49365648067216,66.42857142857143
911.0,69.34339481297326,71.4937499174019,66.42857142857143
912.0,69.34339481297326,71.49384320368225,66.42857142857143
913.0,69.34339481297326,71.49393633991315,66.42857142857143
914.0,69.34339481297326,71.49402932649295,66.42857142857143
915.0,69.34339481297326,71.49412216381882,66.42857142857143
916.0,69.34339481297326,71.49421485228616,66.42857142857143
917.0,69.34339481297326,71.49430739228923,66.42857142857143
918.0,69.34339481297326,71.49439978422053,66.42857142857143
919.0,69.34339481297326,71.49449202847138,66.42857142857143
920.0,69.34339481297326,71.4945841254315,66.42857142857143
921.0,69.34339481297326,71.4946760754893,66.42857142857143
922.0,69.34339481297326,71.49476787903168,66.42857142857143
923.0,69.34339481297326,71.49485953644424,66.42857142857143
924.0,69.34339481297326,71.49495104811103,66.42857142857143
925.0,69.34339481297326,71.49504241441484,66.42857142857143
926.0,69.34339481297326,71.49513363573699,66.42857142857143
927.0,69.34339481297326,71.49522471245741,66.42857142857143
928.0,69.34339481297326,71.49531564495473,66.42857142857143
929.0,69.34339481297326,71.4954064336061,66.42857142857143
930.0,69.34339481297326,71.49549707878738,66.42857142857143
931.0,69.34339481297326,71.49558758087305,66.42857142857143
932.0,69.34339481297326,71.49567794023626,66.42857142857143
933.0,69.34339481297326,71.49576815724876,66.42857142857143
934.0,69.34339481297326,71.49585823228098,66.42857142857143
935.0,69.34339481297326,71.49594816570203,66.42857142857143
936.0,69.34339481297326,71.4960379578797,66.42857142857143
937.0,69.34339481297326,71.49612760918039,66.42857142857143
938.0,69.34339481297326,71.4962171199693,66.42857142857143
939.0,69.34339481297326,71.49630649061024,66.42857142857143
940.0,69.34339481297326,71.49639572146566,66.42857142857143
941.0,69.34339481297326,71.49648481289684,66.42857142857143
942.0,69.34339481297326,71.49657376526372,66.42857142857143
943.0,69.34339481297326,71.49666257892491,66.42857142857143
944.0,69.34339481297326,71.49675125423775,66.42857142857143
945.0,69.34339481297326,71.49683979155837,66.42857142857143
946.0,69.34339481297326,71.49692819124152,66.42857142857143
947.0,69.34339481297326,71.49701645364082,66.42857142857143
948.0,69.34339481297326,71.49710457910852,66.42857142857143
949.0,69.34339481297326,71.49719256799567,66.42857142857143
950.0,69.34339481297326,71.49728042065203,66.42857142857143
951.0,69.34339481297326,71.4973681374262,66.42857142857143
952.0,69.34339481297326,71.49745571866544,66.42857142857143
953.0,69.34339481297326,71.49754316471592,66.42857142857143
954.0,69.34339481297326,71.49763047592238,66.42857142857143
955.0,69.34339481297326,71.49771765262861,66.42857142857143
956.0,69.34339481297326,71.4978046951769,66.42857142857143
957.0,69.34339481297326,71.49789160390853,66.42857142857143
958.0,69.34339481297326,71.4979783791635,66.42857142857143
959.0,69.34339481297326,71.4980650212807,66.42857142857143
960.0,69.34339481297326,71.49815153059761,66.42857142857143
961.0,69.34339481297326,71.49823790745084,66.42857142857143
962.0,69.34339481297326,71.4983241521755,66.42857142857143
963.0,69.34339481297326,71.49841026510578,66.42857142857143
964.0,69.34339481297326,71.49849624657449,66.42857142857143
965.0,69.34339481297326,71.4985820969135,66.42857142857143
966.0,69.34339481297326,71.49866781645332,66.42857142857143
967.0,69.34339481297326,71.49875340552343,66.42857142857143
968.0,69.34339481297326,71.49883886445201,66.42857142857143
969.0,69.34339481297326,71.4989241935663,66.42857142857143
970.0,69.34339481297326,71.49900939319225,66.42857142857143
971.0,69.34339481297326,71.49909446365473,66.42857142857143
972.0,69.34339481297326,71.49917940527747,66.42857142857143
973.0,69.34339481297326,71.49926421838309,66.42857142857143
974.0,69.34339481297326,71.49934890329301,66.42857142857143
975.0,69.34339481297326,71.49943346032774,66.42857142857143
976.0,69.34339481297326,71.49951788980638,66.42857142857143
977.0,69.34339481297326,71.49960219204722,66.42857142857143
978.0,69.34339481297326,71.49968636736718,66.42857142857143
979.0,69.34339481297326,71.49977041608237,66.42857142857143
980.0,69.34339481297326,71.49985433850749,66.42857142857143
981.0,69.34339481297326,71.49993813495648,66.42857142857143
982.0,69.34339481297326,71.50002180574195,66.42857142857143
983.0,69.34339481297326,71.50010535117562,66.42857142857143
984.0,69.34339481297326,71.50018877156788,66.42857142857143
985.0,69.34339481297326,71.50027206722835,66.42857142857143
986.0,69.34339481297326,71.50035523846542,66.42857142857143
987.0,69.34339481297326,71.50043828558645,66.42857142857143
988.0,69.34339481297326,71.50052120889774,66.42857142857143
989.0,69.34339481297326,71.50060400870463,66.42857142857143
990.0,69.34339481297326,71.50068668531118,66.42857142857143
991.0,69.34339481297326,71.50076923902077,66.42857142857143
992.0,69.34339481297326,71.50085167013543,66.42857142857143
993.0,69.34339481297326,71.50093397895627,66.42857142857143
994.0,69.34339481297326,71.50101616578341,66.42857142857143
995.0,69.34339481297326,71.50109823091589,66.42857142857143
996.0,69.34339481297326,71.50118017465175,66.42857142857143
997.0,69.34339481297326,71.50126199728818,66.42857142857143
998.0,69.34339481297326,71.50134369912101,66.42857142857143
999.0,69.34339481297326,71.50142528044536,66.42857142857143
1000.0,69.34339481297326,71.50150674155525,66.42857142857143
