"tick","donation-normed-small","donation-small","donation-valued-small"
1.0,92.5,94.35718682044285,95.0
2.0,92.5,93.29056941504209,95.0
3.0,92.5,93.2537783614444,95.0
4.0,92.5,93.22168783648704,95.0
5.0,89.36469903123886,65.01159622504487,65.0
6.0,89.36469903123886,65.02319245008972,65.0
7.0,89.36469903123886,65.03478867513459,65.0
8.0,89.36469903123886,65.04638490017946,65.0
9.0,89.36469903123886,65.05136292973766,65.0
10.0,89.36469903123886,65.14530488286253,65.0
11.0,89.36469903123886,65.40066558697175,65.0
12.0,89.36469903123886,66.0948079486544,65.0
13.0,89.36469903123886,67.98168251677998,65.0
14.0,89.36469903123886,72.92917670469879,64.99999999999999
15.0,89.36469903123886,73.09983163956137,65.0
16.0,89.36469903123886,73.24868321924681,65.00000000000001
17.0,89.36469903123886,73.38001089093568,64.99999999999999
18.0,89.36469903123886,73.49700353787837,65.00000000000001
19.0,89.36469903123886,73.60209261302258,64.99999999999999
20.0,89.36469903123886,73.6971687836487,65.00000000000001
21.0,89.36469903123886,73.78372735554665,64.99999999999999
22.0,89.36469903123886,73.86296858973519,65.00000000000001
23.0,89.36469903123886,73.93586856606906,64.99999999999999
24.0,89.36469903123886,74.0032302965946,65.00000000000001
25.0,89.36469903123886,74.06572128087272,64.99999999999999
26.0,89.36469903123886,74.12390155827886,65.00000000000001
27.0,89.36469903123886,74.17824497436094,64.99999999999999
28.0,89.36469903123886,74.22915551966477,65.00000000000001
29.0,89.36469903123886,74.27698003589195,64.99999999999999
30.0,89.36469903123886,74.32201820687341,65.00000000000001
31.0,89.36469903123886,74.36453049445285,64.99999999999999
32.0,89.36469903123886,74.40474450087555,65.00000000000001
33.0,89.36469903123886,74.44286011358155,64.99999999999999
34.0,89.36469903123886,74.47905369853865,65.00000000000001
35.0,89.36469903123886,74.51348154331151,64.99999999999999
36.0,89.36469903123886,74.54628270351762,65.00000000000001
37.0,89.36469903123886,74.57758137112009,64.99999999999999
38.0,89.36469903123886,74.60748885667648,65.00000000000001
39.0,89.36469903123886,74.63610525777354,64.99999999999999
40.0,89.36469903123886,74.66352087072079,65.00000000000001
41.0,89.36469903123886,74.68981739092412,64.99999999999999
42.0,89.36469903123886,74.71506893833481,65.00000000000001
43.0,89.36469903123886,74.7393429373224,64.99999999999999
44.0,89.36469903123886,74.76270087478187,65.00000000000001
45.0,89.36469903123886,74.7851989559015,64.99999999999999
46.0,89.36469903123886,74.80688867352798,65.00000000000001
47.0,89.36469903123886,74.82781730426788,64.99999999999999
48.0,89.36469903123886,74.84802834221315,65.00000000000001
49.0,89.36469903123886,74.86756187935136,64.99999999999999
50.0,89.36469903123886,74.88645494023764,65.00000000000001
51.0,89.36469903123886,74.90474177728804,64.99999999999999
52.0,89.36469903123886,74.92245413205588,65.00000000000001
53.0,89.36469903123886,74.9396214670271,64.99999999999999
54.0,89.36469903123886,74.9562711717871,65.00000000000001
55.0,89.36469903123886,74.97242874684181,64.99999999999999
56.0,75.00930869537898,74.98811796790032,65.00000000000001
57.0,75.00930869537898,74.98733897602385,64.99999999999999
58.0,75.00930869537898,74.98613458072644,65.0
59.0,75.00930869537898,74.9845242077892,65.0
60.0,75.00930869537898,74.98252606336155,64.99999999999999
61.0,75.00930869537898,74.98930133619027,65.0
62.0,75.00930869537898,74.87280394578411,65.00000000000001
63.0,75.00930869537898,74.53294094263875,65.0
64.0,75.00930869537898,73.5865049012824,64.99999999999999
65.0,75.00930869537898,70.9918048091847,65.0
66.0,75.00930869537898,64.16806528182116,65.0
67.0,75.00930869537898,65.0,65.0
68.0,75.00930869537898,65.00000000000001,65.00000000000001
69.0,75.00930869537898,64.99999999999999,64.99999999999999
70.0,75.00930869537898,65.0,65.0
71.0,75.00930869537898,65.0,65.0
72.0,75.00930869537898,64.99999999999999,64.99999999999999
73.0,75.00930869537898,65.0,65.0
74.0,75.00930869537898,65.0,65.0
75.0,75.00930869537898,65.0,65.0
76.0,75.00930869537898,65.0,65.0
77.0,75.00930869537898,64.99999999999999,64.99999999999999
78.0,75.00930869537898,65.0,65.0
79.0,75.00930869537898,65.00000000000001,65.00000000000001
80.0,75.00930869537898,64.99999999999999,64.99999999999999
81.0,75.00930869537898,65.00000000000001,65.00000000000001
82.0,75.00930869537898,64.99999999999999,64.99999999999999
83.0,75.00930869537898,65.00000000000001,65.00000000000001
84.0,75.00930869537898,64.99999999999999,64.99999999999999
85.0,75.00930869537898,65.00000000000001,65.00000000000001
86.0,75.00930869537898,64.99999999999999,64.99999999999999
87.0,75.00930869537898,65.00000000000001,65.00000000000001
88.0,75.00930869537898,64.99999999999999,64.99999999999999
89.0,75.00930869537898,65.00000000000001,65.00000000000001
90.0,75.00930869537898,64.99999999999999,64.99999999999999
91.0,75.00930869537898,65.00000000000001,65.00000000000001
92.0,75.00930869537898,64.99999999999999,64.99999999999999
93.0,75.00930869537898,65.00000000000001,65.00000000000001
94.0,75.00930869537898,64.99999999999999,64.99999999999999
95.0,75.00930869537898,65.00000000000001,65.00000000000001
96.0,75.00930869537898,64.99999999999999,64.99999999999999
97.0,75.00930869537898,65.00000000000001,65.00000000000001
98.0,75.00930869537898,64.99999999999999,64.99999999999999
99.0,75.00930869537898,65.00000000000001,65.00000000000001
100.0,75.00930869537898,64.99999999999999,64.99999999999999
101.0,75.00930869537898,65.00000000000001,65.00000000000001
102.0,75.00930869537898,64.99999999999999,64.99999999999999
103.0,75.00930869537898,65.00000000000001,65.00000000000001
104.0,75.00930869537898,64.99999999999999,64.99999999999999
105.0,75.00930869537898,65.00000000000001,65.00000000000001
106.0,75.00930869537898,64.99999999999999,64.99999999999999
107.0,75.00930869537898,65.00000000000001,65.00000000000001
108.0,72.57416804233839,64.99999999999999,64.99999999999999
109.0,72.57416804233839,65.01200000000001,65.00000000000001
110.0,72.57416804233839,65.02399999999999,64.99999999999999
111.0,72.57416804233839,65.03600000000002,65.00000000000001
112.0,72.57416804233839,65.04799999999999,64.99999999999999
113.0,72.57416804233839,65.05315136214307,65.00000000000001
114.0,72.57416804233839,65.15036432870215,64.99999999999999
115.0,72.57416804233839,65.41461656919036,65.00000000000001
116.0,72.57416804233839,66.13292863263898,64.99999999999999
117.0,72.57416804233839,68.08550326187436,65.00000000000001
118.0,72.57416804233839,73.20526680779794,64.99999999999999
119.0,72.57416804233839,73.38186386506685,65.00000000000001
120.0,72.57416804233839,73.53589838486224,64.99999999999999
121.0,72.57416804233839,73.67179882264863,65.00000000000001
122.0,72.57416804233839,73.79286509705089,64.99999999999999
123.0,72.57416804233839,73.90161332303407,65.00000000000001
124.0,72.57416804233839,73.99999999999999,64.99999999999999
125.0,72.57416804233839,74.08957249956401,65.00000000000001
126.0,72.57416804233839,74.1715728752538,64.99999999999999
127.0,72.57416804233839,74.24701119355326,65.00000000000001
128.0,72.57416804233839,74.31671842700025,64.99999999999999
129.0,72.57416804233839,74.3813853171681,65.00000000000001
130.0,72.57416804233839,74.44159140373267,64.99999999999999
131.0,72.57416804233839,74.49782703131511,65.00000000000001
132.0,72.57416804233839,74.55051025721681,64.99999999999999
133.0,72.57416804233839,74.60000000000001,65.00000000000001
134.0,72.57416804233839,74.64660637834179,64.99999999999999
135.0,72.57416804233839,74.6905989232415,65.00000000000001
136.0,72.57416804233839,74.73221316194463,64.99999999999999
137.0,72.57416804233839,74.77165594187538,65.00000000000001
138.0,72.57416804233839,74.80910976997933,64.99999999999999
139.0,72.57416804233839,74.8447363756787,65.00000000000001
140.0,72.57416804233839,74.87867965644035,64.99999999999999
141.0,72.57416804233839,74.91106812853162,65.00000000000001
142.0,72.57416804233839,74.94201697828989,64.99999999999999
143.0,72.57416804233839,74.97162978865157,65.00000000000001
144.0,72.57416804233839,75.0,64.99999999999999
145.0,72.57416804233839,75.02721215233572,65.00000000000001
146.0,72.57416804233839,75.05334294643085,64.99999999999999
147.0,72.57416804233839,75.07846215433896,65.00000000000001
148.0,72.57416804233839,75.10263340389896,64.99999999999999
149.0,72.57416804233839,75.12591485733672,65.00000000000001
150.0,72.57416804233839,75.14835980045488,64.99999999999999
151.0,72.57416804233839,75.17001715600874,65.00000000000001
152.0,72.57416804233839,75.19093193253342,64.99999999999999
153.0,72.57416804233839,75.21114561800017,65.00000000000001
154.0,72.57416804233839,75.23069652614123,64.99999999999999
155.0,72.57416804233839,75.24962010202528,65.00000000000001
156.0,72.57416804233839,75.26794919243112,64.99999999999999
157.0,72.57416804233839,75.28571428571429,65.00000000000001
158.0,72.57416804233839,75.30294372515228,64.99999999999999
159.0,72.57416804233839,75.3196638991664,65.00000000000001
160.0,72.57416804233839,75.3358994113243,64.99999999999999
161.0,72.57416804233839,75.35167323261574,65.00000000000001
162.0,72.57416804233839,75.36700683814455,64.99999999999999
163.0,72.57416804233839,75.38192033008822,65.00000000000001
164.0,72.57416804233839,75.39643254852545,64.99999999999999
165.0,72.57416804233839,75.41056117152196,65.00000000000001
166.0,72.57416804233839,75.42432280568333,64.99999999999999
167.0,72.57416804233839,75.43773306823012,65.00000000000001
168.0,72.57416804233839,75.45080666151703,64.99999999999999
169.0,75.06810432977686,75.46355744080525,65.00000000000001
170.0,75.06810432977686,75.49008863733002,64.99999999999999
171.0,75.06810432977686,75.51632243062771,65.00000000000001
172.0,75.06810432977686,75.5422704839969,64.99999999999999
173.0,75.06810432977686,75.56794383025873,65.00000000000001
174.0,75.06810432977686,75.5853113805503,64.99999999999999
175.0,75.06810432977686,75.71052147189408,65.00000000000001
176.0,75.06810432977686,76.03162077902685,64.99999999999999
177.0,75.06810432977686,76.88563203062655,65.00000000000001
178.0,75.06810432977686,79.18866223139521,64.99999999999999
179.0,79.15920753510852,74.63446109137227,65.00000000000001
180.0,75.1702360363718,64.99999999999999,64.99999999999999
181.0,75.1702360363718,64.98800000000001,65.00000000000001
182.0,75.1702360363718,64.976,65.0
183.0,75.1702360363718,64.96400000000001,65.0
184.0,75.1702360363718,64.952,65.0
185.0,75.1702360363718,64.94684863785695,65.0
186.0,75.1702360363718,64.84963567129783,65.0
187.0,75.1702360363718,64.58538343080966,65.00000000000001
188.0,75.1702360363718,63.86707136736101,65.0
189.0,75.1702360363718,61.914496738125656,65.0
190.0,75.1702360363718,56.794733192202045,65.0
191.0,75.1702360363718,56.61813613493317,65.0
192.0,75.1702360363718,56.46410161513776,65.0
193.0,75.1702360363718,56.32820117735138,65.0
194.0,75.1702360363718,56.207134902949086,65.0
195.0,75.1702360363718,56.09838667696594,65.0
196.0,75.1702360363718,56.0,64.99999999999999
197.0,75.1702360363718,55.91042750043599,65.0
198.0,75.1702360363718,55.828427124746185,65.0
199.0,75.1702360363718,55.75298880644675,65.0
200.0,75.1702360363718,55.68328157299974,65.0
201.0,75.1702360363718,55.61861468283191,65.0
202.0,75.1702360363718,55.55840859626733,65.0
203.0,75.1702360363718,55.5021729686849,65.0
204.0,75.1702360363718,55.44948974278318,65.0
205.0,75.1702360363718,55.400000000000006,65.0
206.0,75.1702360363718,55.3533936216582,65.0
207.0,75.1702360363718,55.30940107675851,65.0
208.0,75.1702360363718,55.26778683805535,65.0
209.0,75.1702360363718,55.22834405812463,65.0
210.0,75.1702360363718,55.19089023002066,65.0
211.0,75.1702360363718,55.1552636243213,65.00000000000001
212.0,75.1702360363718,55.12132034355964,65.0
213.0,75.1702360363718,55.08893187146837,65.0
214.0,75.1702360363718,55.0579830217101,65.0
215.0,75.1702360363718,55.02837021134845,65.0
216.0,75.1702360363718,55.0,65.0
217.0,75.1702360363718,54.9727878476643,65.0
218.0,75.1702360363718,54.94665705356914,65.0
219.0,75.1702360363718,54.92153784566105,65.0
220.0,75.1702360363718,54.89736659610102,65.0
221.0,75.1702360363718,54.87408514266328,65.0
222.0,75.1702360363718,54.8516401995451,65.0
223.0,75.1702360363718,54.82998284399125,65.0
224.0,75.1702360363718,54.809068067466576,65.0
225.0,75.1702360363718,54.78885438199984,65.0
226.0,75.1702360363718,54.76930347385876,65.0
227.0,75.1702360363718,54.75037989797474,65.0
228.0,75.1702360363718,54.732050807568875,65.0
229.0,75.1702360363718,54.71428571428572,65.0
230.0,75.1702360363718,54.697056274847704,65.0
231.0,58.80987367790158,54.68033610083362,65.0
232.0,58.80987367790158,54.65791046235359,65.0
233.0,58.80987367790158,54.635946514740084,65.0
234.0,58.80987367790158,54.614422782889164,65.0
235.0,58.80987367790158,54.59331916462339,65.0
236.0,58.80987367790158,54.57614964765312,65.0
237.0,58.80987367790158,54.51187431272772,65.0
238.0,58.80987367790158,54.36179978277306,65.0
239.0,58.80987367790158,53.97785265260675,65.0
240.0,57.124424242299845,58.18295875605407,65.0
241.0,57.124424242299845,66.56222815973764,65.0
242.0,57.124424242299845,66.70223099480036,65.0
243.0,57.124424242299845,66.82370062406044,65.0
244.0,57.124424242299845,66.93029800179995,65.0
245.0,57.124424242299845,67.02474996271489,65.0
246.0,57.124424242299845,67.10913464134251,65.0
247.0,57.124424242299845,67.18506708126287,65.0
248.0,57.124424242299845,67.25382382162957,65.0
249.0,57.124424242299845,67.31642883544625,65.0
250.0,57.124424242299845,67.37371423266558,65.0
251.0,57.124424242299845,67.42636404175302,65.0
252.0,57.124424242299845,67.47494637532549,65.0
253.0,57.124424242299845,67.51993745424646,65.0
254.0,57.124424242299845,67.56173981818486,65.0
255.0,57.124424242299845,67.60069631491073,65.0
256.0,57.124424242299845,67.63710097774506,65.0
257.0,57.124424242299845,67.67120757723227,65.0
258.0,57.124424242299845,67.70323641257032,65.0
259.0,57.124424242299845,67.73337975539506,65.0
260.0,57.124424242299845,67.76180625081788,65.0
261.0,57.124424242299845,67.78866450370907,65.0
262.0,57.124424242299845,67.81408602257942,65.0
263.0,57.124424242299845,67.83818765267856,65.0
264.0,57.124424242299845,67.86107359976982,65.0
265.0,57.124424242299845,67.88283712348324,65.0
266.0,57.124424242299845,67.90356196210887,65.0
267.0,57.124424242299845,67.92332353770828,65.0
268.0,57.124424242299845,67.94218998044019,65.0
269.0,57.124424242299845,67.96022300326432,65.0
270.0,57.124424242299845,73.34502312011819,65.0
271.0,57.124424242299845,65.0,65.0
272.0,57.124424242299845,65.0,65.0
273.0,57.124424242299845,65.00000000000001,65.00000000000001
274.0,57.124424242299845,65.0,65.0
275.0,57.124424242299845,65.0,65.0
276.0,57.124424242299845,64.99999999999999,64.99999999999999
277.0,57.124424242299845,65.0,65.0
278.0,57.124424242299845,64.99999999999999,64.99999999999999
279.0,57.124424242299845,65.0,65.0
280.0,57.124424242299845,65.0,65.0
281.0,57.124424242299845,65.0,65.0
282.0,57.124424242299845,65.0,65.0
283.0,57.124424242299845,65.00000000000001,65.00000000000001
284.0,57.124424242299845,64.99999999999999,64.99999999999999
285.0,57.124424242299845,65.00000000000001,65.00000000000001
286.0,57.124424242299845,64.99999999999999,64.99999999999999
287.0,57.124424242299845,65.00000000000001,65.00000000000001
288.0,57.124424242299845,64.99999999999999,64.99999999999999
289.0,57.124424242299845,65.00000000000001,65.00000000000001
290.0,57.124424242299845,64.99999999999999,64.99999999999999
291.0,57.124424242299845,65.00000000000001,65.00000000000001
292.0,62.93606722016673,64.99999999999999,64.99999999999999
293.0,62.93606722016673,65.00000000000001,65.00000000000001
294.0,62.93606722016673,65.0,65.0
295.0,62.93606722016673,65.00000000000001,65.0
296.0,62.93606722016673,65.0,65.0
297.0,62.93606722016673,65.0,65.0
298.0,62.93606722016673,65.0,65.0
299.0,62.93606722016673,65.00000000000001,65.00000000000001
300.0,62.93606722016673,65.0,65.0
301.0,62.93606722016673,65.00000000000001,65.0
302.0,62.93606722016673,65.0,65.0
303.0,62.93606722016673,65.0,65.0
304.0,62.93606722016673,56.46410161513776,65.0
305.0,62.93606722016673,56.32820117735138,65.0
306.0,62.93606722016673,56.20713490294909,65.0
307.0,62.93606722016673,56.09838667696594,65.0
308.0,62.93606722016673,56.0,64.99999999999999
309.0,62.93606722016673,55.91042750043599,65.0
310.0,62.93606722016673,55.828427124746185,65.0
311.0,62.93606722016673,55.752988806446744,65.0
312.0,62.93606722016673,55.68328157299974,65.0
313.0,62.93606722016673,55.61861468283191,65.0
314.0,62.93606722016673,55.55840859626733,65.0
315.0,62.93606722016673,55.5021729686849,65.0
316.0,62.93606722016673,55.44948974278318,65.0
317.0,62.93606722016673,55.400000000000006,65.0
318.0,62.93606722016673,55.353393621658206,65.0
319.0,62.93606722016673,55.30940107675851,65.0
320.0,62.93606722016673,55.267786838055365,65.0
321.0,62.93606722016673,55.22834405812463,65.0
322.0,62.93606722016673,55.19089023002066,65.0
323.0,62.93606722016673,55.1552636243213,65.00000000000001
324.0,62.93606722016673,55.12132034355964,65.0
325.0,62.93606722016673,55.08893187146837,65.0
326.0,62.93606722016673,55.0579830217101,65.0
327.0,62.93606722016673,55.02837021134844,65.0
328.0,62.93606722016673,55.0,65.0
329.0,62.93606722016673,54.972787847664286,65.0
330.0,62.93606722016673,54.94665705356915,65.0
331.0,62.93606722016673,54.92153784566105,65.0
332.0,62.93606722016673,54.89736659610102,65.0
333.0,62.93606722016673,54.87408514266327,65.0
334.0,62.93606722016673,54.8516401995451,65.0
335.0,62.93606722016673,54.82998284399125,65.0
336.0,62.93606722016673,54.809068067466576,65.0
337.0,62.93606722016673,54.78885438199983,65.0
338.0,62.93606722016673,54.76930347385876,65.0
339.0,62.93606722016673,54.75037989797474,65.0
340.0,62.93606722016673,54.732050807568875,65.0
341.0,62.93606722016673,54.714285714285715,65.0
342.0,62.93606722016673,54.69705627484771,65.0
343.0,62.93606722016673,54.680336100833614,65.0
344.0,62.93606722016673,54.66410058867569,65.0
345.0,62.93606722016673,54.64832676738427,65.0
346.0,62.93606722016673,54.632993161855445,65.0
347.0,62.93606722016673,54.618079669911786,65.0
348.0,62.93606722016673,54.60356745147454,65.0
349.0,62.93606722016673,54.58943882847805,65.0
350.0,62.93606722016673,54.575677194316675,65.0
351.0,62.93606722016673,54.56226693176989,65.0
352.0,62.93606722016673,54.54919333848296,65.0
353.0,60.843355732005676,54.53644255919475,65.0
354.0,58.74902570154699,54.51590881251412,65.0
355.0,56.65099310085328,54.48757813903013,65.0
356.0,56.65099310085328,54.46943517287391,65.0
357.0,56.65099310085328,54.4515669138251,65.0
358.0,56.65099310085328,54.43858158724253,65.0
359.0,56.65099310085328,54.36838455211856,65.0
360.0,56.65099310085328,54.11803310698275,65.0
361.0,56.65099310085328,53.524996468119234,65.0
362.0,56.65099310085328,51.931368814840425,65.0
363.0,56.65099310085328,53.03209263788059,65.0
364.0,56.65099310085328,56.35870076551833,65.0
365.0,56.65099310085328,71.7706903694521,65.0
366.0,56.65099310085328,65.0,65.0
367.0,56.65099310085328,65.0,65.0
368.0,56.65099310085328,65.0,65.0
369.0,56.65099310085328,65.0,65.0
370.0,56.65099310085328,65.0,65.0
371.0,56.65099310085328,65.0,65.0
372.0,56.65099310085328,65.0,65.0
373.0,56.65099310085328,65.0,65.0
374.0,56.65099310085328,65.0,65.0
375.0,56.65099310085328,65.0,65.0
376.0,56.65099310085328,65.0,65.0
377.0,56.65099310085328,65.0,65.0
378.0,56.65099310085328,65.0,65.0
379.0,56.65099310085328,65.0,65.0
380.0,56.65099310085328,65.0,65.0
381.0,56.65099310085328,65.0,65.0
382.0,56.65099310085328,65.0,65.0
383.0,56.65099310085328,65.0,65.0
384.0,58.71492588068656,65.0,65.0
385.0,58.71492588068656,65.012,65.0
386.0,58.71492588068656,65.024,65.0
387.0,58.71492588068656,65.036,65.0
388.0,58.71492588068656,65.048,65.0
389.0,58.71492588068656,65.05315136214305,65.0
390.0,58.71492588068656,65.15036432870217,65.0
391.0,58.71492588068656,65.41461656919036,65.0
392.0,58.71492588068656,66.132928632639,65.0
393.0,58.71492588068656,68.08550326187435,65.0
394.0,58.71492588068656,73.20526680779794,65.0
395.0,58.71492588068656,73.38186386506683,65.0
396.0,58.71492588068656,73.53589838486225,65.0
397.0,58.71492588068656,73.67179882264863,65.0
398.0,58.71492588068656,73.7928650970509,65.0
399.0,58.71492588068656,73.90161332303407,65.0
400.0,58.71492588068656,74.0,65.0
401.0,58.71492588068656,74.089572499564,65.0
402.0,58.71492588068656,74.1715728752538,65.0
403.0,58.71492588068656,74.24701119355326,65.0
404.0,58.71492588068656,74.31671842700025,65.0
405.0,58.71492588068656,74.3813853171681,65.0
406.0,58.71492588068656,74.44159140373267,65.0
407.0,58.71492588068656,74.49782703131511,65.0
408.0,58.71492588068656,74.55051025721683,65.0
409.0,58.71492588068656,74.60000000000001,65.0
410.0,58.71492588068656,74.64660637834179,65.0
411.0,58.71492588068656,74.6905989232415,65.0
412.0,58.71492588068656,74.73221316194464,65.0
413.0,58.71492588068656,74.77165594187538,65.0
414.0,58.71492588068656,74.80910976997934,65.0
415.0,58.71492588068656,74.8447363756787,65.0
416.0,66.84665060573009,74.87867965644035,65.0
417.0,70.92041913771187,74.90301281173805,65.0
418.0,70.92041913771187,74.93988208063404,65.0
419.0,70.92041913771187,74.97541531013341,65.0
420.0,70.92041913771187,75.00970594061955,65.0
421.0,70.92041913771187,75.04743584105482,65.0
422.0,70.92041913771187,75.01430937139338,65.0
423.0,70.92041913771187,74.97526084923335,65.0
424.0,70.92041913771187,74.8250061241757,65.0
425.0,70.92041913771187,74.374148620399,64.99999999999999
426.0,70.92041913771187,73.23387274132621,65.0
427.0,70.92041913771187,79.09968993915915,65.0
428.0,70.92041913771187,79.22287779772834,65.0
429.0,70.92041913771187,79.33126020771245,64.99999999999999
430.0,70.92041913771187,79.42781790236356,65.0
431.0,70.92041913771187,79.51474055076403,65.0
432.0,70.92041913771187,79.59367802767896,65.00000000000001
433.0,70.92041913771187,79.66590073399982,65.0
434.0,70.92041913771187,79.73240538987436,65.0
435.0,70.92041913771187,79.79398690094098,65.0
436.0,70.92041913771187,79.85128842705176,65.0
437.0,70.92041913771187,79.90483704840972,65.0
438.0,70.92041913771187,79.95506967729723,65.0
439.0,70.92041913771187,83.1928723448153,65.0
440.0,70.92041913771187,65.00000000000001,65.00000000000001
441.0,70.92041913771187,65.0,65.0
442.0,70.92041913771187,65.0,65.0
443.0,70.92041913771187,64.99999999999999,64.99999999999999
444.0,70.92041913771187,65.0,65.0
445.0,70.92041913771187,65.0,65.0
446.0,70.92041913771187,65.0,65.0
447.0,70.92041913771187,65.0,65.0
448.0,70.92041913771187,65.0,65.0
449.0,70.92041913771187,65.0,65.0
450.0,70.92041913771187,65.0,65.0
451.0,70.92041913771187,65.0,65.0
452.0,70.92041913771187,65.00000000000001,65.00000000000001
453.0,70.92041913771187,64.99999999999999,64.99999999999999
454.0,70.92041913771187,65.00000000000001,65.00000000000001
455.0,70.92041913771187,64.99999999999999,64.99999999999999
456.0,70.92041913771187,65.00000000000001,65.00000000000001
457.0,70.92041913771187,64.99999999999999,64.99999999999999
458.0,70.92041913771187,65.00000000000001,65.00000000000001
459.0,70.92041913771187,64.99999999999999,64.99999999999999
460.0,70.92041913771187,65.00000000000001,65.00000000000001
461.0,70.92041913771187,64.99999999999999,64.99999999999999
462.0,70.92041913771187,65.00000000000001,65.00000000000001
463.0,70.92041913771187,64.99999999999999,64.99999999999999
464.0,70.92041913771187,65.00000000000001,65.00000000000001
465.0,70.92041913771187,64.99999999999999,64.99999999999999
466.0,70.92041913771187,65.00000000000001,65.00000000000001
467.0,70.92041913771187,64.99999999999999,64.99999999999999
468.0,70.92041913771187,65.00000000000001,65.00000000000001
469.0,70.92041913771187,64.99999999999999,64.99999999999999
470.0,70.92041913771187,65.00000000000001,65.00000000000001
471.0,70.92041913771187,64.99999999999999,64.99999999999999
472.0,70.92041913771187,65.00000000000001,65.00000000000001
473.0,70.92041913771187,64.99999999999999,64.99999999999999
474.0,70.92041913771187,65.00000000000001,65.00000000000001
475.0,70.92041913771187,64.99999999999999,64.99999999999999
476.0,70.92041913771187,65.00000000000001,65.00000000000001
477.0,70.92041913771187,64.99999999999999,64.99999999999999
478.0,70.92041913771187,65.00000000000001,65.00000000000001
479.0,70.92041913771187,64.99999999999999,64.99999999999999
480.0,70.92041913771187,65.00000000000001,65.00000000000001
481.0,70.92041913771187,64.99999999999999,64.99999999999999
482.0,70.92041913771187,65.00000000000001,65.00000000000001
483.0,70.92041913771187,64.99999999999999,64.99999999999999
484.0,70.92041913771187,65.00000000000001,65.00000000000001
485.0,70.92041913771187,64.99999999999999,64.99999999999999
486.0,70.92041913771187,65.00000000000001,65.00000000000001
487.0,70.92041913771187,64.99999999999999,64.99999999999999
488.0,70.92041913771187,65.00000000000001,65.00000000000001
489.0,70.92041913771187,64.99999999999999,64.99999999999999
490.0,68.95147186257614,65.00000000000001,65.00000000000001
491.0,64.9988,64.99399999999999,64.99999999999999
492.0,64.9988,64.9939988,65.00000000000001
493.0,64.9988,64.9939976,65.0
494.0,64.9988,64.9939964,65.0
495.0,64.9988,64.99741951892848,65.0
496.0,64.9988,64.95138820158424,65.0
497.0,64.9988,64.86785884332303,65.0
498.0,64.9988,64.64080250661875,65.0
499.0,64.9988,64.02359939251906,65.0
500.0,64.9988,62.43980967671201,65.0
501.0,64.9988,64.91088094468476,65.0
502.0,64.9988,64.9221445537158,65.00000000000001
503.0,64.9988,56.39529780640607,65.0
504.0,64.9988,56.26680086026797,65.0
505.0,64.9988,56.151881503447804,65.0
506.0,64.9988,56.048303177150665,65.0
507.0,64.9988,55.954313750218,65.0
508.0,63.17250367106823,55.86851835534114,65.0
509.0,61.32889657346423,55.781964511980014,65.0
510.0,61.32889657346423,55.69371428884842,65.0
511.0,61.32889657346423,55.61085035289113,65.0
512.0,61.32889657346423,55.53273749440936,65.0
513.0,61.32889657346423,55.46330733574382,65.0
514.0,61.32889657346423,55.34207372344119,65.0
515.0,61.32889657346423,55.05509724959891,65.0
516.0,61.32889657346423,54.365843088874946,65.0
517.0,61.32889657346423,52.57757352895717,65.0
518.0,61.32889657346423,52.76569968733662,65.0
519.0,61.32889657346423,49.284352081715895,65.0
520.0,61.32889657346423,53.95429024193576,65.0
521.0,61.32889657346423,53.76497496276151,65.0
522.0,61.32889657346423,53.59718744798644,65.0
523.0,61.32889657346423,53.447129770405446,65.0
524.0,61.32889657346423,53.31188129991148,65.0
525.0,61.32889657346423,53.18915401972225,65.0
526.0,61.32889657346423,53.07712645867539,65.0
527.0,61.32889657346423,52.97432801181417,65.0
528.0,61.32889657346423,52.87955651230825,65.0
529.0,61.32889657346423,52.79181831262965,65.0
530.0,61.32889657346423,52.71028394988297,65.0
531.0,61.32889657346423,52.6342548187496,65.0
532.0,61.32889657346423,52.56313775999004,65.0
533.0,61.32889657346423,52.49642543358411,65.0
534.0,61.32889657346423,52.43368098146129,65.0
535.0,61.32889657346423,52.374525913744264,65.0
536.0,61.32889657346423,52.31863044699338,65.0
537.0,61.32889657346423,52.26570572850769,65.0
538.0,61.32889657346423,52.21549752634033,65.0
539.0,61.32889657346423,52.16778106922817,65.0
540.0,61.32889657346423,52.12235679664951,65.0
541.0,61.32889657346423,52.07904683513903,64.99999999999999
542.0,61.32889657346423,52.03769205857042,65.0
543.0,61.32889657346423,51.99814962134962,65.0
544.0,61.32889657346423,51.96029087714462,65.0
545.0,61.32889657346423,51.92399961389291,65.0
546.0,61.32889657346423,51.88917054980123,65.0
547.0,61.32889657346423,51.85570804591225,65.0
548.0,61.32889657346423,51.823524999317975,65.0
549.0,61.32889657346423,51.792541887803054,65.0
550.0,61.32889657346423,51.76268594202341,65.0
551.0,61.32889657346423,51.733890425572376,65.0
552.0,61.32889657346423,51.70609400669963,65.00000000000001
553.0,61.32889657346423,51.67924020820326,65.0
554.0,55.99549228339182,51.65327692425265,65.0
555.0,55.99549228339182,51.64682259043496,65.0
556.0,55.99549228339182,51.64116602055555,65.0
557.0,55.99549228339182,51.63626586060337,64.99999999999999
558.0,55.99549228339182,51.63208369711427,65.0
559.0,55.99549228339182,51.61793039749014,65.0
560.0,55.99549228339182,51.74763245913609,65.0
561.0,55.99549228339182,52.13779030585061,65.0
562.0,55.99549228339182,53.23484962957249,65.0
563.0,55.99549228339182,56.252427380655,65.0
564.0,55.99549228339182,77.7636998494377,65.0
565.0,55.99549228339182,65.0,65.0
566.0,55.99549228339182,65.0,65.0
567.0,55.99549228339182,64.99999999999999,64.99999999999999
568.0,55.99549228339182,65.0,65.0
569.0,55.99549228339182,65.0,65.0
570.0,55.99549228339182,65.0,65.0
571.0,55.99549228339182,65.0,65.0
572.0,55.99549228339182,65.0,65.0
573.0,55.99549228339182,65.0,65.0
574.0,55.99549228339182,65.0,65.0
575.0,55.99549228339182,65.0,65.0
576.0,55.99549228339182,65.0,65.0
577.0,55.99549228339182,65.0,65.0
578.0,55.99549228339182,65.0,65.0
579.0,55.99549228339182,65.0,65.0
580.0,55.99549228339182,65.0,65.0
581.0,55.99549228339182,65.0,65.0
582.0,55.99549228339182,65.0,65.0
583.0,55.99549228339182,65.0,65.0
584.0,55.99549228339182,65.0,65.0
585.0,55.99549228339182,65.0,65.0
586.0,55.99549228339182,65.0,65.0
587.0,55.99549228339182,65.0,65.0
588.0,55.99549228339182,65.0,65.0
589.0,55.99549228339182,65.0,65.0
590.0,55.99549228339182,65.0,65.0
591.0,55.99549228339182,65.0,65.0
592.0,55.99549228339182,65.0,65.0
593.0,55.99549228339182,65.0,65.0
594.0,55.99549228339182,65.0,65.0
595.0,55.99549228339182,65.0,65.0
596.0,55.99549228339182,65.0,65.0
597.0,55.99549228339182,65.0,65.0
598.0,55.99549228339182,65.0,65.0
599.0,55.99549228339182,65.0,65.0
600.0,55.99549228339182,65.0,65.0
601.0,55.99549228339182,65.0,65.0
602.0,55.99549228339182,65.0,65.0
603.0,55.99549228339182,65.0,65.0
604.0,55.99549228339182,65.0,65.0
605.0,55.99549228339182,65.0,65.0
606.0,55.99549228339182,65.0,65.0
607.0,55.99549228339182,65.0,65.0
608.0,55.99549228339182,65.0,65.0
609.0,55.99549228339182,65.0,65.0
610.0,55.99549228339182,65.0,65.0
611.0,55.99549228339182,65.0,65.0
612.0,55.99549228339182,65.0,65.0
613.0,55.99549228339182,65.0,65.0
614.0,55.99549228339182,65.0,65.0
615.0,59.66539570992759,65.0,65.0
616.0,64.99759999999999,64.988,65.0
617.0,64.99759999999999,64.9999988,65.0
618.0,64.99759999999999,65.01199760000002,65.0
619.0,64.99759999999999,65.0239964,65.0
620.0,64.99759999999999,65.04284383785694,65.0
621.0,64.99759999999999,64.95593308044775,65.0
622.0,64.99759999999999,64.8860970517811,65.00000000000001
623.0,64.99759999999999,64.69626304408479,65.0
624.0,64.99759999999999,64.18024071054037,65.0
625.0,64.99759999999999,62.96543116562456,65.0
626.0,64.99759999999999,81.40971308891511,65.0
627.0,64.99759999999999,73.38186386506683,65.0
628.0,64.99759999999999,73.53589838486225,65.0
629.0,64.99759999999999,73.67179882264863,65.0
630.0,66.75737301941018,73.79286509705092,65.0
631.0,66.75737301941018,73.89737189605349,65.0
632.0,66.75737301941018,73.99151714603882,65.0
633.0,68.57359094853075,74.07684821862223,65.0
634.0,68.57359094853075,74.15042338526058,65.00000000000001
635.0,68.57359094853075,74.21985716095743,65.0
636.0,68.57359094853075,74.2510204707313,65.0
637.0,68.57359094853075,74.21810303028761,65.0
638.0,68.57359094853075,74.02262408827146,65.0
639.0,68.57359094853075,73.35482466747047,65.0
640.0,68.57359094853075,71.50578480805012,65.0
641.0,68.57359094853075,71.2424174961878,65.0
642.0,68.57359094853075,70.55381780002533,65.0
643.0,68.57359094853075,68.76477811875182,65.0
644.0,68.57359094853075,68.70203091039988,65.00000000000001
645.0,68.57359094853075,68.64933248016456,65.0
646.0,68.57359094853075,68.60462983149775,65.0
647.0,68.57359094853075,68.56638726014694,65.0
648.0,68.57359094853075,68.53343241724379,65.0
649.0,68.57359094853075,68.50485467819264,64.99999999999999
650.0,68.57359094853075,68.47993603141724,65.0
651.0,68.57359094853075,68.45810287558514,64.99999999999999
652.0,68.57359094853075,68.4388916533078,65.0
653.0,68.57359094853075,68.42192387384314,65.0
654.0,68.57359094853075,68.40688764865263,65.0
655.0,68.57359094853075,68.39352383357492,65.0
656.0,68.57359094853075,68.38161548638574,65.0
657.0,68.57359094853075,68.37097974791965,65.0
658.0,68.57359094853075,68.36146151992442,65.0
659.0,68.57359094853075,68.35292849205469,65.0
660.0,68.57359094853075,68.34526719377517,65.0
661.0,68.57359094853075,68.33837983320696,65.0
662.0,68.57359094853075,68.3321817461537,65.0
663.0,68.57359094853075,68.32659932254644,65.0
664.0,68.57359094853075,68.3215683095728,65.0
665.0,68.57359094853075,68.31703241432957,65.0
666.0,68.57359094853075,68.31294214637616,65.0
667.0,68.57359094853075,68.30925385373614,65.0
668.0,68.57359094853075,68.30592891588083,65.0
669.0,68.57359094853075,68.30293306486065,65.0
670.0,68.57359094853075,68.30023581163192,65.0
671.0,68.57359094853075,68.29780995919297,65.0
672.0,68.57359094853075,68.29563118771357,65.0
673.0,68.57359094853075,68.29367769965053,65.0
674.0,68.57359094853075,68.29192991506845,65.0
675.0,68.57359094853075,68.2903702091556,65.0
676.0,68.57359094853075,68.2889826853464,65.0
677.0,68.57359094853075,68.28775297860427,65.0
678.0,68.57359094853075,68.28666808434512,65.0
679.0,68.57359094853075,68.28571620923435,64.99999999999999
680.0,68.57359094853075,68.28488664070515,65.0
681.0,68.57359094853075,68.28416963255138,65.0
682.0,68.57359094853075,68.28355630436357,65.0
683.0,68.57359094853075,68.2830385529212,65.0
684.0,68.57359094853075,68.28260897394038,65.0
685.0,68.57359094853075,68.28226079281393,65.0
686.0,68.57359094853075,68.28198780318054,65.0
687.0,68.57359094853075,68.28178431232675,65.0
688.0,68.57359094853075,68.2816450925665,65.00000000000001
689.0,68.57359094853075,68.28156533786193,65.0
690.0,68.57359094853075,68.28154062504973,65.0
691.0,68.57359094853075,68.28156687912322,65.0
692.0,68.57359094853075,68.28164034209321,65.0
693.0,68.57359094853075,68.28175754501292,65.0
694.0,68.57359094853075,68.28191528280556,65.00000000000001
695.0,68.57359094853075,68.28211059157928,65.0
696.0,68.57359094853075,68.28234072815344,65.0
697.0,68.57359094853075,68.28260315155384,65.0
698.0,68.57359094853075,68.28289550626486,65.0
699.0,68.57359094853075,68.28321560705092,65.0
700.0,68.57359094853075,68.28356142518238,65.0
701.0,68.57359094853075,68.28393107592034,65.0
702.0,68.57359094853075,68.28432280713103,65.0
703.0,68.57359094853075,68.28473498891579,65.0
704.0,68.57359094853075,68.28516610415498,65.0
705.0,68.57359094853075,68.28561473987571,65.0
706.0,68.57359094853075,68.28607957936293,65.0
707.0,68.57359094853075,68.28655939494237,65.0
708.0,68.57359094853075,68.28705304137121,65.0
709.0,68.57359094853075,68.28755944977917,65.0
710.0,68.57359094853075,68.28807762210914,65.0
711.0,68.57359094853075,68.28860662601082,65.0
712.0,68.57359094853075,68.28914559014649,65.0
713.0,68.57359094853075,68.28969369987172,65.0
714.0,68.57359094853075,68.29025019325742,65.0
715.0,68.57359094853075,68.29081435742337,65.0
716.0,68.57359094853075,68.29138552515586,65.0
717.0,68.57359094853075,68.29196307178495,65.0
718.0,68.57359094853075,68.2925464122993,65.0
719.0,68.57359094853075,68.29313499867804,65.0
720.0,68.57359094853075,68.29372831742207,65.0
721.0,68.57359094853075,68.29432588726769,65.0
722.0,68.57359094853075,68.2949272570679,65.0
723.0,68.57359094853075,68.29553200382759,65.0
724.0,68.57359094853075,68.29613973088026,65.0
725.0,68.57359094853075,68.29675006619483,65.0
726.0,68.57359094853075,68.29736266080243,65.0
727.0,68.57359094853075,68.29797718733353,64.99999999999999
728.0,68.57359094853075,68.29859333865701,65.0
729.0,68.57359094853075,68.29921082661325,65.0
730.0,68.57359094853075,68.29982938083391,65.0
731.0,68.57359094853075,68.30044874764214,65.0
732.0,68.57359094853075,68.30106868902676,65.0
733.0,68.57359094853075,68.30168898168534,65.0
734.0,68.57359094853075,68.30230941613068,65.0
735.0,68.57359094853075,68.30292979585636,65.0
736.0,68.57359094853075,68.3035499365568,65.0
737.0,68.57359094853075,68.3041696653982,65.0
738.0,68.57359094853075,68.30478882033634,65.00000000000001
739.0,68.57359094853075,68.30540724947825,65.0
740.0,68.57359094853075,68.30602481048444,65.0
741.0,68.57359094853075,68.30664137000906,65.0
742.0,68.57359094853075,68.30725680317502,65.0
743.0,68.57359094853075,68.30787099308202,65.0
744.0,68.57359094853075,68.30848383034505,65.0
745.0,68.57359094853075,68.30909521266138,65.0
746.0,68.57359094853075,68.30970504440381,65.0
747.0,68.57359094853075,68.31031323623908,65.0
748.0,68.57359094853075,68.31091970476905,65.0
749.0,68.57359094853075,68.31152437219349,65.0
750.0,68.57359094853075,68.3121271659932,65.0
751.0,68.57359094853075,68.31272801863179,65.0
752.0,68.57359094853075,68.31332686727514,65.0
753.0,68.57359094853075,68.3139236535274,65.0
754.0,68.57359094853075,68.31451832318233,65.00000000000001
755.0,68.57359094853075,68.31511082598918,65.0
756.0,68.57359094853075,68.3157011154321,65.0
757.0,68.57359094853075,68.31628914852213,65.0
758.0,68.57359094853075,68.3168748856013,65.0
759.0,68.57359094853075,68.31745829015772,65.0
760.0,68.57359094853075,68.31803932865124,65.0
761.0,68.57359094853075,68.31861797034885,65.0
762.0,68.57359094853075,68.31919418716954,65.0
763.0,68.57359094853075,68.31976795353754,65.0
764.0,68.57359094853075,68.32033924624396,65.0
765.0,68.57359094853075,68.32090804431597,65.0
766.0,68.57359094853075,68.32147432889327,65.0
767.0,68.57359094853075,68.32203808311131,65.0
768.0,68.57359094853075,68.3225992919909,65.0
769.0,68.57359094853075,68.32315794233385,65.0
770.0,68.57359094853075,68.32371402262426,65.0
771.0,68.57359094853075,68.3242675229352,64.99999999999999
772.0,68.57359094853075,68.32481843484034,65.0
773.0,68.57359094853075,68.32536675133035,65.0
774.0,68.57359094853075,68.32591246673383,65.0
775.0,68.57359094853075,68.32645557664245,64.99999999999999
776.0,68.57359094853075,68.32699607783992,65.0
777.0,68.57359094853075,68.32753396823496,65.0
778.0,68.57359094853075,68.32806924679763,65.0
779.0,68.57359094853075,68.32860191349907,65.0
780.0,68.57359094853075,68.32913196925445,65.0
781.0,68.57359094853075,68.32965941586882,65.0
782.0,68.57359094853075,68.33018425598594,65.0
783.0,68.57359094853075,68.33070649303953,65.0
784.0,68.57359094853075,68.33122613120734,65.0
785.0,68.57359094853075,68.33174317536738,65.0
786.0,68.57359094853075,68.33225763105655,65.0
787.0,68.57359094853075,68.33276950443131,65.0
788.0,68.57359094853075,68.3332788022305,65.0
789.0,68.57359094853075,68.33378553173992,65.0
790.0,68.57359094853075,68.3342897007589,65.0
791.0,68.57359094853075,68.33479131756842,65.0
792.0,68.57359094853075,68.33529039090098,65.0
793.0,68.57359094853075,68.335786929912,65.0
794.0,68.57359094853075,68.33628094415265,65.0
795.0,68.57359094853075,68.336772443544,65.0
796.0,68.57359094853075,68.33726143835267,65.0
797.0,68.57359094853075,68.33774793916757,65.0
798.0,68.57359094853075,68.33823195687789,65.0
799.0,68.57359094853075,68.33871350265217,65.0
800.0,68.57359094853075,68.3391925879185,65.0
801.0,68.57359094853075,68.33966922434566,65.0
802.0,68.57359094853075,68.34014342382532,65.00000000000001
803.0,68.57359094853075,68.34061519845497,65.0
804.0,68.57359094853075,68.34108456052194,65.0
805.0,68.57359094853075,68.34155152248807,65.0
806.0,68.57359094853075,68.34201609697526,65.0
807.0,68.57359094853075,68.3424782967517,65.0
808.0,68.57359094853075,68.3429381347188,65.0
809.0,68.57359094853075,68.34339562389889,65.0
810.0,68.57359094853075,68.34385077742341,65.0
811.0,68.57359094853075,68.34430360852183,65.0
812.0,68.57359094853075,68.34475413051108,65.00000000000001
813.0,68.57359094853075,68.34520235678546,65.0
814.0,68.57359094853075,68.34564830080733,65.0
815.0,68.57359094853075,68.34609197609785,65.0
816.0,68.57359094853075,68.34653339622876,65.0
817.0,68.57359094853075,68.34697257481396,65.0
818.0,68.57359094853075,68.34740952550219,65.0
819.0,68.57359094853075,68.34784426196947,65.0
820.0,68.57359094853075,68.34827679791248,65.0
821.0,68.57359094853075,68.34870714704188,65.0
822.0,68.57359094853075,68.34913532307627,65.00000000000001
823.0,68.57359094853075,68.34956133973627,65.0
824.0,68.57359094853075,68.34998521073909,65.0
825.0,68.57359094853075,68.35040694979334,65.0
826.0,68.57359094853075,68.35082657059395,65.00000000000001
827.0,68.57359094853075,68.35124408681773,65.0
828.0,68.57359094853075,68.35165951211883,65.0
829.0,68.57359094853075,68.35207286012464,65.0
830.0,68.57359094853075,68.35248414443188,65.0
831.0,68.57359094853075,68.35289337860293,65.0
832.0,68.57359094853075,68.35330057616234,65.0
833.0,68.57359094853075,68.35370575059348,65.0
834.0,68.57359094853075,68.35410891533564,65.0
835.0,68.57359094853075,68.35451008378094,65.0
836.0,68.57359094853075,68.35490926927174,65.0
837.0,68.57359094853075,68.35530648509798,64.99999999999999
838.0,68.57359094853075,68.35570174449491,65.0
839.0,68.57359094853075,68.35609506064071,64.99999999999999
840.0,68.57359094853075,68.3564864466545,65.0
841.0,68.57359094853075,68.35687591559423,65.0
842.0,68.57359094853075,68.35726348045505,65.0
843.0,68.57359094853075,68.35764915416736,65.0
844.0,68.57359094853075,68.35803294959545,65.00000000000001
845.0,68.57359094853075,68.3584148795358,65.0
846.0,68.57359094853075,68.35879495671587,65.0
847.0,68.57359094853075,68.3591731937927,65.0
848.0,68.57359094853075,68.35954960335185,65.0
849.0,68.57359094853075,68.35992419790622,65.0
850.0,68.57359094853075,68.3602969898951,65.0
851.0,68.57359094853075,68.36066799168323,65.0
852.0,68.57359094853075,68.36103721555999,65.0
853.0,68.57359094853075,68.36140467373859,65.0
