"tick","donation-normed-small","donation-small","donation-valued-small"
1.0,25.0,33.962581595302716,95.0
2.0,25.0,33.890008890013334,95.0
3.0,25.0,33.81917103688197,95.0
4.0,25.0,33.75,95.0
5.0,25.0,33.68243142124459,95.0
6.0,25.0,33.61640436855329,95.0
7.0,25.0,33.551861104941366,95.0
8.0,25.0,33.48874687627166,95.0
9.0,25.0,33.427009716003845,95.0
10.0,25.0,33.36660026534075,95.0
11.0,25.0,33.30747160735697,95.0
12.0,25.0,33.249579113843055,95.0
13.0,25.0,33.19288030372914,95.0
14.0,25.0,33.13733471206735,95.0
15.0,25.0,33.08290376865476,95.0
16.0,25.0,33.029550685469665,95.0
17.0,25.0,32.97724035217466,95.0
18.0,25.0,32.925939239012166,95.0
19.0,25.0,32.87561530648217,95.0
20.0,25.0,32.82623792124926,95.0
21.0,25.0,32.777777777777786,95.0
22.0,25.0,32.73020682523926,95.0
23.0,25.0,32.68349819927832,95.0
24.0,25.0,32.637626158259735,95.0
25.0,25.0,32.592566023652964,95.0
26.0,25.0,32.54829412424069,95.0
27.0,25.0,32.50478774386456,95.0
28.0,25.0,32.462025072446366,95.0
29.0,25.0,32.41998516004452,95.0
30.0,25.0,32.378647873726216,95.0
31.0,25.0,32.337993857053426,95.0
32.0,25.0,32.29800449199762,95.0
33.0,25.0,32.25866186311298,95.0
34.0,25.0,32.219948723811555,95.0
35.0,25.0,32.18184846459608,95.0
36.0,25.0,32.14434508311761,95.0
37.0,25.0,32.10742315593534,95.0
38.0,25.0,32.071067811865476,95.0
39.0,25.0,32.03526470681449,95.0
40.0,25.0,32.0,95.0
41.0,25.0,31.96526033146992,95.0
42.0,25.0,31.931032800836725,95.0
43.0,25.0,31.897304947150047,95.0
44.0,25.0,31.864064729836446,95.0
45.0,25.0,31.831300510639736,95.0
46.0,25.0,31.799001036500847,95.0
47.0,25.0,31.767155423319643,95.0
48.0,25.0,31.735753140545636,95.0
49.0,26.347150628109127,26.369174347866554,77.0
50.0,26.347150628109127,26.35008480103154,77.0
51.0,26.347150628109127,26.331326228098316,77.0
52.0,26.347150628109127,26.312891224641618,77.0
53.0,26.347150628109127,26.291720891237162,77.0
54.0,26.347150628109127,26.311882271079565,77.0
55.0,26.347150628109127,26.40677836350998,77.0
56.0,26.347150628109127,26.704297806425654,77.0
57.0,26.347150628109127,27.552089390165815,77.0
58.0,26.347150628109127,29.81145099065726,77.0
59.0,26.347150628109127,29.86843563592609,77.0
60.0,26.347150628109127,29.91563840422254,77.0
61.0,26.347150628109127,29.955026967689225,77.0
62.0,26.347150628109127,29.988066288928916,77.0
63.0,26.347150628109127,30.015872226758137,77.0
64.0,26.347150628109127,30.039311427831546,77.0
65.0,26.347150628109127,30.059068377956788,77.0
66.0,26.347150628109127,30.075691654087098,77.0
67.0,26.347150628109127,30.08962659537527,77.0
68.0,26.347150628109127,30.10123886737669,77.0
69.0,26.347150628109127,30.11083177469259,77.0
70.0,26.347150628109127,30.11865919185427,77.0
71.0,26.347150628109127,30.124935365315842,77.0
72.0,26.347150628109127,30.129842443479504,77.0
73.0,26.347150628109127,30.133536331822377,77.0
74.0,26.347150628109127,30.13615129617827,77.0
75.0,26.347150628109127,30.13780361854404,77.0
76.0,26.347150628109127,30.138594527472264,77.0
77.0,26.347150628109127,30.13861256715263,77.0
78.0,26.347150628109127,30.137935527893696,77.0
79.0,26.347150628109127,30.136632030772763,77.0
80.0,26.347150628109127,30.134762837298346,77.0
81.0,26.347150628109127,30.13238193869836,77.0
82.0,26.347150628109127,30.129537467305994,77.0
83.0,26.347150628109127,30.1262724633447,77.0
84.0,26.347150628109127,30.122625523424272,77.0
85.0,26.347150628109127,30.11863135168822,77.0
86.0,26.347150628109127,30.11432123039027,77.0
87.0,26.347150628109127,30.109723423429312,77.0
88.0,26.347150628109127,30.10486352381789,77.0
89.0,26.347150628109127,30.099764754038926,77.0
90.0,26.347150628109127,30.09444822663525,77.0
91.0,26.347150628109127,30.088933171087895,77.0
92.0,26.347150628109127,30.083237131999965,77.0
93.0,26.347150628109127,30.07737614276183,77.0
94.0,26.347150628109127,30.07136487818796,77.0
95.0,26.347150628109127,30.065216789056024,77.0
96.0,26.347150628109127,30.058944221017498,77.0
97.0,26.347150628109127,30.052558519969363,77.0
98.0,26.347150628109127,30.04607012566084,77.0
99.0,26.347150628109127,30.03948865504683,77.0
100.0,26.347150628109127,30.032822976680364,77.0
101.0,26.347150628109127,30.026081277252434,77.0
102.0,26.347150628109127,30.019271121232645,77.0
103.0,26.347150628109127,30.012399504433404,77.0
104.0,26.347150628109127,30.00547290220947,77.0
105.0,26.347150628109127,29.998497312910537,77.0
106.0,26.347150628109127,29.991478297123955,77.0
107.0,26.347150628109127,29.984421013176338,77.0
108.0,26.347150628109127,29.977330249303396,77.0
109.0,26.347150628109127,29.970210452847112,77.0
110.0,26.347150628109127,29.9630657567954,77.0
111.0,26.347150628109127,29.955900003941544,77.0
112.0,26.347150628109127,29.94871676890842,77.0
113.0,26.347150628109127,29.941519378253446,77.0
114.0,26.347150628109127,29.934310928845957,77.0
115.0,26.347150628109127,29.92709430468692,77.0
116.0,26.347150628109127,29.919872192321883,77.0
117.0,26.347150628109127,29.912647094981946,77.0
118.0,26.347150628109127,29.905421345572314,77.0
119.0,26.347150628109127,29.898197118616004,77.0
120.0,26.347150628109127,29.890976441248426,77.0
121.0,26.347150628109127,29.88376120334886,77.0
122.0,26.347150628109127,29.876553166886076,77.0
123.0,26.347150628109127,29.869353974547483,77.0
124.0,26.347150628109127,29.86216515771421,77.0
125.0,26.347150628109127,29.854988143838618,77.0
126.0,26.347150628109127,29.847824263275037,77.0
127.0,26.347150628109127,29.840674755609598,77.0
128.0,26.347150628109127,29.833540775531038,77.0
129.0,26.347150628109127,29.826423398279967,77.0
130.0,26.347150628109127,29.819323624711036,77.0
131.0,26.347150628109127,29.812242385998882,77.0
132.0,26.347150628109127,29.805180548016494,77.0
133.0,26.347150628109127,29.798138915411307,77.0
134.0,26.347150628109127,29.79111823540295,77.0
135.0,26.347150628109127,29.784119201323797,77.0
136.0,26.347150628109127,29.777142455922018,77.0
137.0,26.347150628109127,29.770188594445035,77.0
138.0,26.347150628109127,29.763258167519695,77.0
139.0,26.347150628109127,29.756351683844322,77.0
140.0,26.347150628109127,29.749469612706243,77.0
141.0,26.347150628109127,29.74261238633762,77.0
142.0,26.347150628109127,29.735780402120987,77.0
143.0,26.347150628109127,29.728974024655418,77.0
144.0,26.347150628109127,29.72219358769297,77.0
145.0,26.347150628109127,29.715439395954526,77.0
146.0,26.347150628109127,29.708711726833343,77.0
147.0,26.347150628109127,29.702010831994187,77.0
148.0,26.347150628109127,29.695336938874824,77.0
149.0,26.347150628109127,29.68869025209682,77.0
150.0,26.347150628109127,29.682070954791463,77.0
151.0,26.347150628109127,29.675479209846554,77.0
152.0,26.347150628109127,29.668915161079184,77.0
153.0,26.347150628109127,29.662378934339454,77.0
154.0,26.347150628109127,29.655870638549526,77.0
155.0,26.347150628109127,29.649390366682127,77.0
156.0,26.347150628109127,29.64293819668247,77.0
157.0,26.347150628109127,29.636514192337085,77.0
158.0,26.347150628109127,29.630118404092958,77.0
159.0,26.347150628109127,29.62375086982997,77.0
160.0,26.347150628109127,29.617411615589724,77.0
161.0,26.347150628109127,29.611100656263204,77.0
162.0,26.347150628109127,29.60481799623995,77.0
163.0,26.347150628109127,29.598563630021015,77.0
164.0,26.347150628109127,29.592337542797885,77.0
165.0,26.347150628109127,29.586139710999465,77.0
166.0,26.347150628109127,29.579970102808836,77.0
167.0,26.347150628109127,29.573828678651857,77.0
168.0,26.347150628109127,29.56771539165904,77.0
169.0,26.347150628109127,29.561630188102253,77.0
170.0,26.347150628109127,29.555573007807958,77.0
171.0,26.347150628109127,29.549543784547943,77.0
172.0,26.347150628109127,29.543542446409266,77.0
173.0,26.347150628109127,29.53756891614417,77.0
174.0,26.347150628109127,29.53162311150148,77.0
175.0,26.347150628109127,29.52570494554029,77.0
176.0,26.347150628109127,29.519814326926962,77.0
177.0,26.347150628109127,29.513951160216436,77.0
178.0,26.347150628109127,29.50811534611868,77.0
179.0,26.347150628109127,29.502306781751116,77.0
180.0,26.347150628109127,29.496525360877747,77.0
181.0,26.347150628109127,29.490770974135728,77.0
182.0,26.347150628109127,29.48504350925009,77.0
183.0,26.347150628109127,29.479342851237266,77.0
184.0,26.347150628109127,29.473668882597917,77.0
185.0,26.347150628109127,29.468021483499786,77.0
186.0,26.347150628109127,29.46240053195096,77.0
187.0,26.347150628109127,29.456805903964135,77.0
188.0,26.347150628109127,29.4512374737124,77.0
189.0,26.347150628109127,29.445695113676788,77.0
190.0,26.347150628109127,29.44017869478635,77.0
191.0,26.347150628109127,29.43468808655076,77.0
192.0,26.347150628109127,29.42922315718615,77.0
193.0,26.347150628109127,29.423783773734392,77.0
194.0,26.347150628109127,29.41836980217612,77.0
195.0,26.347150628109127,29.412981107537924,77.0
196.0,26.347150628109127,29.40761755399395,77.0
197.0,26.347150628109127,29.40227900496219,77.0
198.0,26.347150628109127,29.39696532319573,77.0
199.0,26.347150628109127,29.391676370869227,77.0
200.0,26.347150628109127,29.386412009660916,77.0
201.0,26.347150628109127,29.38117210083014,77.0
202.0,26.347150628109127,29.375956505291033,77.0
203.0,26.347150628109127,29.370765083682052,77.0
204.0,26.347150628109127,29.36559769643203,77.0
205.0,26.347150628109127,29.360454203822588,77.0
206.0,26.347150628109127,29.355334466047232,77.0
207.0,26.347150628109127,29.350238343267343,77.0
208.0,26.347150628109127,29.345165695665052,77.0
209.0,26.347150628109127,29.34011638349333,77.0
210.0,26.347150628109127,29.33509026712328,77.0
211.0,26.347150628109127,29.330087207088923,77.0
212.0,26.347150628109127,29.325107064129384,77.0
213.0,26.347150628109127,29.320149699228864,77.0
214.0,26.347150628109127,29.31521497365433,77.0
215.0,26.347150628109127,29.31030274899104,77.0
216.0,26.347150628109127,29.30541288717609,77.0
217.0,26.347150628109127,29.300545250530025,77.0
218.0,26.347150628109127,29.295699701786607,77.0
219.0,26.347150628109127,29.290876104120894,77.0
220.0,26.347150628109127,29.286074321175562,77.0
221.0,26.347150628109127,29.281294217085748,77.0
222.0,26.347150628109127,29.27653565650232,77.0
223.0,26.347150628109127,29.271798504613763,77.0
224.0,26.347150628109127,29.267082627166666,77.0
225.0,26.347150628109127,29.262387890484938,77.0
226.0,26.347150628109127,29.257714161487804,77.0
227.0,26.347150628109127,29.253061307706542,77.0
228.0,26.347150628109127,29.248429197300254,77.0
229.0,26.347150628109127,29.243817699070412,77.0
230.0,26.347150628109127,29.23922668247448,77.0
231.0,26.347150628109127,29.234656017638564,77.0
232.0,26.347150628109127,29.230105575369134,77.0
233.0,26.347150628109127,29.22557522716386,77.0
234.0,26.347150628109127,29.221064845221623,77.0
235.0,26.347150628109127,29.216574302451754,77.0
236.0,26.347150628109127,29.21210347248252,77.0
237.0,26.347150628109127,29.20765222966881,77.0
238.0,26.347150628109127,29.20322044909929,77.0
239.0,26.347150628109127,29.198808006602757,77.0
240.0,26.347150628109127,29.194414778754,77.0
241.0,26.347150628109127,29.190040642878966,77.0
242.0,26.347150628109127,29.18568547705948,77.0
243.0,26.347150628109127,29.18134916013729,77.0
244.0,26.347150628109127,29.17703157171777,77.0
245.0,26.347150628109127,29.17273259217302,77.0
246.0,26.347150628109127,29.168452102644558,77.0
247.0,26.347150628109127,29.164189985045578,77.0
248.0,26.347150628109127,29.1599461220628,77.0
249.0,26.347150628109127,29.15572039715791,77.0
250.0,26.347150628109127,29.15151269456863,77.0
251.0,26.347150628109127,29.14732289930945,77.00000000000001
252.0,26.347150628109127,29.143150897172042,76.99999999999999
253.0,26.347150628109127,29.138996574725297,77.0
254.0,26.347150628109127,29.134859819315107,77.0
255.0,26.347150628109127,29.13074051906389,76.99999999999999
256.0,26.347150628109127,29.12663856286975,77.0
257.0,26.347150628109127,29.12255384040545,77.0
258.0,26.347150628109127,29.118486242117182,77.0
259.0,26.347150628109127,29.114435659222966,77.00000000000001
260.0,26.347150628109127,29.110401983711007,77.0
261.0,26.347150628109127,29.106385108337673,76.99999999999999
262.0,26.347150628109127,29.102384926625454,76.99999999999999
263.0,26.347150628109127,29.09840133286057,77.00000000000001
264.0,26.347150628109127,29.094434222090523,77.0
265.0,26.347150628109127,29.090483490121443,77.0
266.0,26.347150628109127,29.08654903351527,77.0
267.0,26.347150628109127,29.082630749586816,76.99999999999999
268.0,26.347150628109127,29.07872853640069,76.99999999999999
269.0,26.347150628109127,29.074842292768032,76.99999999999999
270.0,26.347150628109127,29.07097191824325,77.0
271.0,26.347150628109127,29.067117313120484,77.0
272.0,26.347150628109127,29.063278378430148,76.99999999999999
273.0,26.347150628109127,29.059455015935193,77.0
274.0,26.347150628109127,29.055647128127397,77.0
275.0,26.347150628109127,29.051854618223537,77.0
276.0,26.347150628109127,29.048077390161467,77.0
277.0,26.347150628109127,29.044315348596086,77.0
278.0,26.347150628109127,29.040568398895367,77.00000000000001
279.0,26.347150628109127,29.036836447136153,77.0
280.0,26.347150628109127,29.0331194001,76.99999999999999
281.0,26.347150628109127,29.02941716526894,77.0
282.0,26.347150628109127,29.025729650821205,77.0
283.0,26.347150628109127,29.02205676562685,77.0
284.0,26.347150628109127,29.018398419243425,77.00000000000001
285.0,26.347150628109127,29.014754521911517,77.0
286.0,26.347150628109127,29.011124984550303,77.0
287.0,26.347150628109127,29.007509718753095,77.0
288.0,26.347150628109127,29.003908636782803,77.0
289.0,26.347150628109127,29.0003216515674,77.0
290.0,26.347150628109127,28.996748676695386,77.0
291.0,26.347150628109127,28.993189626411173,77.0
292.0,26.347150628109127,28.98964441561052,77.0
293.0,26.347150628109127,28.986112959835918,77.0
294.0,26.347150628109127,28.982595175272003,76.99999999999999
295.0,26.347150628109127,28.97909097874085,77.0
296.0,26.347150628109127,28.975600287697432,77.0
297.0,26.347150628109127,28.972123020224927,77.0
298.0,26.347150628109127,28.96865909503009,77.00000000000001
299.0,26.347150628109127,28.96520843143864,77.0
300.0,26.347150628109127,28.96177094939058,77.00000000000001
301.0,26.347150628109127,28.958346569435584,77.0
302.0,26.347150628109127,28.954935212728373,77.0
303.0,26.347150628109127,28.951536801024087,76.99999999999999
304.0,26.347150628109127,28.94815125667368,77.0
305.0,26.347150628109127,28.944778502619283,77.00000000000001
306.0,26.347150628109127,28.94141846238964,77.0
307.0,26.347150628109127,28.93807106009553,77.0
308.0,26.347150628109127,28.934736220425158,76.99999999999999
309.0,26.347150628109127,28.93141386863966,77.0
310.0,26.347150628109127,28.928103930568493,77.0
311.0,26.347150628109127,28.924806332604998,77.0
312.0,26.347150628109127,28.92152100170181,77.0
313.0,26.347150628109127,28.918247865366414,77.0
314.0,26.347150628109127,28.914986851656693,77.0
315.0,26.347150628109127,28.911737889176436,77.0
316.0,26.347150628109127,28.90850090707097,77.00000000000001
317.0,26.347150628109127,28.905275835022678,77.0
318.0,26.347150628109127,28.9020626032467,77.0
319.0,26.347150628109127,28.898861142486503,77.0
320.0,26.347150628109127,28.895671384009596,77.0
321.0,26.347150628109127,28.892493259603167,76.99999999999999
322.0,26.347150628109127,28.889326701569864,76.99999999999999
323.0,26.347150628109127,28.88617164272346,77.00000000000001
324.0,26.347150628109127,28.883028016384664,77.00000000000001
325.0,26.347150628109127,28.879895756376857,77.0
326.0,26.347150628109127,28.876774797021994,77.0
327.0,26.347150628109127,28.87366507313635,77.0
328.0,26.347150628109127,28.870566520026443,77.0
329.0,26.347150628109127,28.867479073484912,77.0
330.0,26.347150628109127,28.864402669786433,77.0
331.0,26.347150628109127,28.861337245683693,77.00000000000001
332.0,26.347150628109127,28.85828273840333,77.00000000000001
333.0,26.347150628109127,28.855239085641983,77.00000000000001
334.0,26.347150628109127,28.85220622556227,77.0
335.0,26.347150628109127,28.849184096788917,77.0
336.0,26.347150628109127,28.84617263840476,77.00000000000001
337.0,26.347150628109127,28.843171789946986,77.0
338.0,26.347150628109127,28.840181491403165,77.00000000000001
339.0,26.347150628109127,28.83720168320748,77.0
340.0,26.347150628109127,28.83423230623693,77.0
341.0,26.347150628109127,28.831273301807563,77.0
342.0,26.347150628109127,28.82832461167074,77.00000000000001
343.0,26.347150628109127,28.82538617800942,77.0
344.0,26.347150628109127,28.822457943434483,77.0
345.0,26.347150628109127,28.81953985098111,77.0
346.0,26.347150628109127,28.816631844105096,77.0
347.0,26.347150628109127,28.813733866679325,76.99999999999999
348.0,26.347150628109127,28.810845862990185,76.99999999999999
349.0,26.347150628109127,28.807967777734035,77.0
350.0,26.347150628109127,28.805099556013676,77.0
351.0,26.347150628109127,28.802241143334918,76.99999999999999
352.0,26.347150628109127,28.79939248560313,77.0
353.0,26.347150628109127,28.796553529119752,77.0
354.0,26.347150628109127,28.793724220579016,77.00000000000001
355.0,26.347150628109127,28.79090450706449,77.0
356.0,26.347150628109127,28.788094336045788,77.00000000000001
357.0,26.347150628109127,28.785293655375295,77.0
358.0,26.347150628109127,28.78250241328481,76.99999999999999
359.0,26.347150628109127,28.779720558382383,76.99999999999999
360.0,26.347150628109127,28.776948039649028,77.0
361.0,26.347150628109127,28.774184806435585,77.00000000000001
362.0,26.347150628109127,28.771430808459513,77.0
363.0,26.347150628109127,28.768685995801786,77.0
364.0,26.347150628109127,28.76595031890374,77.0
365.0,26.347150628109127,28.76322372856406,77.0
366.0,26.347150628109127,28.760506175935642,76.99999999999999
367.0,26.347150628109127,28.757797612522637,77.0
368.0,26.347150628109127,28.755097990177415,77.0
369.0,26.347150628109127,28.75240726109758,76.99999999999999
370.0,26.347150628109127,28.74972537782305,77.0
371.0,26.347150628109127,28.74705229323311,76.99999999999999
372.0,26.347150628109127,28.744387960543538,77.0
373.0,26.347150628109127,28.74173233330372,77.0
374.0,26.347150628109127,28.739085365393805,77.0
375.0,26.347150628109127,28.7364470110219,77.0
376.0,26.347150628109127,28.733817224721264,77.0
377.0,26.347150628109127,28.731195961347556,77.0
378.0,26.347150628109127,28.728583176076068,77.0
379.0,26.347150628109127,28.72597882439902,77.0
380.0,26.347150628109127,28.72338286212289,77.0
381.0,26.347150628109127,28.72079524536568,77.0
382.0,26.347150628109127,28.71821593055437,77.00000000000001
383.0,26.347150628109127,28.71564487442219,77.0
384.0,26.347150628109127,28.713082034006113,77.0
385.0,26.347150628109127,28.710527366644243,77.0
386.0,26.347150628109127,28.70798082997326,77.0
387.0,26.347150628109127,28.7054423819259,77.0
388.0,26.347150628109127,28.70291198072846,76.99999999999999
389.0,26.347150628109127,28.70038958489834,77.0
390.0,26.347150628109127,28.697875153241533,77.0
391.0,26.347150628109127,28.695368644850237,76.99999999999999
392.0,26.347150628109127,28.69287001910044,76.99999999999999
393.0,26.347150628109127,28.690379235649498,76.99999999999999
394.0,26.347150628109127,28.687896254433802,76.99999999999999
395.0,26.347150628109127,28.685421035666423,77.00000000000001
396.0,26.347150628109127,28.682953539834795,77.00000000000001
397.0,26.347150628109127,28.680493727698387,77.0
398.0,26.347150628109127,28.678041560286466,77.0
399.0,26.347150628109127,28.675596998895806,76.99999999999999
400.0,26.347150628109127,28.673160005088448,77.0
401.0,26.347150628109127,28.670730540689522,77.0
402.0,26.347150628109127,28.668308567784994,77.0
403.0,26.347150628109127,28.66589404871953,77.0
404.0,26.347150628109127,28.66348694609433,77.0
405.0,26.347150628109127,28.661087222765,77.0
406.0,26.347150628109127,28.6586948418394,77.0
407.0,26.347150628109127,28.656309766675612,77.0
408.0,26.347150628109127,28.65393196087978,77.00000000000001
409.0,26.347150628109127,28.651561388304152,77.0
410.0,26.347150628109127,28.649198013044934,77.0
411.0,26.347150628109127,28.646841799440374,77.0
412.0,26.347150628109127,28.644492712068693,77.00000000000001
413.0,26.347150628109127,28.642150715746105,77.0
414.0,26.347150628109127,28.6398157755249,77.0
415.0,26.347150628109127,28.63748785669146,77.0
416.0,26.347150628109127,28.63516692476434,77.0
417.0,26.347150628109127,28.63285294549238,77.0
418.0,26.347150628109127,28.63054588485277,77.0
419.0,26.347150628109127,28.628245709049214,77.00000000000001
420.0,26.347150628109127,28.62595238451007,77.0
421.0,26.347150628109127,28.6236658778865,77.0
422.0,26.347150628109127,28.62138615605064,77.0
423.0,26.347150628109127,28.61911318609383,77.00000000000001
424.0,26.347150628109127,28.61684693532478,77.0
425.0,26.347150628109127,28.614587371267845,77.0
426.0,26.347150628109127,28.61233446166123,77.0
427.0,26.347150628109127,28.610088174455267,77.0
428.0,26.347150628109127,28.607848477810716,76.99999999999999
429.0,26.347150628109127,28.605615340097028,77.0
430.0,26.347150628109127,28.603388729890646,76.99999999999999
431.0,26.347150628109127,28.601168615973357,76.99999999999999
432.0,26.347150628109127,28.598954967330645,77.0
433.0,26.347150628109127,28.59674775315001,77.0
434.0,26.347150628109127,28.594546942819328,77.0
435.0,26.347150628109127,28.592352505925323,77.0
436.0,26.347150628109127,28.590164412251852,77.0
437.0,26.347150628109127,28.58798263177842,77.0
438.0,26.347150628109127,28.585807134678554,77.0
439.0,26.347150628109127,28.58363789131825,76.99999999999999
440.0,26.347150628109127,28.58147487225448,77.0
441.0,26.347150628109127,28.579318048233592,77.0
442.0,26.347150628109127,28.577167390189874,76.99999999999999
443.0,26.347150628109127,28.575022869244002,77.0
444.0,26.347150628109127,28.572884456701587,77.0
445.0,26.347150628109127,28.570752124051673,77.0
446.0,26.347150628109127,28.568625842965314,76.99999999999999
447.0,26.347150628109127,28.566505585294117,77.0
448.0,26.347150628109127,28.564391323068783,76.99999999999999
449.0,26.347150628109127,28.562283028497763,77.0
450.0,26.347150628109127,28.56018067396576,76.99999999999999
451.0,26.347150628109127,28.55808423203241,77.0
452.0,26.347150628109127,28.55599367543088,77.0
453.0,26.347150628109127,28.55390897706648,77.0
454.0,26.347150628109127,28.551830110015356,77.0
455.0,26.347150628109127,28.549757047523098,77.00000000000001
456.0,26.347150628109127,28.547689763003454,77.0
457.0,26.347150628109127,28.545628230036982,77.0
458.0,26.347150628109127,28.54357242236977,77.0
459.0,26.347150628109127,28.541522313912118,77.0
460.0,26.347150628109127,28.53947787873728,77.0
461.0,26.347150628109127,28.537439091080195,77.00000000000001
462.0,26.347150628109127,28.535405925336182,77.0
463.0,26.347150628109127,28.533378356059774,77.0
464.0,26.347150628109127,28.531356357963414,77.0
465.0,26.347150628109127,28.529339905916267,77.00000000000001
466.0,26.347150628109127,28.527328974942986,76.99999999999999
467.0,26.347150628109127,28.525323540222537,77.0
468.0,26.347150628109127,28.523323577086973,76.99999999999999
469.0,26.347150628109127,28.52132906102029,77.0
470.0,26.347150628109127,28.51933996765723,77.0
471.0,26.347150628109127,28.517356272782138,77.0
472.0,26.347150628109127,28.51537795232781,76.99999999999999
473.0,26.347150628109127,28.513404982374322,77.0
474.0,26.347150628109127,28.511437339147996,77.0
475.0,26.347150628109127,28.509474999020153,77.0
476.0,26.347150628109127,28.507517938506112,77.0
477.0,26.347150628109127,28.505566134264022,77.0
478.0,26.347150628109127,28.50361956309383,77.0
479.0,26.347150628109127,28.50167820193617,77.00000000000001
480.0,26.347150628109127,28.499742027871275,77.0
481.0,26.347150628109127,28.49781101811798,77.0
482.0,26.347150628109127,28.495885150032592,76.99999999999999
483.0,26.347150628109127,28.493964401107938,76.99999999999999
484.0,26.347150628109127,28.49204874897227,77.00000000000001
485.0,26.347150628109127,28.490138171388242,77.00000000000001
486.0,26.347150628109127,28.488232646251948,77.0
487.0,26.347150628109127,28.48633215159187,77.0
488.0,26.347150628109127,28.484436665567898,77.0
489.0,26.347150628109127,28.482546166470378,77.0
490.0,26.347150628109127,28.480660632719044,76.99999999999999
491.0,26.347150628109127,28.478780042862162,77.0
492.0,26.347150628109127,28.476904375575486,77.0
493.0,26.347150628109127,28.47503360966136,77.0
494.0,26.347150628109127,28.47316772404772,77.00000000000001
495.0,26.347150628109127,28.471306697787224,77.0
496.0,26.347150628109127,28.46945051005627,77.00000000000001
497.0,26.347150628109127,28.4675991401541,77.0
498.0,26.347150628109127,28.46575256750189,77.0
499.0,26.347150628109127,28.46391077164186,77.0
500.0,26.347150628109127,28.462073732236338,77.0
501.0,26.347150628109127,28.46024142906692,77.00000000000001
502.0,26.347150628109127,28.458413842033572,77.0
503.0,26.347150628109127,28.456590951153743,77.0
504.0,26.347150628109127,28.454772736561523,77.0
505.0,26.347150628109127,28.452959178506784,77.0
506.0,26.347150628109127,28.45115025735433,77.0
507.0,26.347150628109127,28.449345953583013,77.0
508.0,26.347150628109127,28.44754624778501,77.0
509.0,26.347150628109127,28.44575112066486,76.99999999999999
510.0,26.347150628109127,28.443960553038732,77.0
511.0,26.347150628109127,28.442174525833593,76.99999999999999
512.0,26.347150628109127,28.44039302008639,77.0
513.0,26.347150628109127,28.438616016943264,77.0
514.0,26.347150628109127,28.43684349765875,77.0
515.0,26.347150628109127,28.435075443594986,77.0
516.0,26.347150628109127,28.433311836220962,77.0
517.0,26.347150628109127,28.431552657111716,77.0
518.0,26.347150628109127,28.429797887947597,77.0
519.0,26.347150628109127,28.428047510513476,77.0
520.0,26.347150628109127,28.42630150669803,77.0
521.0,26.347150628109127,28.424559858492955,77.0
522.0,26.347150628109127,28.42282254799227,77.0
523.0,26.347150628109127,28.421089557391536,77.0
524.0,26.347150628109127,28.4193608689872,77.0
525.0,26.347150628109127,28.417636465175804,77.00000000000001
526.0,26.347150628109127,28.415916328453285,77.0
527.0,26.347150628109127,28.414200441414312,77.0
528.0,26.347150628109127,28.41248878675152,77.00000000000001
529.0,26.347150628109127,28.410781347254886,77.0
530.0,26.347150628109127,28.409078105810956,77.0
531.0,26.347150628109127,28.40737904540223,77.00000000000001
532.0,26.347150628109127,28.405684149106442,77.0
533.0,26.347150628109127,28.40399340009592,77.0
534.0,26.347150628109127,28.40230678163686,77.0
535.0,26.347150628109127,28.400624277088752,77.0
536.0,26.347150628109127,28.39894586990365,76.99999999999999
537.0,26.347150628109127,28.39727154362555,77.0
538.0,26.347150628109127,28.395601281889746,77.00000000000001
539.0,26.347150628109127,28.393935068422177,76.99999999999999
540.0,26.347150628109127,28.392272887038814,77.0
541.0,26.347150628109127,28.390614721645015,77.00000000000001
542.0,26.347150628109127,28.3889605562349,77.00000000000001
543.0,26.347150628109127,28.387310374890735,77.00000000000001
544.0,26.347150628109127,28.38566416178232,77.0
545.0,26.347150628109127,28.38402190116641,76.99999999999999
546.0,26.347150628109127,28.382383577386037,77.0
547.0,26.347150628109127,28.380749174869983,77.0
548.0,26.347150628109127,28.379118678132148,76.99999999999999
549.0,26.347150628109127,28.377492071770995,77.0
550.0,26.347150628109127,28.37586934046893,77.0
551.0,26.347150628109127,28.37425046899175,77.0
552.0,26.347150628109127,28.372635442188027,77.00000000000001
553.0,26.347150628109127,28.371024244988604,77.0
554.0,26.347150628109127,28.369416862405984,77.0
555.0,26.347150628109127,28.367813279533767,77.00000000000001
556.0,26.347150628109127,28.366213481546133,77.00000000000001
557.0,26.347150628109127,28.364617453697257,77.0
558.0,26.347150628109127,28.36302518132077,77.0
559.0,26.347150628109127,28.361436649829205,77.0
560.0,26.347150628109127,28.359851844713507,76.99999999999999
561.0,26.347150628109127,28.35827075154245,77.0
562.0,26.347150628109127,28.356693355962115,77.00000000000001
563.0,26.347150628109127,28.35511964369539,77.0
564.0,26.347150628109127,28.35354960054143,77.00000000000001
565.0,26.347150628109127,28.35198321237516,77.0
566.0,26.347150628109127,28.35042046514672,77.0
567.0,26.347150628109127,28.348861344881016,77.00000000000001
568.0,26.347150628109127,28.34730583767718,77.0
569.0,26.347150628109127,28.34575392970807,76.99999999999999
570.0,26.347150628109127,28.344205607219788,76.99999999999999
571.0,26.347150628109127,28.34266085653117,77.0
572.0,26.347150628109127,28.34111966403334,76.99999999999999
573.0,26.347150628109127,28.339582016189176,77.0
574.0,26.347150628109127,28.338047899532864,77.0
575.0,26.347150628109127,28.336517300669385,76.99999999999999
576.0,26.347150628109127,28.33499020627412,77.0
577.0,26.347150628109127,28.33346660309225,77.00000000000001
578.0,26.347150628109127,28.331946477938466,76.99999999999999
579.0,26.347150628109127,28.330429817696334,77.0
580.0,26.347150628109127,28.328916609317968,77.0
581.0,26.347150628109127,28.327406839823492,77.0
582.0,26.347150628109127,28.32590049630064,77.0
583.0,26.347150628109127,28.324397565904302,77.00000000000001
584.0,26.347150628109127,28.32289803585606,77.0
585.0,26.347150628109127,28.321401893443756,76.99999999999999
586.0,26.347150628109127,28.31990912602107,77.00000000000001
587.0,26.347150628109127,28.318419721007093,76.99999999999999
588.0,26.347150628109127,28.31693366588585,77.0
589.0,26.347150628109127,28.315450948205914,77.0
590.0,26.347150628109127,28.313971555580032,77.0
591.0,26.347150628109127,28.312495475684578,76.99999999999999
592.0,26.347150628109127,28.311022696259254,76.99999999999999
593.0,26.347150628109127,28.309553205106642,77.0
594.0,26.347150628109127,28.308086990091745,77.00000000000001
595.0,26.347150628109127,28.30662403914165,77.0
596.0,26.347150628109127,28.305164340245106,77.00000000000001
597.0,26.347150628109127,28.30370788145213,77.0
598.0,26.347150628109127,28.302254650873543,77.00000000000001
599.0,26.347150628109127,28.300804636680688,77.0
600.0,26.347150628109127,28.299357827104963,76.99999999999999
601.0,26.347150628109127,28.297914210437433,77.0
602.0,26.347150628109127,28.296473775028506,77.0
603.0,26.347150628109127,28.295036509287467,77.0
604.0,26.347150628109127,28.293602401682186,77.00000000000001
605.0,26.347150628109127,28.292171440738674,77.0
606.0,26.347150628109127,28.290743615040753,77.0
607.0,26.347150628109127,28.289318913229653,77.0
608.0,26.347150628109127,28.287897324003676,77.0
609.0,26.347150628109127,28.286478836117816,77.0
610.0,26.347150628109127,28.2850634383834,77.0
611.0,26.347150628109127,28.283651119667724,77.0
612.0,26.347150628109127,28.28224186889371,77.0
613.0,26.347150628109127,28.280835675039537,77.0
614.0,26.347150628109127,28.27943252713832,77.0
615.0,26.347150628109127,28.27803241427771,77.0
616.0,26.347150628109127,28.276635325599603,77.00000000000001
617.0,26.347150628109127,28.275241250299775,77.0
618.0,26.347150628109127,28.273850177627526,77.0
619.0,26.347150628109127,28.27246209688539,77.00000000000001
620.0,26.347150628109127,28.271076997428736,77.0
621.0,26.347150628109127,28.269694868665475,77.0
622.0,26.347150628109127,28.26831570005576,76.99999999999999
623.0,26.347150628109127,28.266939481111574,77.0
624.0,26.347150628109127,28.26556620139649,76.99999999999999
625.0,26.347150628109127,28.264195850525294,77.0
626.0,26.347150628109127,28.262828418163707,77.0
627.0,26.347150628109127,28.261463894028015,77.0
628.0,26.347150628109127,28.26010226788482,77.0
629.0,26.347150628109127,28.258743529550657,76.99999999999999
630.0,26.347150628109127,28.25738766889175,77.0
631.0,26.347150628109127,28.25603467582364,77.0
632.0,26.347150628109127,28.25468454031095,77.0
633.0,26.347150628109127,28.253337252367025,77.0
634.0,26.347150628109127,28.25199280205364,77.00000000000001
635.0,26.347150628109127,28.25065117948072,76.99999999999999
636.0,26.347150628109127,28.24931237480604,77.0
637.0,26.347150628109127,28.247976378234917,77.00000000000001
638.0,26.347150628109127,28.246643180019923,77.0
639.0,26.347150628109127,28.24531277046062,77.0
640.0,26.347150628109127,28.243985139903213,77.00000000000001
641.0,26.347150628109127,28.242660278740335,77.00000000000001
642.0,26.347150628109127,28.2413381774107,77.0
643.0,26.347150628109127,28.24001882639887,77.0
644.0,26.347150628109127,28.238702216234948,77.0
645.0,26.347150628109127,28.237388337494327,77.0
646.0,26.347150628109127,28.23607718079735,77.0
647.0,26.347150628109127,28.234768736809134,76.99999999999999
648.0,26.347150628109127,28.23346299623921,77.0
649.0,26.347150628109127,28.232159949841332,77.0
650.0,26.347150628109127,28.230859588413104,77.0
651.0,26.347150628109127,28.229561902795854,76.99999999999999
652.0,26.347150628109127,28.228266883874227,77.0
653.0,26.347150628109127,28.22697452257604,77.0
654.0,26.347150628109127,28.22568480987196,76.99999999999999
655.0,26.347150628109127,28.224397736775245,77.0
656.0,26.347150628109127,28.223113294341523,77.0
657.0,26.347150628109127,28.221831473668495,77.0
658.0,26.347150628109127,28.220552265895737,77.0
659.0,26.347150628109127,28.219275662204392,77.00000000000001
660.0,26.347150628109127,28.218001653816952,77.00000000000001
661.0,26.347150628109127,28.216730231997026,77.0
662.0,26.347150628109127,28.215461388049043,77.0
663.0,26.347150628109127,28.214195113318077,77.00000000000001
664.0,26.347150628109127,28.212931399189547,77.0
665.0,26.347150628109127,28.211670237088992,77.00000000000001
666.0,26.347150628109127,28.210411618481867,77.00000000000001
667.0,26.347150628109127,28.209155534873254,77.0
668.0,26.347150628109127,28.207901977807694,77.0
669.0,26.347150628109127,28.206650938868858,77.00000000000001
670.0,26.347150628109127,28.20540240967942,77.0
671.0,26.347150628109127,28.20415638190075,77.00000000000001
672.0,26.347150628109127,28.20291284723272,77.0
673.0,26.347150628109127,28.201671797413496,77.0
674.0,26.347150628109127,28.20043322421924,76.99999999999999
675.0,26.347150628109127,28.199197119463992,77.00000000000001
676.0,26.347150628109127,28.19796347499936,77.0
677.0,26.347150628109127,28.196732282714322,77.0
678.0,26.347150628109127,28.19550353453505,76.99999999999999
679.0,26.347150628109127,28.19427722242465,76.99999999999999
680.0,26.347150628109127,28.193053338382935,77.0
681.0,26.347150628109127,28.19183187444627,77.0
682.0,26.347150628109127,28.190612822687303,76.99999999999999
683.0,26.347150628109127,28.189396175214767,77.00000000000001
684.0,26.347150628109127,28.188181924173286,77.0
685.0,26.347150628109127,28.186970061743175,76.99999999999999
686.0,26.347150628109127,28.18576058014018,77.0
687.0,26.347150628109127,28.184553471615356,76.99999999999999
688.0,26.347150628109127,28.18334872845478,77.0
689.0,26.347150628109127,28.182146342979404,77.0
690.0,26.347150628109127,28.180946307544836,77.00000000000001
691.0,26.347150628109127,28.179748614541133,77.0
692.0,26.347150628109127,28.17855325639261,77.0
693.0,26.347150628109127,28.17736022555767,76.99999999999999
694.0,26.347150628109127,28.17616951452855,77.0
695.0,26.347150628109127,28.174981115831173,77.0
696.0,26.347150628109127,28.173795022024954,77.0
697.0,26.347150628109127,28.172611225702582,77.0
698.0,26.347150628109127,28.17142971948985,77.0
699.0,26.347150628109127,28.17025049604547,77.0
700.0,26.347150628109127,28.16907354806085,77.0
701.0,26.347150628109127,28.16789886825999,77.00000000000001
702.0,26.347150628109127,28.166726449399185,77.00000000000001
703.0,26.347150628109127,28.165556284266927,77.0
704.0,26.347150628109127,28.164388365683703,77.0
705.0,26.347150628109127,28.16322268650178,77.00000000000001
706.0,26.347150628109127,28.16205923960508,77.0
707.0,26.347150628109127,28.16089801790896,77.0
708.0,26.347150628109127,28.159739014360042,77.0
709.0,26.347150628109127,28.15858222193604,76.99999999999999
710.0,26.347150628109127,28.157427633645607,77.0
711.0,26.347150628109127,28.156275242528135,77.0
712.0,26.347150628109127,28.155125041653577,77.00000000000001
713.0,26.347150628109127,28.153977024122305,77.0
714.0,26.347150628109127,28.15283118306491,77.00000000000001
715.0,26.347150628109127,28.151687511642052,77.0
716.0,26.347150628109127,28.150546003044276,77.0
717.0,26.347150628109127,28.14940665049188,77.0
718.0,26.347150628109127,28.148269447234714,77.00000000000001
719.0,26.347150628109127,28.14713438655201,76.99999999999999
720.0,26.347150628109127,28.146001461752256,77.0
721.0,26.347150628109127,28.144870666173,77.0
722.0,26.347150628109127,28.143741993180704,77.0
723.0,26.347150628109127,28.142615436170594,77.00000000000001
724.0,26.347150628109127,28.14149098856647,77.0
725.0,26.347150628109127,28.14036864382058,77.0
726.0,26.347150628109127,28.13924839541344,77.0
727.0,26.347150628109127,28.13813023685369,77.0
728.0,26.347150628109127,28.13701416167795,77.0
729.0,26.347150628109127,28.13590016345064,77.0
730.0,26.347150628109127,28.134788235763835,77.00000000000001
731.0,26.347150628109127,28.13367837223713,77.0
732.0,26.347150628109127,28.13257056651748,77.0
733.0,26.347150628109127,28.131464812279035,77.0
734.0,26.347150628109127,28.130361103223017,77.0
735.0,26.347150628109127,28.12925943307755,77.0
736.0,26.347150628109127,28.128159795597536,77.0
737.0,26.347150628109127,28.127062184564476,77.0
738.0,26.347150628109127,28.125966593786377,77.0
739.0,26.347150628109127,28.124873017097542,77.00000000000001
740.0,26.347150628109127,28.12378144835848,77.0
741.0,26.347150628109127,28.122691881455722,76.99999999999999
742.0,26.347150628109127,28.121604310301745,77.0
743.0,26.347150628109127,28.120518728834774,77.0
744.0,26.347150628109127,28.119435131018644,77.00000000000001
745.0,26.347150628109127,28.118353510842677,77.0
746.0,26.347150628109127,28.117273862321564,77.0
747.0,26.347150628109127,28.116196179495184,77.00000000000001
748.0,26.347150628109127,28.115120456428524,77.00000000000001
749.0,26.347150628109127,28.114046687211488,77.0
750.0,26.347150628109127,28.11297486595879,77.0
751.0,26.347150628109127,28.11190498680984,77.0
752.0,26.347150628109127,28.11083704392857,77.0
753.0,26.347150628109127,28.109771031503335,77.0
754.0,26.347150628109127,28.10870694374676,77.0
755.0,26.347150628109127,28.10764477489564,77.00000000000001
756.0,26.347150628109127,28.1065845192108,77.0
757.0,26.347150628109127,28.105526170976894,77.0
758.0,26.347150628109127,28.10446972450245,76.99999999999999
759.0,26.347150628109127,28.103415174119554,77.0
760.0,26.347150628109127,28.10236251418386,77.0
761.0,26.347150628109127,28.10131173907436,76.99999999999999
762.0,26.347150628109127,28.100262843193377,77.0
763.0,26.347150628109127,28.099215820966332,77.00000000000001
764.0,26.347150628109127,28.09817066684169,77.0
765.0,26.347150628109127,28.097127375290817,77.00000000000001
766.0,26.347150628109127,28.096085940807864,77.0
767.0,26.347150628109127,28.09504635790962,77.0
768.0,26.347150628109127,28.094008621135448,76.99999999999999
769.0,26.347150628109127,28.092972725047105,77.0
770.0,26.347150628109127,28.09193866422867,77.0
771.0,26.347150628109127,28.09090643328641,77.00000000000001
772.0,26.347150628109127,28.089876026848664,77.0
773.0,26.347150628109127,28.088847439565722,77.0
774.0,26.347150628109127,28.087820666109724,77.0
775.0,26.347150628109127,28.086795701174537,77.0
776.0,26.347150628109127,28.08577253947565,77.0
777.0,26.347150628109127,28.08475117575002,77.00000000000001
778.0,26.347150628109127,28.083731604756064,77.0
779.0,26.347150628109127,28.082713821273423,77.00000000000001
780.0,26.347150628109127,28.081697820102896,77.00000000000001
781.0,26.347150628109127,28.080683596066404,77.0
782.0,26.347150628109127,28.079671144006777,77.0
783.0,26.347150628109127,28.07866045878768,77.0
784.0,26.347150628109127,28.077651535293548,77.0
785.0,26.347150628109127,28.076644368429402,76.99999999999999
786.0,26.347150628109127,28.075638953120823,77.0
787.0,26.347150628109127,28.074635284313786,77.0
788.0,26.347150628109127,28.073633356974586,76.99999999999999
789.0,26.347150628109127,28.07263316608971,77.0
790.0,26.347150628109127,28.07163470666577,77.0
791.0,26.347150628109127,28.07063797372937,77.0
792.0,26.347150628109127,28.06964296232701,76.99999999999999
793.0,26.347150628109127,28.068649667524983,77.0
794.0,26.347150628109127,28.067658084409278,77.00000000000001
795.0,26.347150628109127,28.06666820808548,76.99999999999999
796.0,26.347150628109127,28.06568003367867,77.00000000000001
797.0,26.347150628109127,28.064693556333328,77.0
798.0,26.347150628109127,28.063708771213214,76.99999999999999
799.0,26.347150628109127,28.062725673501312,77.00000000000001
800.0,26.347150628109127,28.06174425839968,77.0
801.0,26.347150628109127,28.060764521129403,77.0
802.0,26.347150628109127,28.05978645693046,77.0
803.0,26.347150628109127,28.058810061061642,77.0
804.0,26.347150628109127,28.05783532880048,77.0
805.0,26.347150628109127,28.0568622554431,77.0
806.0,26.347150628109127,28.055890836304165,77.0
807.0,26.347150628109127,28.05492106671678,77.0
808.0,26.347150628109127,28.053952942032396,76.99999999999999
809.0,26.347150628109127,28.052986457620694,77.0
810.0,26.347150628109127,28.05202160886954,77.0
811.0,26.347150628109127,28.051058391184853,76.99999999999999
812.0,26.347150628109127,28.05009679999054,76.99999999999999
813.0,26.347150628109127,28.04913683072838,77.0
814.0,26.347150628109127,28.04817847885796,77.0
815.0,26.347150628109127,28.04722173985659,77.0
816.0,26.347150628109127,28.046266609219167,77.0
817.0,26.347150628109127,28.045313082458165,77.0
818.0,26.347150628109127,28.044361155103463,77.0
819.0,26.347150628109127,28.04341082270232,77.00000000000001
820.0,26.347150628109127,28.04246208081927,77.00000000000001
821.0,26.347150628109127,28.04151492503603,77.00000000000001
822.0,26.347150628109127,28.040569350951422,77.0
823.0,26.347150628109127,28.039625354181272,77.0
824.0,26.347150628109127,28.038682930358355,77.0
825.0,26.347150628109127,28.037742075132304,77.0
826.0,26.347150628109127,28.036802784169492,77.00000000000001
827.0,26.347150628109127,28.035865053152992,77.0
828.0,26.347150628109127,28.034928877782484,76.99999999999999
829.0,26.347150628109127,28.03399425377416,77.0
830.0,26.347150628109127,28.033061176860645,77.00000000000001
831.0,26.347150628109127,28.032129642790938,77.0
832.0,26.347150628109127,28.03119964733031,76.99999999999999
833.0,26.347150628109127,28.030271186260222,77.0
834.0,26.347150628109127,28.029344255378266,77.0
835.0,26.347150628109127,28.028418850498063,77.00000000000001
836.0,26.347150628109127,28.02749496744921,77.0
837.0,26.347150628109127,28.026572602077188,77.0
838.0,26.347150628109127,28.02565175024326,76.99999999999999
839.0,26.347150628109127,28.024732407824445,77.00000000000001
840.0,26.347150628109127,28.023814570713427,77.0
841.0,26.347150628109127,28.02289823481842,77.00000000000001
842.0,26.347150628109127,28.021983396063185,77.0
843.0,26.347150628109127,28.02107005038688,77.0
844.0,26.347150628109127,28.020158193744045,76.99999999999999
845.0,26.347150628109127,28.01924782210447,77.0
846.0,26.347150628109127,28.018338931453155,77.00000000000001
847.0,26.347150628109127,28.01743151779026,77.00000000000001
848.0,26.347150628109127,28.01652557713096,77.0
849.0,26.347150628109127,28.015621105505424,76.99999999999999
850.0,26.347150628109127,28.01471809895877,77.0
851.0,26.347150628109127,28.013816553550917,77.0
852.0,26.347150628109127,28.012916465356575,77.0
853.0,26.347150628109127,28.01201783046514,77.0
854.0,26.347150628109127,28.011120644980643,77.0
855.0,26.347150628109127,28.010224905021694,77.0
856.0,26.347150628109127,28.009330606721353,77.0
857.0,26.347150628109127,28.008437746227116,76.99999999999999
858.0,26.347150628109127,28.00754631970086,77.0
859.0,26.347150628109127,28.00665632331871,77.0
860.0,26.347150628109127,28.005767753271016,77.0
861.0,26.347150628109127,28.00488060576227,77.0
862.0,26.347150628109127,28.003994877011053,77.0
863.0,26.347150628109127,28.003110563249955,77.0
864.0,26.347150628109127,28.002227660725502,77.0
865.0,26.347150628109127,28.00134616569814,77.00000000000001
866.0,26.347150628109127,28.000466074442073,76.99999999999999
867.0,26.347150628109127,27.999587383245306,76.99999999999999
868.0,26.347150628109127,27.998710088409506,77.0
869.0,26.347150628109127,27.997834186249953,77.0
870.0,26.347150628109127,27.996959673095482,77.0
871.0,26.347150628109127,27.996086545288442,77.0
872.0,26.347150628109127,27.995214799184613,77.0
873.0,26.347150628109127,27.994344431153092,77.0
874.0,26.347150628109127,27.993475437576343,77.0
875.0,26.347150628109127,27.99260781485002,76.99999999999999
876.0,26.347150628109127,27.991741559382994,77.0
877.0,26.347150628109127,27.990876667597224,76.99999999999999
878.0,26.347150628109127,27.99001313592774,77.0
879.0,26.347150628109127,27.989150960822563,77.0
880.0,26.347150628109127,27.988290138742645,76.99999999999999
881.0,26.347150628109127,27.98743066616181,77.00000000000001
882.0,26.347150628109127,27.9865725395667,76.99999999999999
883.0,26.347150628109127,27.985715755456738,77.0
884.0,26.347150628109127,27.984860310343983,76.99999999999999
885.0,26.347150628109127,27.984006200753168,77.0
886.0,26.347150628109127,27.98315342322161,77.0
887.0,26.347150628109127,27.982301974299126,77.00000000000001
888.0,26.347150628109127,27.981451850548,77.0
889.0,26.347150628109127,27.980603048542925,77.0
890.0,26.347150628109127,27.979755564870924,77.0
891.0,26.347150628109127,27.978909396131343,77.0
892.0,26.347150628109127,27.978064538935723,77.0
893.0,26.347150628109127,27.97722098990779,77.00000000000001
894.0,26.347150628109127,27.976378745683427,77.0
895.0,26.347150628109127,27.975537802910537,76.99999999999999
896.0,26.347150628109127,27.974698158249037,77.0
897.0,26.347150628109127,27.973859808370822,76.99999999999999
898.0,26.347150628109127,27.973022749959675,77.0
899.0,26.347150628109127,27.97218697971122,77.0
900.0,26.347150628109127,27.971352494332876,77.0
901.0,26.347150628109127,27.9705192905438,77.0
902.0,26.347150628109127,27.969687365074826,77.0
903.0,26.347150628109127,27.96885671466842,77.0
904.0,26.347150628109127,27.968027336078627,77.0
905.0,26.347150628109127,27.967199226071028,77.0
906.0,26.347150628109127,27.966372381422666,77.0
907.0,26.347150628109127,27.96554679892199,77.0
908.0,26.347150628109127,27.96472247536884,76.99999999999999
909.0,26.347150628109127,27.963899407574367,77.0
910.0,26.347150628109127,27.963077592360964,77.0
911.0,26.347150628109127,27.96225702656228,77.0
912.0,26.347150628109127,27.9614377070231,77.0
913.0,26.347150628109127,27.960619630599332,77.0
914.0,26.347150628109127,27.959802794157945,77.0
915.0,26.347150628109127,27.958987194576906,77.0
916.0,26.347150628109127,27.958172828745187,77.0
917.0,26.347150628109127,27.95735969356262,77.0
918.0,26.347150628109127,27.956547785939954,77.0
919.0,26.347150628109127,27.955737102798718,77.0
920.0,26.347150628109127,27.954927641071237,77.0
921.0,26.347150628109127,27.954119397700538,77.00000000000001
922.0,26.347150628109127,27.953312369640308,77.0
923.0,26.347150628109127,27.952506553854892,77.0
924.0,26.347150628109127,27.951701947319197,76.99999999999999
925.0,26.347150628109127,27.950898547018646,77.0
926.0,26.347150628109127,27.95009634994917,77.0
927.0,26.347150628109127,27.949295353117122,77.00000000000001
928.0,26.347150628109127,27.94849555353924,77.0
929.0,26.347150628109127,27.947696948242605,77.0
930.0,26.347150628109127,27.946899534264617,77.0
931.0,26.347150628109127,27.946103308652916,77.0
932.0,26.347150628109127,27.94530826846533,76.99999999999999
933.0,26.347150628109127,27.944514410769877,77.00000000000001
934.0,26.347150628109127,27.943721732644672,77.0
935.0,26.347150628109127,27.94293023117791,77.0
936.0,26.347150628109127,27.94213990346782,77.0
937.0,26.347150628109127,27.941350746622597,76.99999999999999
938.0,26.347150628109127,27.940562757760386,76.99999999999999
939.0,26.347150628109127,27.939775934009237,77.0
940.0,26.347150628109127,27.93899027250702,76.99999999999999
941.0,26.347150628109127,27.93820577040146,77.0
942.0,26.347150628109127,27.937422424849995,77.00000000000001
943.0,26.347150628109127,27.93664023301982,77.0
944.0,26.347150628109127,27.935859192087822,77.0
945.0,26.347150628109127,27.93507929924049,77.0
946.0,26.347150628109127,27.934300551673914,76.99999999999999
947.0,26.347150628109127,27.93352294659378,77.0
948.0,26.347150628109127,27.932746481215226,77.0
949.0,26.347150628109127,27.931971152762884,77.0
950.0,26.347150628109127,27.931196958470856,77.00000000000001
951.0,26.347150628109127,27.930423895582567,77.0
952.0,26.347150628109127,27.929651961350835,77.0
953.0,26.347150628109127,27.928881153037764,77.0
954.0,26.347150628109127,27.928111467914725,77.0
955.0,26.347150628109127,27.92734290326232,77.0
956.0,26.347150628109127,27.92657545637035,77.0
957.0,26.347150628109127,27.92580912453773,77.0
958.0,26.347150628109127,27.925043905072517,77.0
959.0,26.347150628109127,27.924279795291817,77.00000000000001
960.0,26.347150628109127,27.923516792521763,77.0
961.0,26.347150628109127,27.922754894097487,77.00000000000001
962.0,26.347150628109127,27.921994097363076,76.99999999999999
963.0,26.347150628109127,27.921234399671505,77.0
964.0,26.347150628109127,27.920475798384643,77.0
965.0,26.347150628109127,27.919718290873202,77.0
966.0,26.347150628109127,27.918961874516675,77.0
967.0,26.347150628109127,27.918206546703324,77.0
968.0,26.347150628109127,27.917452304830118,77.00000000000001
969.0,26.347150628109127,27.916699146302754,77.00000000000001
970.0,26.347150628109127,27.915947068535523,77.00000000000001
971.0,26.347150628109127,27.915196068951367,77.00000000000001
972.0,26.347150628109127,27.914446144981774,77.0
973.0,26.347150628109127,27.913697294066814,77.0
974.0,26.347150628109127,27.912949513655,77.00000000000001
975.0,26.347150628109127,27.912202801203364,77.0
976.0,26.347150628109127,27.911457154177334,77.0
977.0,26.347150628109127,27.910712570050737,76.99999999999999
978.0,26.347150628109127,27.909969046305775,77.0
979.0,26.347150628109127,27.90922658043296,77.0
980.0,26.347150628109127,27.908485169931076,77.0
981.0,26.347150628109127,27.907744812307214,76.99999999999999
982.0,26.347150628109127,27.907005505076608,77.0
983.0,26.347150628109127,27.90626724576274,77.0
984.0,26.347150628109127,27.9055300318972,77.0
985.0,26.347150628109127,27.904793861019705,77.0
986.0,26.347150628109127,27.90405873067806,77.0
987.0,26.347150628109127,27.903324638428103,77.0
988.0,26.347150628109127,27.902591581833683,77.0
989.0,26.347150628109127,27.901859558466647,77.0
990.0,26.347150628109127,27.90112856590677,77.0
991.0,26.347150628109127,27.900398601741735,76.99999999999999
992.0,26.347150628109127,27.899669663567117,77.0
993.0,26.347150628109127,27.898941748986335,77.0
994.0,26.347150628109127,27.898214855610615,77.0
995.0,26.347150628109127,27.89748898105895,77.0
996.0,26.347150628109127,27.896764122958114,77.0
997.0,26.347150628109127,27.896040278942564,77.0
998.0,26.347150628109127,27.895317446654467,77.00000000000001
999.0,26.347150628109127,27.894595623743623,77.0
1000.0,26.347150628109127,27.893874807867462,77.0
1001.0,26.347150628109127,27.89315499669098,77.00000000000001
1002.0,26.347150628109127,27.892436187886755,77.00000000000001
1003.0,26.347150628109127,27.891718379134886,77.00000000000001
1004.0,26.347150628109127,27.89100156812296,77.0
1005.0,26.347150628109127,27.89028575254602,76.99999999999999
1006.0,26.347150628109127,27.88957093010655,77.0
1007.0,26.347150628109127,27.888857098514443,77.0
1008.0,26.347150628109127,27.888144255486942,76.99999999999999
1009.0,26.347150628109127,27.88743239874865,76.99999999999999
1010.0,26.347150628109127,27.886721526031465,77.0
1011.0,26.347150628109127,27.886011635074567,77.0
1012.0,26.347150628109127,27.88530272362441,77.00000000000001
1013.0,26.347150628109127,27.88459478943463,77.0
1014.0,26.347150628109127,27.883887830266083,77.0
1015.0,26.347150628109127,27.883181843886764,77.0
1016.0,26.347150628109127,27.882476828071823,77.00000000000001
1017.0,26.347150628109127,27.88177278060349,77.0
1018.0,26.347150628109127,27.881069699271087,77.0
1019.0,26.347150628109127,27.880367581870967,77.0
1020.0,26.347150628109127,27.87966642620652,77.0
1021.0,26.347150628109127,27.87896623008809,77.00000000000001
1022.0,26.347150628109127,27.878266991333,77.0
1023.0,26.347150628109127,27.877568707765498,76.99999999999999
1024.0,26.347150628109127,27.87687137721675,77.0
1025.0,26.347150628109127,27.876174997524778,77.00000000000001
1026.0,26.347150628109127,27.875479566534445,77.0
1027.0,26.347150628109127,27.874785082097446,77.0
1028.0,26.347150628109127,27.87409154207228,76.99999999999999
1029.0,26.347150628109127,27.873398944324162,77.0
1030.0,26.347150628109127,27.872707286725102,77.0
1031.0,26.347150628109127,27.872016567153775,76.99999999999999
1032.0,26.347150628109127,27.871326783495554,77.0
1033.0,26.347150628109127,27.870637933642467,77.0
1034.0,26.347150628109127,27.869950015493167,77.0
1035.0,26.347150628109127,27.86926302695291,77.0
1036.0,26.347150628109127,27.868576965933517,76.99999999999999
1037.0,26.347150628109127,27.86789183035337,77.0
1038.0,26.347150628109127,27.86720761813738,76.99999999999999
1039.0,26.347150628109127,27.86652432721691,77.0
1040.0,26.347150628109127,27.865841955529852,77.0
1041.0,26.347150628109127,27.8651605010205,77.0
1042.0,26.347150628109127,27.864479961639596,77.00000000000001
1043.0,26.347150628109127,27.86380033534423,77.0
1044.0,26.347150628109127,27.8631216200979,77.0
1045.0,26.347150628109127,27.86244381387043,77.0
1046.0,26.347150628109127,27.86176691463795,76.99999999999999
1047.0,26.347150628109127,27.861090920382907,77.00000000000001
1048.0,26.347150628109127,27.860415829093988,77.0
1049.0,26.347150628109127,27.859741638766128,77.0
1050.0,26.347150628109127,27.859068347400477,77.0
1051.0,26.347150628109127,27.85839595300438,77.00000000000001
1052.0,26.347150628109127,27.857724453591345,77.00000000000001
1053.0,26.347150628109127,27.85705384718103,77.0
1054.0,26.347150628109127,27.8563841317992,76.99999999999999
1055.0,26.347150628109127,27.855715305477712,77.0
1056.0,26.347150628109127,27.855047366254514,77.0
1057.0,26.347150628109127,27.854380312173554,77.0
1058.0,26.347150628109127,27.85371414128486,77.00000000000001
1059.0,26.347150628109127,27.853048851644417,77.0
1060.0,26.347150628109127,27.85238444131419,77.00000000000001
1061.0,26.347150628109127,27.851720908362104,77.00000000000001
1062.0,26.347150628109127,27.851058250862007,77.0
1063.0,26.347150628109127,27.850396466893653,77.00000000000001
1064.0,26.347150628109127,27.84973555454267,77.0
1065.0,26.347150628109127,27.849075511900544,77.0
1066.0,26.347150628109127,27.848416337064613,77.0
1067.0,26.347150628109127,27.847758028137996,77.0
1068.0,26.347150628109127,27.847100583229633,77.00000000000001
1069.0,26.347150628109127,27.8464440004542,77.0
1070.0,26.347150628109127,27.845788277932137,77.00000000000001
1071.0,26.347150628109127,27.845133413789608,77.0
1072.0,26.347150628109127,27.844479406158456,77.0
1073.0,26.347150628109127,27.843826253176218,77.0
1074.0,26.347150628109127,27.843173952986085,76.99999999999999
1075.0,26.347150628109127,27.84252250373687,77.0
1076.0,26.347150628109127,27.841871903583,77.0
1077.0,26.347150628109127,27.8412221506845,77.0
1078.0,26.347150628109127,27.840573243206943,76.99999999999999
1079.0,26.347150628109127,27.839925179321483,77.00000000000001
1080.0,26.347150628109127,27.839277957204757,77.0
1081.0,26.347150628109127,27.838631575038924,77.0
1082.0,26.347150628109127,27.83798603101163,77.0
1083.0,26.347150628109127,27.837341323315975,77.0
1084.0,26.347150628109127,27.83669745015049,77.0
1085.0,26.347150628109127,27.836054409719146,77.0
1086.0,26.347150628109127,27.835412200231282,77.00000000000001
1087.0,26.347150628109127,27.83477081990163,77.0
1088.0,26.347150628109127,27.834130266950297,77.0
1089.0,26.347150628109127,27.83349053960268,77.0
1090.0,26.347150628109127,27.832851636089533,77.0
1091.0,26.347150628109127,27.83221355464687,77.0
1092.0,26.347150628109127,27.831576293516015,77.0
1093.0,26.347150628109127,27.83093985094351,77.0
1094.0,26.347150628109127,27.83030422518116,77.0
1095.0,26.347150628109127,27.829669414485966,77.00000000000001
1096.0,26.347150628109127,27.82903541712012,77.0
1097.0,26.347150628109127,27.82840223135101,77.0
1098.0,26.347150628109127,27.82776985545116,77.00000000000001
1099.0,26.347150628109127,27.827138287698215,77.0
1100.0,26.347150628109127,27.826507526374968,77.0
1101.0,26.347150628109127,27.825877569769297,77.0
1102.0,26.347150628109127,27.825248416174134,77.0
1103.0,26.347150628109127,27.824620063887487,77.0
1104.0,26.347150628109127,27.823992511212406,76.99999999999999
1105.0,26.347150628109127,27.82336575645695,77.0
1106.0,26.347150628109127,27.822739797934183,77.0
1107.0,26.347150628109127,27.822114633962126,76.99999999999999
1108.0,26.347150628109127,27.8214902628638,77.00000000000001
1109.0,26.347150628109127,27.820866682967154,77.0
1110.0,26.347150628109127,27.82024389260504,77.0
1111.0,26.347150628109127,27.81962189011524,77.0
1112.0,26.347150628109127,27.819000673840417,77.0
1113.0,26.347150628109127,27.818380242128097,76.99999999999999
1114.0,26.347150628109127,27.81776059333067,77.00000000000001
1115.0,26.347150628109127,27.81714172580534,77.0
1116.0,26.347150628109127,27.816523637914134,77.0
1117.0,26.347150628109127,27.815906328023875,77.0
1118.0,26.347150628109127,27.815289794506167,77.0
1119.0,26.347150628109127,27.81467403573736,77.0
1120.0,26.347150628109127,27.81405905009857,76.99999999999999
1121.0,26.347150628109127,27.813444835975606,77.0
1122.0,26.347150628109127,27.812831391759012,77.00000000000001
1123.0,26.347150628109127,27.812218715844004,76.99999999999999
1124.0,26.347150628109127,27.811606806630483,77.0
1125.0,26.347150628109127,27.81099566252298,77.0
1126.0,26.347150628109127,27.810385281930696,77.0
1127.0,26.347150628109127,27.809775663267423,77.0
1128.0,26.347150628109127,27.80916680495157,77.0
1129.0,26.347150628109127,27.808558705406124,77.0
1130.0,26.347150628109127,27.807951363058645,76.99999999999999
1131.0,26.347150628109127,27.807344776341232,76.99999999999999
1132.0,26.347150628109127,27.80673894369055,76.99999999999999
1133.0,26.347150628109127,27.806133863547746,76.99999999999999
1134.0,26.347150628109127,27.805529534358488,77.00000000000001
1135.0,26.347150628109127,27.8049259545729,77.0
1136.0,26.347150628109127,27.804323122645616,77.0
1137.0,26.347150628109127,27.803721037035693,77.0
1138.0,26.347150628109127,27.80311969620663,77.0
1139.0,26.347150628109127,27.802519098626327,77.0
1140.0,26.347150628109127,27.801919242767134,77.0
1141.0,26.347150628109127,27.801320127105726,77.0
1142.0,26.347150628109127,27.80072175012318,77.0
1143.0,26.347150628109127,27.80012411030494,77.0
1144.0,26.347150628109127,27.799527206140738,77.0
1145.0,26.347150628109127,27.798931036124667,77.0
1146.0,26.347150628109127,27.79833559875514,76.99999999999999
1147.0,26.347150628109127,27.79774089253481,77.0
1148.0,26.347150628109127,27.797146915970643,77.0
1149.0,26.347150628109127,27.796553667573857,76.99999999999999
1150.0,26.347150628109127,27.795961145859884,77.0
1151.0,26.347150628109127,27.79536934934842,77.0
1152.0,26.347150628109127,27.794778276563363,76.99999999999999
1153.0,26.347150628109127,27.794187926032794,77.0
1154.0,26.347150628109127,27.79359829628899,76.99999999999999
1155.0,26.347150628109127,27.79300938586839,77.0
1156.0,26.347150628109127,27.792421193311576,76.99999999999999
1157.0,26.347150628109127,27.791833717163268,77.0
1158.0,26.347150628109127,27.79124695597232,77.0
1159.0,26.347150628109127,27.79066090829168,77.0
1160.0,26.347150628109127,27.790075572678383,77.00000000000001
1161.0,26.347150628109127,27.789490947693555,77.00000000000001
1162.0,26.347150628109127,27.78890703190236,76.99999999999999
1163.0,26.347150628109127,27.788323823874045,77.0
1164.0,26.347150628109127,27.78774132218184,77.0
1165.0,26.347150628109127,27.78715952540304,77.00000000000001
1166.0,26.347150628109127,27.786578432118908,77.0
1167.0,26.347150628109127,27.785998040914716,77.0
1168.0,26.347150628109127,27.785418350379693,77.0
1169.0,26.347150628109127,27.784839359107053,77.00000000000001
1170.0,26.347150628109127,27.784261065693926,77.0
1171.0,26.347150628109127,27.7836834687414,77.0
1172.0,26.347150628109127,27.78310656685445,77.0
1173.0,26.347150628109127,27.78253035864198,77.0
1174.0,26.347150628109127,27.78195484271678,77.0
1175.0,26.347150628109127,27.781380017695493,77.0
1176.0,26.347150628109127,27.780805882198656,76.99999999999999
1177.0,26.347150628109127,27.78023243485063,77.0
1178.0,26.347150628109127,27.77965967427961,77.0
1179.0,26.347150628109127,27.779087599117634,77.00000000000001
1180.0,26.347150628109127,27.778516208000504,77.0
1181.0,26.347150628109127,27.777945499567863,77.0
1182.0,26.347150628109127,27.7773754724631,77.0
1183.0,26.347150628109127,27.776806125333373,77.00000000000001
1184.0,26.347150628109127,27.77623745682962,77.0
1185.0,26.347150628109127,27.775669465606473,77.0
1186.0,26.347150628109127,27.77510215032233,77.0
1187.0,26.347150628109127,27.77453550963927,77.00000000000001
1188.0,26.347150628109127,27.773969542223103,77.0
1189.0,26.347150628109127,27.77340424674329,77.00000000000001
1190.0,26.347150628109127,27.772839621873004,77.0
1191.0,26.347150628109127,27.77227566628904,77.0
1192.0,26.347150628109127,27.77171237867186,77.0
1193.0,26.347150628109127,27.771149757705565,77.0
1194.0,26.347150628109127,27.770587802077863,76.99999999999999
1195.0,26.347150628109127,27.77002651048008,76.99999999999999
1196.0,26.347150628109127,27.769465881607147,77.00000000000001
1197.0,26.347150628109127,27.768905914157546,77.00000000000001
1198.0,26.347150628109127,27.768346606833354,77.00000000000001
1199.0,26.347150628109127,27.767787958340204,77.0
1200.0,26.347150628109127,27.767229967387287,77.0
