"tick","donation-normed-small","donation-small","donation-valued-small"
1.0,25.0,33.962581595302716,95.0
2.0,25.0,33.890008890013334,95.0
3.0,25.0,33.81917103688197,95.0
4.0,25.0,33.75,95.0
5.0,25.0,33.68243142124459,95.0
6.0,25.0,33.61640436855329,95.0
7.0,25.0,33.551861104941366,95.0
8.0,25.0,33.48874687627166,95.0
9.0,25.0,33.42700971600384,95.0
10.0,25.0,33.36660026534075,95.0
11.0,25.0,33.30747160735697,95.0
12.0,25.0,33.249579113843055,95.0
13.0,25.0,33.19288030372914,95.0
14.0,25.0,33.13733471206735,95.0
15.0,25.0,33.08290376865476,95.0
16.0,25.0,33.029550685469665,95.0
17.0,25.0,32.97724035217466,95.0
18.0,25.0,32.925939239012166,95.0
19.0,25.0,32.87561530648217,95.0
20.0,25.0,32.82623792124926,95.0
21.0,25.0,32.777777777777786,95.0
22.0,25.0,32.73020682523926,95.0
23.0,25.0,32.68349819927832,95.0
24.0,25.0,32.637626158259735,95.0
25.0,25.0,32.592566023652964,95.0
26.0,25.0,32.54829412424069,95.0
27.0,25.0,32.50478774386456,95.0
28.0,25.0,32.462025072446366,95.0
29.0,25.0,32.41998516004452,95.0
30.0,25.0,32.378647873726216,95.0
31.0,25.0,32.337993857053426,95.0
32.0,25.0,32.29800449199762,95.0
33.0,25.0,32.25866186311298,95.0
34.0,25.0,32.219948723811555,95.0
35.0,25.0,32.18184846459608,95.0
36.0,25.0,32.14434508311761,95.0
37.0,25.0,32.10742315593534,95.0
38.0,25.0,32.071067811865476,95.0
39.0,25.0,32.03526470681449,95.0
40.0,25.0,32.0,95.0
41.0,25.0,31.96526033146992,95.0
42.0,25.0,31.931032800836725,95.0
43.0,25.0,31.89730494715005,95.0
44.0,25.0,31.864064729836446,95.0
45.0,25.0,31.831300510639736,95.0
46.0,25.0,31.799001036500847,95.0
47.0,25.0,31.767155423319643,95.0
48.0,25.0,31.735753140545636,95.0
49.0,23.587124118214504,23.911292900745348,45.0
50.0,23.587124118214504,23.908394095016085,45.0
51.0,23.587124118214504,23.906840736920383,45.0
52.0,23.587124118214504,23.905422199439894,45.0
53.0,23.587124118214504,23.89928968615515,45.0
54.0,23.587124118214504,23.958425011318134,45.0
55.0,23.587124118214504,24.135876399448748,45.0
56.0,23.587124118214504,24.63472474960164,45.0
57.0,23.587124118214504,25.631754003781076,45.0
58.0,23.587124118214504,28.62246847709315,45.0
59.0,23.587124118214504,28.716899482015535,45.0
60.0,23.587124118214504,28.798223483182124,45.0
61.0,23.587124118214504,28.869032944388632,45.0
62.0,23.587124118214504,28.931259141939172,45.0
63.0,23.587124118214504,28.986374155147573,45.0
64.0,23.587124118214504,29.035522224757862,45.0
65.0,23.587124118214504,29.079607927500142,45.0
66.0,23.587124118214504,29.119357000190664,45.0
67.0,23.587124118214504,29.15535930526096,45.0
68.0,23.587124118214504,29.188099820965267,45.0
69.0,23.587124118214504,29.217981410865132,45.0
70.0,23.587124118214504,29.245341831310352,45.0
71.0,23.587124118214504,29.270466624393375,45.0
72.0,23.587124118214504,29.293599023205147,45.0
73.0,23.587124118214504,29.314947654520363,45.0
74.0,23.587124118214504,29.33469259521738,45.0
75.0,23.587124118214504,29.352990182672826,45.0
76.0,23.587124118214504,29.369976871139322,45.0
77.0,23.587124118214504,29.385772349900247,45.0
78.0,23.587124118214504,29.40048208456798,45.0
79.0,23.587124118214504,29.414199403516836,45.0
80.0,23.587124118214504,29.427007222613334,45.0
81.0,23.587124118214504,29.4389794800627,45.0
82.0,23.587124118214504,29.450182337225158,45.0
83.0,23.587124118214504,29.46067518919618,45.0
84.0,23.587124118214504,29.470511519754254,45.0
85.0,23.587124118214504,29.479739628215327,45.0
86.0,23.587124118214504,29.48840325026018,45.0
87.0,23.587124118214504,29.496542090528223,45.0
88.0,23.587124118214504,29.50419228141358,45.0
89.0,23.587124118214504,29.511386779840866,45.0
90.0,23.587124118214504,29.51815571168233,45.0
91.0,23.587124118214504,29.52452667178191,45.0
92.0,23.587124118214504,29.530524986186304,45.0
93.0,23.587124118214504,29.536173942076175,45.0
94.0,23.587124118214504,29.54149498999014,45.0
95.0,23.587124118214504,29.546507922196877,45.0
96.0,23.587124118214504,29.551231030465146,45.0
97.0,23.587124118214504,29.555681245981205,45.0
98.0,23.587124118214504,29.559874263748497,45.0
99.0,23.587124118214504,29.563824653459207,45.0
100.0,23.587124118214504,29.56754595853903,45.0
101.0,25.45066864798558,29.571050784824124,45.0
102.0,25.45066864798558,29.57742196649685,45.0
103.0,25.45066864798558,29.583599378509,45.0
104.0,25.45066864798558,29.58959326013923,45.0
105.0,25.45066864798558,29.595413186789212,45.0
106.0,25.45066864798558,29.59931539271575,45.0
107.0,25.45066864798558,29.626621769821593,45.0
108.0,27.069359230024943,29.696528773104987,45.0
109.0,27.069359230024943,28.32019339263073,45.0
110.0,27.069359230024943,28.82312359887719,45.0
111.0,27.069359230024943,30.136529707236814,45.0
112.0,27.069359230024943,30.18478263507729,45.0
113.0,27.069359230024943,30.22542977700586,45.0
114.0,27.069359230024943,30.28497971928772,45.0
115.0,27.069359230024943,30.38351309139297,45.0
116.0,27.069359230024943,30.595300545387683,45.0
117.0,27.069359230024943,31.120974803766842,45.0
118.0,27.069359230024943,32.456747246208494,45.0
119.0,27.069359230024943,32.52256256636147,45.0
120.0,27.069359230024943,32.580859372184726,45.0
121.0,27.069359230024943,32.632988879354286,45.0
122.0,27.069359230024943,32.67997679573134,45.0
123.0,27.069359230024943,32.722619186437946,45.0
124.0,27.069359230024943,32.761545620273324,45.0
125.0,27.069359230024943,32.79726210578367,45.0
126.0,27.069359230024943,32.83018109139952,45.0
127.0,27.069359230024943,32.860642927959134,45.0
128.0,27.069359230024943,32.8889315440039,45.0
129.0,27.069359230024943,32.91528610508948,45.0
130.0,27.069359230024943,32.939909827763415,45.0
131.0,27.069359230024943,32.9629767399444,45.0
132.0,27.069359230024943,32.98463693431136,45.0
133.0,27.069359230024943,33.00502069912897,45.0
134.0,27.069359230024943,33.02424180143981,45.0
135.0,27.069359230024943,33.04240012225577,45.0
136.0,27.069359230024943,33.05958379073239,45.0
137.0,27.069359230024943,33.07587092692833,45.0
138.0,27.069359230024943,33.0913310758386,45.0
139.0,27.069359230024943,33.10602639576066,45.0
140.0,27.069359230024943,33.120012649564856,45.0
141.0,27.069359230024943,33.13334003662882,45.0
142.0,27.069359230024943,33.146053895044375,45.0
143.0,27.069359230024943,33.15819529750079,45.0
144.0,27.069359230024943,33.16980155948366,45.0
145.0,27.069359230024943,33.18090667473792,45.0
146.0,27.069359230024943,33.19154169006427,45.0
147.0,27.069359230024943,33.20173502925332,45.0
148.0,27.069359230024943,33.21151277416922,45.0
149.0,27.069359230024943,33.22089890956566,45.0
150.0,27.069359230024943,33.22991553707219,45.0
151.0,27.069359230024943,33.23858306286392,45.0
152.0,27.069359230024943,33.24692036277978,45.0
153.0,27.069359230024943,33.254944928042306,45.0
154.0,27.069359230024943,33.26267299423256,45.0
155.0,27.069359230024943,33.27011965576119,45.0
156.0,27.069359230024943,33.27729896773617,45.0
157.0,27.069359230024943,33.284224036844755,45.0
158.0,27.069359230024943,33.29090710263119,45.0
159.0,27.069359230024943,33.29735961035429,45.0
160.0,28.81098924651343,33.30359227644281,45.0
161.0,28.81098924651343,33.31315201841629,45.0
162.0,28.81098924651343,33.32251139508175,45.0
163.0,28.81098924651343,33.33167926756334,45.0
164.0,28.81098924651343,33.34066397183956,45.0
165.0,28.81098924651343,33.347454795857296,45.0
166.0,28.81098924651343,33.3812118707299,45.0
167.0,28.81098924651343,33.46404104197468,45.0
168.0,28.81098924651343,33.68054512694367,45.0
169.0,28.81098924651343,34.26068673244814,45.0
170.0,28.81098924651343,33.713880446097036,45.0
171.0,28.81098924651343,33.76945750355339,45.0
172.0,28.81098924651343,33.8182633081355,45.0
173.0,28.81098924651343,33.86160792179673,45.0
174.0,28.81098924651343,33.90046853359864,45.0
175.0,28.81098924651343,33.93559108221103,45.0
176.0,28.81098924651343,33.96755634778749,45.0
177.0,28.81098924651343,33.99682432032122,45.0
178.0,28.81098924651343,34.02376480909978,45.0
179.0,28.81098924651343,34.04867906795634,45.0
180.0,28.81098924651343,34.07181539579158,45.0
181.0,28.81098924651343,34.09338060107974,45.0
182.0,28.81098924651343,34.11354856721144,45.0
183.0,28.81098924651343,34.13246674744958,45.0
184.0,28.81098924651343,34.150261156370924,45.0
185.0,28.81098924651343,34.167040252780055,45.0
186.0,28.81098924651343,34.182897993974414,45.0
187.0,28.81098924651343,34.19791626273162,45.0
188.0,28.81098924651343,34.212166813943604,45.0
189.0,28.81098924651343,34.225712849481305,45.0
190.0,28.81098924651343,34.23861030249256,45.0
191.0,28.81098924651343,34.2509088925265,45.0
192.0,28.81098924651343,34.262652998373916,45.0
193.0,28.81098924651343,34.273882384774396,45.0
194.0,28.81098924651343,34.28463281110848,45.0
195.0,28.81098924651343,34.29493654412437,45.0
196.0,28.81098924651343,34.304822792124924,45.0
197.0,28.81098924651343,34.31431807448479,45.0
198.0,28.81098924651343,34.323446537613705,45.0
199.0,28.81098924651343,34.332230226331106,45.0
200.0,28.81098924651343,34.34068931792735,45.0
201.0,28.81098924651343,34.3488423248483,45.0
202.0,28.81098924651343,34.356706270875065,45.0
203.0,28.81098924651343,34.36429684481636,45.0
204.0,28.81098924651343,38.90223394202564,45.0
205.0,28.81098924651343,45.0,45.0
206.0,28.81098924651343,45.0,45.0
207.0,28.81098924651343,45.0,45.0
208.0,28.81098924651343,45.0,45.0
209.0,28.81098924651343,45.0,45.0
210.0,28.81098924651343,45.0,45.0
211.0,28.81098924651343,45.0,45.0
212.0,28.81098924651343,45.0,45.0
213.0,28.81098924651343,45.0,45.0
214.0,28.81098924651343,45.0,45.0
215.0,28.81098924651343,45.0,45.0
216.0,28.81098924651343,45.0,45.0
217.0,28.81098924651343,45.0,45.0
218.0,28.81098924651343,45.0,45.0
219.0,28.81098924651343,45.0,45.0
220.0,28.81098924651343,45.0,45.0
221.0,31.545588967353822,45.0,45.0
222.0,31.545588967353822,45.005,45.0
223.0,31.545588967353822,45.01,45.0
224.0,31.545588967353822,45.01500000000001,45.0
225.0,31.545588967353822,45.02,45.0
226.0,31.545588967353822,45.02214640089294,45.0
227.0,31.545588967353822,45.0626518036259,45.0
228.0,31.545588967353822,45.17275690382931,45.0
229.0,31.545588967353822,45.47205359693291,45.0
230.0,31.545588967353822,46.28562635911432,45.0
231.0,31.545588967353822,48.41886116991581,45.0
232.0,31.545588967353822,48.492443277111185,45.0
233.0,31.545588967353822,48.556624327025936,45.0
234.0,31.545588967353822,48.61324950943693,45.0
235.0,31.545588967353822,48.663693790437875,45.0
236.0,31.545588967353822,48.7090055512642,45.0
237.0,31.545588967353822,48.75,45.0
238.0,31.545588967353822,48.78732187481834,45.0
239.0,31.545588967353822,48.82148869802242,45.0
240.0,31.545588967353822,48.8529213306472,45.0
241.0,31.545588967353822,48.88196601125011,45.0
242.0,31.545588967353822,48.908910548820046,45.0
243.0,31.545588967353822,48.933996418221945,45.0
244.0,31.545588967353822,48.957427929714626,45.0
245.0,31.545588967353822,48.979379273840344,45.0
246.0,31.545588967353822,49.0,45.0
247.0,31.545588967353822,49.01941932430908,45.0
248.0,31.545588967353822,49.03774955135063,45.0
249.0,31.545588967353822,49.05508881747693,45.0
250.0,31.545588967353822,49.071523309114745,45.0
251.0,31.545588967353822,49.087129070824716,45.0
252.0,31.545588967353822,49.10197348986613,45.0
253.0,31.545588967353822,49.11611652351681,45.0
254.0,31.545588967353822,49.12961172022151,45.0
255.0,38.08188638559643,49.14250707428746,45.0
256.0,49.14009824174046,49.14889757350508,45.0
257.0,49.14009824174046,49.159858593142005,45.0
258.0,49.14009824174046,49.170337088190294,45.0
259.0,49.14009824174046,49.18036501730501,45.0
260.0,49.14009824174046,49.19336619170336,45.0
261.0,49.14009824174046,49.15743522055994,45.0
262.0,49.14009824174046,49.07737150166444,45.0
263.0,49.14009824174046,48.84271882917952,45.0
264.0,49.14009824174046,48.18846909795394,45.0
265.0,49.14009824174046,46.48734975067973,45.0
266.0,49.14009824174046,48.57913125874255,45.0
267.0,49.14009824174046,48.58580661449541,45.0
268.0,49.14009824174046,48.59164227779801,45.0
269.0,49.14009824174046,48.596893992668676,45.0
270.0,49.14009824174046,48.60172651200327,45.0
271.0,49.14009824174046,48.60624873531826,45.0
272.0,49.14009824174046,48.61053425487863,45.0
273.0,49.14009824174046,48.614633780242215,45.0
274.0,49.14009824174046,48.61858287055241,45.0
275.0,49.14009824174046,48.622406867403114,45.0
276.0,49.14009824174046,48.626124110294775,45.0
277.0,49.14009824174046,48.629748072434616,45.0
278.0,49.14009824174046,48.63328880304335,45.0
279.0,49.14009824174046,48.63675391563936,45.0
280.0,49.14009824174046,48.6401492739954,45.0
281.0,49.14009824174046,48.643479473708894,45.0
282.0,49.14009824174046,48.646748183712326,45.0
283.0,49.14009824174046,48.649958390630914,45.0
284.0,49.14009824174046,48.65311257501085,45.0
285.0,49.14009824174046,48.6562128393002,45.0
286.0,49.14009824174046,48.65926100136065,45.0
287.0,49.14009824174046,48.662258663158894,45.0
288.0,49.14009824174046,48.66520726145964,45.0
289.0,49.14009824174046,48.66810810538507,45.0
290.0,49.14009824174046,48.67096240433826,45.0
291.0,49.14009824174046,48.67377128882245,45.0
292.0,49.14009824174046,48.67653582600127,45.0
293.0,49.14009824174046,48.67925703135244,45.0
294.0,49.14009824174046,48.6819358774114,45.0
295.0,49.14009824174046,48.68457330034258,45.0
296.0,49.14009824174046,48.68717020488675,45.0
297.0,49.14009824174046,48.68972746809324,45.0
298.0,49.14009824174046,48.69224594214332,45.0
299.0,49.14009824174046,48.69472645649385,45.0
300.0,49.14009824174046,48.6971698195139,45.0
301.0,49.14009824174046,48.69957681974383,45.0
302.0,49.14009824174046,48.701948226874336,45.0
303.0,49.14009824174046,48.704284792519125,45.0
304.0,49.14009824174046,48.70658725083608,45.0
305.0,49.14009824174046,48.70885631903861,45.0
306.0,49.14009824174046,48.71109269782772,45.0
307.0,49.14009824174046,48.713297071768515,45.0
308.0,49.14009824174046,48.71547010962732,45.0
309.0,49.14009824174046,48.717612464682794,45.0
310.0,49.14009824174046,48.71972477501958,45.0
311.0,49.14009824174046,48.72180766381114,45.0
312.0,49.14009824174046,48.723861739596565,45.0
313.0,49.14009824174046,48.7258875965541,45.0
314.0,49.14009824174046,48.727885814773714,45.0
315.0,49.14009824174046,48.729856960529816,45.0
316.0,49.14009824174046,48.73180158655486,45.0
317.0,49.14009824174046,48.73372023231394,45.0
318.0,49.14009824174046,48.735613424280466,45.0
319.0,49.14009824174046,48.73748167621253,45.0
320.0,49.14009824174046,48.73932548942974,45.0
321.0,49.14009824174046,48.741145353089884,45.0
322.0,49.14009824174046,48.742941744464986,45.0
323.0,49.14009824174046,48.7447151292164,45.0
324.0,49.14009824174046,48.74646596166807,45.0
325.0,49.14009824174046,48.74819468507791,45.0
326.0,49.14009824174046,48.749901731906434,45.0
327.0,49.14009824174046,48.75158752408257,45.0
328.0,49.14009824174046,48.75325247326601,45.0
329.0,49.14009824174046,48.754896981106,45.0
330.0,49.14009824174046,48.75652143949599,45.0
331.0,49.14009824174046,48.75812623082419,45.0
332.0,49.14009824174046,48.75971172821954,45.0
333.0,49.14009824174046,48.761278295793154,45.0
334.0,49.14009824174046,48.76282628887489,45.0
335.0,49.14009824174046,48.76435605424503,45.0
336.0,49.14009824174046,48.76586793036098,45.0
337.0,49.14009824174046,48.767362247578866,45.0
338.0,49.14009824174046,48.768839328370085,45.0
339.0,49.14009824174046,48.770299487532576,45.0
340.0,49.14009824174046,48.77174303239718,45.0
341.0,49.14009824174046,48.7731702630287,45.0
342.0,49.14009824174046,48.77458147242191,45.0
343.0,49.14009824174046,48.77597694669256,45.0
344.0,49.14009824174046,48.77735696526335,45.0
345.0,49.14009824174046,48.77872180104501,45.0
346.0,49.14009824174046,48.780071720612376,45.0
347.0,49.14009824174046,48.7814069843759,45.0
348.0,49.14009824174046,48.78272784674822,45.0
349.0,49.14009824174046,48.78403455630631,45.0
350.0,49.14009824174046,48.78532735594896,45.0
351.0,49.14009824174046,48.78660648304987,45.0
352.0,49.14009824174046,48.7878721696065,45.0
353.0,49.14009824174046,48.78912464238449,45.0
354.0,49.14009824174046,48.79036412305814,45.0
355.0,49.14009824174046,48.791590828346735,45.0
356.0,49.14009824174046,48.79280497014698,45.0
357.0,49.14009824174046,48.79400675566163,45.0
358.0,49.14009824174046,48.79519638752427,45.0
359.0,49.14009824174046,48.796374063920695,45.0
360.0,49.14009824174046,48.79753997870647,45.0
361.0,49.14009824174046,48.79869432152128,45.0
362.0,49.14009824174046,48.799837277899876,45.0
363.0,49.14009824174046,48.8009690293797,45.0
364.0,49.14009824174046,48.8020897536055,45.0
365.0,49.14009824174046,48.803199624430775,45.0
366.0,49.14009824174046,48.80429881201631,45.0
367.0,49.14009824174046,48.805387482925795,45.0
368.0,49.14009824174046,48.80646580021869,45.0
369.0,49.14009824174046,48.80753392354036,45.0
370.0,49.14009824174046,48.80859200920957,45.0
371.0,49.14009824174046,48.80964021030342,45.0
372.0,49.14009824174046,48.810678676739904,45.0
373.0,49.14009824174046,48.81170755535787,45.0
374.0,49.14009824174046,48.81272698999496,45.0
375.0,49.14009824174046,48.81373712156293,45.0
376.0,49.14009824174046,48.81473808812117,45.0
377.0,49.14009824174046,48.81573002494777,45.0
378.0,49.14009824174046,48.81671306460878,45.0
379.0,49.14009824174046,48.817687337025376,45.0
380.0,49.14009824174046,48.81865296953909,45.0
381.0,49.14009824174046,48.819610086975224,45.0
382.0,49.14009824174046,48.82055881170447,45.0
383.0,49.14009824174046,48.82149926370272,45.0
384.0,49.14009824174046,48.822431560609196,45.0
385.0,49.14009824174046,48.82335581778294,45.0
386.0,49.14009824174046,48.824272148357835,45.0
387.0,49.14009824174046,48.82518066329578,45.0
388.0,49.14009824174046,48.82608147143874,45.0
389.0,49.14009824174046,48.82697467955906,45.0
390.0,49.14009824174046,48.827860392408525,45.0
391.0,49.14009824174046,48.828738712766004,45.0
392.0,49.14009824174046,48.8296097414838,45.0
393.0,49.14009824174046,48.8304735775327,45.0
394.0,49.14009824174046,48.83133031804581,45.0
395.0,49.14009824174046,48.832180058361175,45.0
396.0,49.14009824174046,48.833022892063234,45.0
397.0,49.14009824174046,48.83385891102315,45.0
398.0,49.14009824174046,48.834688205438056,45.0
399.0,49.14009824174046,48.835510863869246,45.0
400.0,49.14009824174046,48.836326973279284,45.0
401.0,49.14009824174046,48.83713661906818,45.0
402.0,49.14009824174046,48.8379398851086,45.0
403.0,49.14009824174046,48.83873685378009,45.0
404.0,49.14009824174046,48.83952760600241,45.0
405.0,49.14009824174046,48.84031222126803,45.0
406.0,49.14009824174046,48.84109077767366,45.0
407.0,49.14009824174046,48.8418633519511,45.0
408.0,49.14009824174046,48.8426300194972,45.0
409.0,49.14009824174046,48.84339085440299,45.0
410.0,49.14009824174046,48.84414592948215,45.0
411.0,49.14009824174046,48.84489531629871,45.0
412.0,49.14009824174046,48.84563908519403,45.0
413.0,49.14009824174046,48.84637730531305,45.0
414.0,49.14009824174046,48.84711004462994,45.0
415.0,49.14009824174046,48.84783736997308,45.0
416.0,49.14009824174046,48.848559347049296,45.0
417.0,49.14009824174046,48.84927604046771,45.0
418.0,49.14009824174046,48.84998751376273,45.0
419.0,49.14009824174046,48.85069382941661,45.0
420.0,49.14009824174046,48.85139504888154,45.0
421.0,49.14009824174046,48.85209123260088,45.0
422.0,49.14009824174046,48.85278244003016,45.0
423.0,49.14009824174046,48.853468729657465,45.0
424.0,49.14009824174046,48.85415015902327,45.0
425.0,49.14009824174046,48.8548267847398,45.0
426.0,49.14009824174046,48.85549866251002,45.0
427.0,49.14009824174046,48.856165847145995,45.0
428.0,49.14009824174046,48.85682839258695,45.0
429.0,49.14009824174046,48.8574863519168,45.0
430.0,49.14009824174046,48.85813977738133,45.0
431.0,49.14009824174046,48.85878872040488,45.0
432.0,49.14009824174046,48.85943323160674,45.0
433.0,49.14009824174046,48.860073360817,45.0
434.0,49.14009824174046,48.8607091570922,45.0
435.0,49.14009824174046,48.861340668730506,45.0
436.0,49.14009824174046,48.86196794328649,45.0
437.0,49.14009824174046,48.86259102758567,45.0
438.0,49.14009824174046,48.8632099677387,45.0
439.0,49.14009824174046,48.86382480915507,45.0
440.0,49.14009824174046,48.86443559655673,45.0
441.0,49.14009824174046,48.86504237399123,45.0
442.0,49.14009824174046,48.86564518484457,45.0
443.0,49.14009824174046,48.8662440718538,45.0
444.0,49.14009824174046,48.866839077119415,45.0
445.0,49.14009824174046,48.867430242117244,45.0
446.0,49.14009824174046,48.86801760771027,45.0
447.0,49.14009824174046,48.86860121416009,45.0
448.0,49.14009824174046,48.86918110113814,45.0
449.0,49.14009824174046,48.869757307736684,45.0
450.0,49.14009824174046,48.870329872479516,45.0
451.0,49.14009824174046,48.87089883333246,45.0
452.0,49.14009824174046,48.87146422771363,45.0
453.0,49.14009824174046,48.87202609250343,45.0
454.0,49.14009824174046,48.87258446405437,45.0
455.0,49.14009824174046,48.8731393782007,45.0
456.0,49.14009824174046,48.87369087026772,45.0
457.0,49.14009824174046,48.87423897508105,45.0
458.0,49.14009824174046,48.87478372697545,45.0
459.0,49.14009824174046,48.875325159803815,45.0
460.0,49.14009824174046,48.875863306945575,45.0
461.0,49.14009824174046,48.87639820131523,45.0
462.0,49.14009824174046,48.876929875370486,45.0
463.0,49.14009824174046,48.87745836112041,45.0
464.0,49.14009824174046,48.87798369013322,45.0
465.0,49.14009824174046,48.87850589354407,45.0
466.0,49.14009824174046,48.87902500206253,45.0
467.0,49.14009824174046,48.87954104598003,45.0
468.0,49.14009824174046,48.880054055177105,45.0
469.0,49.14009824174046,48.88056405913044,45.0
470.0,49.14009824174046,48.88107108691986,45.0
471.0,49.14009824174046,48.88157516723507,45.0
472.0,49.14009824174046,48.882076328382354,45.0
473.0,49.14009824174046,48.882574598291086,45.0
474.0,49.14009824174046,48.88307000452008,45.0
475.0,49.14009824174046,48.88356257426389,45.0
476.0,49.14009824174046,48.88405233435891,45.0
477.0,49.14009824174046,48.884539311289366,45.0
478.0,49.14009824174046,48.88502353119323,45.0
479.0,49.14009824174046,48.88550501986797,45.0
480.0,49.14009824174046,48.88598380277619,45.0
481.0,49.14009824174046,48.88645990505111,45.0
482.0,49.14009824174046,48.88693335150212,45.0
483.0,49.14009824174046,48.887404166619945,45.0
484.0,49.14009824174046,48.88787237458197,45.0
485.0,49.14009824174046,48.88833799925726,45.0
486.0,49.14009824174046,48.888801064211634,45.0
487.0,49.14009824174046,48.88926159271253,45.0
488.0,49.14009824174046,48.88971960773383,45.0
489.0,49.14009824174046,48.89017513196057,45.0
490.0,49.14009824174046,48.89062818779358,45.0
491.0,49.14009824174046,48.89107879735403,45.0
492.0,49.14009824174046,48.8915269824878,45.0
493.0,49.14009824174046,48.89197276476995,45.0
494.0,49.14009824174046,48.89241616550895,45.0
495.0,49.14009824174046,48.892857205750865,45.0
496.0,49.14009824174046,48.89329590628347,45.0
497.0,49.14009824174046,48.893732287640354,44.99999999999999
498.0,49.14009824174046,48.894166370104784,45.0
499.0,49.14009824174046,48.89459817371367,45.0
500.0,49.14009824174046,48.895027718261346,45.0
501.0,49.14009824174046,48.895455023303306,45.0
502.0,49.14009824174046,48.89588010815992,45.0
503.0,49.14009824174046,48.89630299191998,45.0
504.0,49.14009824174046,48.896723693444294,45.0
505.0,49.14009824174046,48.897142231369116,45.0
506.0,49.14009824174046,48.89755862410957,45.0
507.0,49.14009824174046,48.897972889863006,45.0
508.0,49.14009824174046,48.898385046612276,45.0
509.0,49.14009824174046,48.89879511212894,45.0
510.0,49.14009824174046,48.89920310397648,45.0
511.0,49.14009824174046,48.89960903951335,45.0
512.0,49.14009824174046,48.90001293589607,45.0
513.0,49.14009824174046,48.90041481008221,45.0
514.0,49.14009824174046,48.90081467883333,45.0
515.0,49.14009824174046,48.90121255871786,45.0
516.0,49.14009824174046,48.90160846611398,45.0
517.0,49.14009824174046,48.90200241721235,45.0
518.0,49.14009824174046,48.9023944280189,45.0
519.0,49.14009824174046,48.90278451435748,45.0
520.0,49.14009824174046,48.903172691872534,45.0
521.0,49.14009824174046,48.903558976031675,45.0
522.0,49.14009824174046,48.903943382128254,45.0
523.0,49.14009824174046,48.90432592528383,45.0
524.0,49.14009824174046,48.904706620450696,45.0
525.0,49.14009824174046,48.905085482414236,45.0
526.0,49.14009824174046,48.905462525795336,45.0
527.0,49.14009824174046,48.90583776505268,45.0
528.0,49.14009824174046,48.90621121448514,45.0
529.0,49.14009824174046,48.90658288823392,45.0
530.0,49.14009824174046,48.90695280028482,45.0
531.0,49.14009824174046,48.90732096447047,45.0
532.0,49.14009824174046,48.90768739447239,45.0
533.0,49.14009824174046,48.90805210382311,45.0
534.0,49.14009824174046,48.90841510590831,45.0
535.0,49.14009824174046,48.90877641396877,45.0
536.0,49.14009824174046,48.90913604110246,45.0
537.0,49.14009824174046,48.90949400026637,45.0
538.0,49.14009824174046,48.90985030427863,45.0
539.0,49.14009824174046,48.91020496582026,45.0
540.0,49.14009824174046,48.91055799743712,45.0
541.0,49.14009824174046,48.91090941154172,45.0
542.0,49.14009824174046,48.91125922041505,45.0
543.0,49.14009824174046,48.91160743620834,45.0
544.0,49.14009824174046,48.91195407094483,45.0
545.0,49.14009824174046,48.91229913652148,45.0
546.0,49.14009824174046,48.91264264471068,45.0
547.0,49.14009824174046,48.912984607161874,45.0
548.0,49.14009824174046,48.913325035403254,45.0
549.0,49.14009824174046,48.91366394084335,45.0
550.0,49.14009824174046,48.914001334772614,45.0
551.0,49.14009824174046,48.914337228364985,45.0
552.0,49.14009824174046,48.91467163267941,45.0
553.0,49.14009824174046,48.915004558661366,45.0
554.0,49.14009824174046,48.91533601714442,45.0
555.0,49.14009824174046,48.91566601885153,45.0
556.0,49.14009824174046,48.91599457439663,45.0
557.0,49.14009824174046,48.916321694286,45.0
558.0,49.14009824174046,48.91664738891964,45.0
559.0,49.14009824174046,48.916971668592694,45.0
560.0,49.14009824174046,48.91729454349674,45.0
561.0,49.14009824174046,48.917616023721166,45.0
562.0,49.14009824174046,48.91793611925448,45.0
563.0,49.14009824174046,48.91825483998555,45.0
564.0,49.14009824174046,48.918572195704954,45.0
565.0,49.14009824174046,48.91888819610615,45.0
566.0,49.14009824174046,48.91920285078677,45.0
567.0,49.14009824174046,48.91951616924978,45.0
568.0,49.14009824174046,48.919828160904714,45.0
569.0,49.14009824174046,48.92013883506884,45.0
570.0,49.14009824174046,48.920448200968266,45.0
571.0,49.14009824174046,48.9207562677392,45.0
572.0,49.14009824174046,48.92106304442891,45.0
573.0,49.14009824174046,48.921368539996955,45.0
574.0,49.14009824174046,48.92167276331624,45.0
575.0,49.14009824174046,48.921975723174064,45.0
576.0,49.14009824174046,48.9222774282732,45.0
577.0,49.14009824174046,48.92257788723291,45.0
578.0,49.14009824174046,48.922877108590015,45.0
579.0,49.14009824174046,48.92317510079984,45.0
580.0,49.14009824174046,48.923471872237265,45.0
581.0,49.14009824174046,48.923767431197675,45.0
582.0,49.14009824174046,48.92406178589795,45.0
583.0,49.14009824174046,48.92435494447736,45.0
584.0,49.14009824174046,48.92464691499859,45.0
585.0,49.14009824174046,48.92493770544855,45.0
586.0,49.14009824174046,48.92522732373941,45.0
587.0,49.14009824174046,48.92551577770939,45.0
588.0,49.14009824174046,48.92580307512371,45.0
589.0,49.14009824174046,48.92608922367542,45.0
590.0,49.14009824174046,48.92637423098628,45.0
591.0,49.14009824174046,48.92665810460761,45.0
592.0,49.14009824174046,48.92694085202108,45.0
593.0,49.14009824174046,48.9272224806396,45.0
594.0,49.14009824174046,48.92750299780809,45.0
595.0,49.14009824174046,48.92778241080425,45.0
596.0,49.14009824174046,48.92806072683939,45.0
597.0,49.14009824174046,48.92833795305922,45.0
598.0,49.14009824174046,48.92861409654454,45.0
599.0,49.14009824174046,48.92888916431209,45.0
600.0,49.14009824174046,48.92916316331518,45.0
601.0,49.14009824174046,48.92943610044454,45.0
602.0,49.14009824174046,48.92970798252896,45.0
603.0,49.14009824174046,48.92997881633604,45.0
604.0,49.14009824174046,48.93024860857287,45.0
605.0,49.14009824174046,48.93051736588672,45.0
606.0,49.14009824174046,48.93078509486577,45.0
607.0,49.14009824174046,48.93105180203971,45.0
608.0,49.14009824174046,48.93131749388048,45.0
609.0,49.14009824174046,48.93158217680284,45.0
610.0,49.14009824174046,48.931845857165115,45.0
611.0,49.14009824174046,48.93210854126973,45.0
612.0,49.14009824174046,48.93237023536389,45.0
613.0,49.14009824174046,48.93263094564024,45.0
614.0,49.14009824174046,48.93289067823737,45.0
615.0,49.14009824174046,48.93314943924052,45.0
616.0,49.14009824174046,48.93340723468214,45.0
617.0,49.14009824174046,48.93366407054244,45.0
618.0,49.14009824174046,48.93391995275,45.0
619.0,49.14009824174046,48.93417488718233,45.0
620.0,49.14009824174046,48.9344288796665,45.0
621.0,49.14009824174046,48.93468193597956,45.0
622.0,49.14009824174046,48.93493406184921,45.0
623.0,49.14009824174046,48.935185262954285,45.0
624.0,49.14009824174046,48.9354355449253,45.0
625.0,49.14009824174046,48.93568491334496,45.0
626.0,49.14009824174046,48.93593337374872,45.0
627.0,49.14009824174046,48.93618093162523,45.0
628.0,49.14009824174046,48.93642759241695,45.0
629.0,49.14009824174046,48.93667336152052,45.0
630.0,49.14009824174046,48.93691824428734,45.0
631.0,49.14009824174046,48.93716224602402,45.0
632.0,49.14009824174046,48.937405371992874,45.0
633.0,49.14009824174046,48.93764762741242,45.0
634.0,49.14009824174046,48.93788901745775,45.0
635.0,49.14009824174046,48.93812954726112,45.0
636.0,49.14009824174046,48.93836922191232,45.0
637.0,49.14009824174046,48.93860804645912,45.0
638.0,49.14009824174046,48.93884602590781,45.0
639.0,49.14009824174046,48.939083165223494,45.0
640.0,49.14009824174046,48.93931946933064,45.0
641.0,49.14009824174046,48.93955494311344,45.0
642.0,49.14009824174046,48.9397895914163,45.0
643.0,49.14009824174046,48.94002341904414,45.0
644.0,49.14009824174046,48.9402564307629,45.0
645.0,49.14009824174046,48.94048863129998,45.0
646.0,49.14009824174046,48.940720025344504,45.0
647.0,49.14009824174046,48.94095061754782,45.0
648.0,49.14009824174046,48.941180412523885,45.0
649.0,49.14009824174046,48.94140941484958,45.0
650.0,49.14009824174046,48.94163762906519,45.0
651.0,49.14009824174046,48.94186505967471,45.0
652.0,49.14009824174046,48.942091711146205,44.99999999999999
653.0,49.14009824174046,48.94231758791224,45.0
654.0,49.14009824174046,48.942542694370196,45.0
655.0,49.14009824174046,48.94276703488266,45.0
656.0,49.14009824174046,48.9429906137777,45.0
657.0,49.14009824174046,48.94321343534935,45.0
658.0,49.14009824174046,48.94343550385781,45.0
659.0,49.14009824174046,48.943656823529906,45.0
660.0,49.14009824174046,48.9438773985593,45.0
661.0,49.14009824174046,48.94409723310697,45.0
662.0,49.14009824174046,48.944316331301415,45.0
663.0,49.14009824174046,48.944534697239035,45.00000000000001
664.0,49.14009824174046,48.94475233498445,45.0
665.0,49.14009824174046,48.9449692485708,45.0
666.0,49.14009824174046,48.94518544200005,45.0
667.0,49.14009824174046,48.94540091924333,45.0
668.0,49.14009824174046,48.94561568424123,45.0
669.0,49.14009824174046,48.94582974090409,45.0
670.0,49.14009824174046,48.94604309311225,45.0
671.0,49.14009824174046,48.94625574471648,45.0
672.0,49.14009824174046,48.946467699538125,45.0
673.0,49.14009824174046,48.946678961369464,45.0
674.0,49.14009824174046,48.946889533973994,45.0
675.0,49.14009824174046,48.947099421086676,45.0
676.0,49.14009824174046,48.94730862641425,45.0
677.0,49.14009824174046,48.947517153635495,45.0
678.0,49.14009824174046,48.94772500640148,45.0
679.0,49.14009824174046,48.94793218833584,45.0
680.0,49.14009824174046,48.948138703035085,45.0
681.0,49.14009824174046,48.94834455406878,45.0
682.0,49.14009824174046,48.948549744979886,45.0
683.0,49.14009824174046,48.94875427928493,45.0
684.0,49.14009824174046,48.94895816047433,45.0
685.0,49.14009824174046,48.949161392012606,45.0
686.0,49.14009824174046,48.949363977338656,45.0
687.0,49.14009824174046,48.94956591986593,45.0
688.0,49.14009824174046,48.949767222982764,45.0
689.0,49.14009824174046,48.94996789005257,45.0
690.0,49.14009824174046,48.950167924414046,45.0
691.0,49.14009824174046,48.95036732938144,45.0
692.0,49.14009824174046,48.950566108244814,45.0
693.0,49.14009824174046,48.95076426427016,45.0
694.0,49.14009824174046,48.950961800699766,45.0
695.0,49.14009824174046,48.95115872075234,45.0
696.0,49.14009824174046,48.95135502762325,45.0
697.0,49.14009824174046,48.95155072448476,45.0
698.0,49.14009824174046,48.95174581448623,45.0
699.0,49.14009824174046,48.951940300754316,45.0
700.0,49.14009824174046,48.9521341863932,45.0
701.0,49.14009824174046,48.952327474484804,45.0
702.0,49.14009824174046,48.95252016808897,45.0
703.0,49.14009824174046,48.95271227024367,45.0
704.0,49.14009824174046,48.95290378396524,45.0
705.0,49.14009824174046,48.953094712248486,45.0
706.0,49.14009824174046,48.953285058067,45.0
707.0,49.14009824174046,48.95347482437329,45.0
708.0,49.14009824174046,48.95366401409894,45.0
709.0,49.14009824174046,48.95385263015487,45.0
710.0,49.14009824174046,48.95404067543147,45.0
711.0,49.14009824174046,48.95422815279883,45.0
712.0,49.14009824174046,48.95441506510686,45.0
713.0,49.14009824174046,48.95460141518555,45.0
714.0,49.14009824174046,48.95478720584507,45.0
715.0,49.14009824174046,48.95497243987603,45.0
716.0,49.14009824174046,48.95515712004956,45.0
717.0,49.14009824174046,48.95534124911758,45.0
718.0,49.14009824174046,48.9555248298129,45.0
719.0,49.14009824174046,48.95570786484942,45.0
720.0,49.14009824174046,48.9558903569223,45.0
721.0,49.14009824174046,48.956072308708116,45.0
722.0,49.14009824174046,48.956253722865014,45.0
723.0,49.14009824174046,48.956434602032886,45.0
724.0,49.14009824174046,48.956614948833575,45.0
725.0,49.14009824174046,48.95679476587094,45.0
726.0,49.14009824174046,48.95697405573107,45.0
727.0,49.14009824174046,48.957152820982465,45.0
728.0,49.14009824174046,48.9573310641761,45.0
729.0,49.14009824174046,48.957508787845704,45.0
730.0,49.14009824174046,48.95768599450777,45.0
731.0,49.14009824174046,48.95786268666184,45.0
732.0,49.14009824174046,48.95803886679055,45.0
733.0,49.14009824174046,48.9582145373598,45.0
734.0,49.14009824174046,48.95838970081896,45.0
735.0,49.14009824174046,48.958564359600935,45.0
736.0,49.14009824174046,48.95873851612233,45.0
737.0,49.14009824174046,48.958912172783606,45.0
738.0,49.14009824174046,48.95908533196921,45.0
739.0,49.14009824174046,48.95925799604772,45.0
740.0,49.14009824174046,48.95943016737195,45.0
741.0,49.14009824174046,48.95960184827911,45.0
742.0,49.14009824174046,48.95977304109094,45.0
743.0,49.14009824174046,48.95994374811385,45.0
744.0,49.14009824174046,48.96011397163899,45.0
745.0,49.14009824174046,48.96028371394248,45.0
746.0,49.14009824174046,48.960452977285456,45.0
747.0,49.14009824174046,48.9606217639142,45.0
748.0,49.14009824174046,48.96079007606033,45.0
749.0,49.14009824174046,48.96095791594083,45.0
750.0,49.14009824174046,48.96112528575826,45.0
751.0,49.14009824174046,48.961292187700835,45.0
752.0,49.14009824174046,48.961458623942534,45.0
753.0,49.14009824174046,48.96162459664323,45.0
754.0,49.14009824174046,48.96179010794883,45.0
755.0,49.14009824174046,48.96195515999136,45.0
756.0,49.14009824174046,48.9621197548891,45.0
757.0,49.14009824174046,48.96228389474666,45.0
758.0,49.14009824174046,48.962447581655155,45.0
759.0,49.14009824174046,48.962610817692266,45.0
760.0,49.14009824174046,48.962773604922376,45.0
761.0,49.14009824174046,48.96293594539668,45.0
762.0,49.14009824174046,48.963097841153235,45.0
763.0,49.14009824174046,48.963259294217195,45.0
764.0,49.14009824174046,48.963420306600774,45.0
765.0,49.14009824174046,48.96358088030343,45.0
766.0,49.14009824174046,48.96374101731198,45.0
767.0,49.14009824174046,48.963900719600645,45.0
768.0,49.14009824174046,48.96405998913119,45.0
769.0,49.14009824174046,48.964218827853045,45.0
770.0,49.14009824174046,48.96437723770333,45.0
771.0,49.14009824174046,48.96453522060706,45.0
772.0,49.14009824174046,48.96469277847714,45.0
773.0,49.14009824174046,48.96484991321452,45.0
774.0,49.14009824174046,48.965006626708295,45.0
775.0,49.14009824174046,48.965162920835766,45.0
776.0,49.14009824174046,48.96531879746255,45.0
777.0,49.14009824174046,48.96547425844268,45.0
778.0,49.14009824174046,48.96562930561871,45.0
779.0,49.14009824174046,48.96578394082175,45.0
780.0,49.14009824174046,48.96593816587162,45.0
781.0,49.14009824174046,48.96609198257692,45.0
782.0,49.14009824174046,48.96624539273509,45.0
783.0,49.14009824174046,48.966398398132554,45.0
784.0,49.14009824174046,48.96655100054474,45.0
785.0,49.14009824174046,48.96670320173623,45.0
786.0,49.14009824174046,48.96685500346079,45.0
787.0,49.14009824174046,48.9670064074615,45.0
788.0,49.14009824174046,48.9671574154708,45.0
789.0,49.14009824174046,48.967308029210635,45.0
790.0,49.14009824174046,48.967458250392426,45.0
791.0,49.14009824174046,48.96760808071728,45.0
792.0,49.14009824174046,48.96775752187598,45.0
793.0,49.14009824174046,48.9679065755491,45.0
794.0,49.14009824174046,48.96805524340708,45.0
795.0,49.14009824174046,48.96820352711029,45.0
796.0,49.14009824174046,48.96835142830915,45.0
797.0,49.14009824174046,48.96849894864416,45.0
798.0,49.14009824174046,48.96864608974598,45.0
799.0,49.14009824174046,48.968792853235556,45.0
800.0,49.14009824174046,48.96893924072412,45.0
801.0,49.14009824174046,48.96908525381333,45.0
802.0,49.14009824174046,48.969230894095304,45.0
803.0,49.14009824174046,48.9693761631527,45.0
804.0,49.14009824174046,48.96952106255881,45.0
805.0,49.14009824174046,48.9696655938776,45.0
806.0,49.14009824174046,48.96980975866378,45.0
807.0,49.14009824174046,48.96995355846291,45.0
808.0,49.14009824174046,48.970096994811456,45.0
809.0,49.14009824174046,48.97024006923684,45.0
810.0,49.14009824174046,48.970382783257506,45.0
811.0,49.14009824174046,48.97052513838301,45.0
812.0,49.14009824174046,48.97066713611408,45.0
813.0,49.14009824174046,48.970808777942665,45.0
814.0,49.14009824174046,48.97095006535206,45.0
815.0,49.14009824174046,48.97109099981686,45.0
816.0,49.14009824174046,48.97123158280314,45.0
817.0,49.14009824174046,48.971371815768464,45.0
818.0,49.14009824174046,48.971511700161926,45.0
819.0,49.14009824174046,48.97165123742426,45.0
820.0,49.14009824174046,48.97179042898788,45.0
821.0,49.14009824174046,48.971929276276974,45.0
822.0,49.14009824174046,48.97206778070747,45.0
823.0,49.14009824174046,48.97220594368719,45.0
824.0,49.14009824174046,48.97234376661592,45.0
825.0,49.14009824174046,48.972481250885394,45.0
826.0,49.14009824174046,48.972618397879394,45.0
827.0,49.14009824174046,48.97275520897381,45.0
828.0,49.14009824174046,48.972891685536666,45.0
829.0,49.14009824174046,48.97302782892825,45.0
830.0,49.14009824174046,48.9731636405011,45.0
831.0,49.14009824174046,48.973299121600085,45.0
832.0,49.14009824174046,48.97343427356244,45.0
833.0,49.14009824174046,48.973569097717885,45.0
834.0,49.14009824174046,48.9737035953886,45.0
835.0,49.14009824174046,48.97383776788933,45.0
836.0,49.14009824174046,48.97397161652744,45.0
837.0,49.14009824174046,48.974105142602916,45.0
838.0,49.14009824174046,48.97423834740848,45.0
839.0,49.14009824174046,48.97437123222961,45.0
840.0,49.14009824174046,48.974503798344614,45.0
841.0,49.14009824174046,48.97463604702464,45.0
842.0,49.14009824174046,48.97476797953377,45.0
843.0,49.14009824174046,48.97489959712906,45.0
844.0,49.14009824174046,48.97503090106057,45.0
845.0,49.14009824174046,48.975161892571435,45.0
846.0,49.14009824174046,48.97529257289792,45.0
847.0,49.14009824174046,48.97542294326942,45.0
848.0,49.14009824174046,48.97555300490858,45.0
849.0,49.14009824174046,48.9756827590313,45.0
850.0,49.14009824174046,48.9758122068468,45.0
851.0,49.14009824174046,48.9759413495576,45.0
852.0,49.14009824174046,48.97607018835973,45.0
853.0,49.14009824174046,48.97619872444258,45.0
854.0,49.14009824174046,48.97632695898906,45.0
855.0,49.14009824174046,48.976454893175635,45.0
856.0,49.14009824174046,48.97658252817237,45.0
857.0,49.14009824174046,48.97670986514292,45.0
858.0,49.14009824174046,48.97683690524467,45.0
859.0,49.14009824174046,48.976963649628686,45.0
860.0,49.14009824174046,48.977090099439806,45.0
861.0,49.14009824174046,48.97721625581669,45.0
862.0,49.14009824174046,48.97734211989185,45.0
863.0,49.14009824174046,48.977467692791656,45.0
864.0,49.14009824174046,48.977592975636476,45.0
865.0,49.14009824174046,48.97771796954059,45.0
866.0,49.14009824174046,48.97784267561235,45.0
867.0,49.14009824174046,48.97796709495415,45.0
868.0,49.14009824174046,48.978091228662464,45.0
869.0,49.14009824174046,48.97821507782793,45.0
870.0,49.14009824174046,48.97833864353539,45.0
871.0,49.14009824174046,48.97846192686385,45.0
872.0,49.14009824174046,48.97858492888663,45.0
873.0,49.14009824174046,48.978707650671325,45.0
874.0,49.14009824174046,48.97883009327988,45.0
875.0,49.14009824174046,48.978952257768604,45.0
876.0,49.14009824174046,48.97907414518824,45.0
877.0,49.14009824174046,48.97919575658397,45.0
878.0,49.14009824174046,48.97931709299549,45.0
879.0,49.14009824174046,48.97943815545697,45.0
880.0,49.14009824174046,48.97955894499722,45.0
881.0,49.14009824174046,48.97967946263961,45.0
882.0,49.14009824174046,48.97979970940215,45.0
883.0,49.14009824174046,48.97991968629752,45.0
884.0,49.14009824174046,48.98003939433315,45.0
885.0,49.14009824174046,48.98015883451116,45.0
886.0,49.14009824174046,48.98027800782849,45.0
887.0,49.14009824174046,48.98039691527687,45.0
888.0,49.14009824174046,48.9805155578429,45.0
889.0,49.14009824174046,48.98063393650807,45.0
890.0,49.14009824174046,48.98075205224876,45.0
891.0,49.14009824174046,48.98086990603633,45.0
892.0,49.14009824174046,48.98098749883713,45.0
893.0,49.14009824174046,48.981104831612484,45.0
894.0,49.14009824174046,48.98122190531881,45.0
895.0,49.14009824174046,48.98133872090763,45.0
896.0,49.14009824174046,48.981455279325516,45.0
897.0,49.14009824174046,48.98157158151425,45.0
898.0,49.14009824174046,48.98168762841076,45.0
899.0,49.14009824174046,48.981803420947216,45.0
900.0,49.14009824174046,48.98191896005099,45.0
901.0,49.14009824174046,48.98203424664477,45.0
902.0,49.14009824174046,48.98214928164654,45.0
903.0,49.14009824174046,48.98226406596963,45.0
904.0,49.14009824174046,48.9823786005227,45.0
905.0,49.14009824174046,48.98249288620983,45.0
906.0,49.14009824174046,48.98260692393057,45.0
907.0,49.14009824174046,48.982720714579834,45.0
908.0,49.14009824174046,48.98283425904811,45.0
909.0,49.14009824174046,48.982947558221355,45.0
910.0,49.14009824174046,48.983060612981085,45.0
911.0,49.14009824174046,48.9831734242044,45.0
912.0,49.14009824174046,48.98328599276395,45.0
913.0,49.14009824174046,48.983398319528106,45.0
914.0,49.14009824174046,48.98351040536081,45.0
915.0,49.14009824174046,48.98362225112175,45.0
916.0,49.14009824174046,48.983733857666294,45.0
917.0,49.14009824174046,48.983845225845556,45.0
918.0,49.14009824174046,48.98395635650643,45.0
919.0,49.14009824174046,48.98406725049161,45.0
920.0,49.14009824174046,48.98417790863957,45.0
921.0,49.14009824174046,48.98428833178472,45.0
922.0,49.14009824174046,48.98439852075725,45.0
923.0,49.14009824174046,48.9845084763833,45.0
924.0,49.14009824174046,48.984618199484935,45.0
925.0,49.14009824174046,48.98472769088015,45.0
926.0,49.14009824174046,48.98483695138297,45.0
927.0,49.14009824174046,48.98494598180336,45.0
928.0,49.14009824174046,48.98505478294736,45.0
929.0,49.14009824174046,48.98516335561704,45.0
930.0,49.14009824174046,48.98527170061056,45.0
931.0,49.14009824174046,48.985379818722194,45.0
932.0,49.14009824174046,48.98548771074232,45.0
933.0,49.14009824174046,48.985595377457486,45.0
934.0,49.14009824174046,48.9857028196504,45.0
935.0,49.14009824174046,48.98581003809999,45.0
936.0,49.14009824174046,48.9859170335814,45.0
937.0,49.14009824174046,48.98602380686602,45.0
938.0,49.14009824174046,48.9861303587215,45.0
939.0,49.14009824174046,48.98623668991181,45.0
940.0,49.14009824174046,48.986342801197196,45.0
941.0,49.14009824174046,48.98644869333431,45.0
942.0,49.14009824174046,48.986554367076074,45.0
943.0,49.14009824174046,48.98665982317189,45.0
944.0,49.14009824174046,48.98676506236748,45.0
945.0,49.14009824174046,48.98687008540507,45.0
946.0,49.14009824174046,48.9869748930233,45.0
947.0,49.14009824174046,48.987079485957274,45.0
948.0,49.14009824174046,48.987183864938615,45.0
949.0,49.14009824174046,48.987288030695446,45.0
950.0,49.14009824174046,48.98739198395243,45.0
951.0,49.14009824174046,48.987495725430776,45.0
952.0,49.14009824174046,48.9875992558483,45.0
953.0,49.14009824174046,48.98770257591942,45.0
954.0,49.14009824174046,48.98780568635513,45.0
955.0,49.14009824174046,48.9879085878631,45.0
956.0,49.14009824174046,48.988011281147664,45.0
957.0,49.14009824174046,48.98811376690982,45.0
958.0,49.14009824174046,48.98821604584729,45.0
959.0,49.14009824174046,48.98831811865447,45.0
960.0,49.14009824174046,48.98841998602258,45.0
961.0,49.14009824174046,48.98852164863952,45.0
962.0,49.14009824174046,48.988623107190016,45.0
963.0,49.14009824174046,48.98872436235557,45.0
964.0,49.14009824174046,48.98882541481453,45.0
965.0,49.14009824174046,48.98892626524206,45.0
966.0,49.14009824174046,48.98902691431019,45.0
967.0,49.14009824174046,48.98912736268782,45.0
968.0,49.14009824174046,48.98922761104075,45.0
969.0,49.14009824174046,48.98932766003169,45.0
970.0,49.14009824174046,48.98942751032028,45.0
971.0,49.14009824174046,48.989527162563135,45.0
972.0,49.14009824174046,48.98962661741379,45.0
973.0,49.14009824174046,48.9897258755228,45.0
974.0,49.14009824174046,48.98982493753772,45.0
975.0,49.14009824174046,48.98992380410311,45.0
976.0,49.14009824174046,48.990022475860584,45.0
977.0,49.14009824174046,48.99012095344881,45.0
978.0,49.14009824174046,48.99021923750353,45.0
979.0,49.14009824174046,48.990317328657575,45.0
980.0,49.14009824174046,48.99041522754088,45.0
981.0,49.14009824174046,48.99051293478051,45.0
982.0,49.14009824174046,48.99061045100066,45.0
983.0,49.14009824174046,48.990707776822724,45.0
984.0,49.14009824174046,48.9908049128652,45.0
985.0,49.14009824174046,48.99090185974386,45.0
986.0,49.14009824174046,48.99099861807162,45.0
987.0,49.14009824174046,48.99109518845864,45.0
988.0,49.14009824174046,48.99119157151233,45.0
989.0,49.14009824174046,48.99128776783735,45.0
990.0,49.14009824174046,48.99138377803562,45.0
991.0,49.14009824174046,48.99147960270638,45.0
992.0,49.14009824174046,48.99157524244614,45.0
993.0,49.14009824174046,48.99167069784875,45.0
994.0,49.14009824174046,48.991765969505366,45.0
995.0,49.14009824174046,48.99186105800455,45.0
996.0,49.14009824174046,48.99195596393216,45.0
997.0,49.14009824174046,48.99205068787151,45.0
998.0,49.14009824174046,48.992145230403246,45.0
999.0,49.14009824174046,48.992239592105435,45.0
1000.0,49.14009824174046,48.992333773553604,45.0
1001.0,49.14009824174046,48.992427775320685,45.0
1002.0,49.14009824174046,48.99252159797708,45.0
1003.0,49.14009824174046,48.99261524209066,45.0
1004.0,49.14009824174046,48.99270870822677,45.0
1005.0,49.14009824174046,48.99280199694827,44.99999999999999
1006.0,49.14009824174046,48.992895108815524,45.0
1007.0,49.14009824174046,48.99298804438641,45.0
1008.0,49.14009824174046,48.99308080421636,45.0
1009.0,49.14009824174046,48.99317338885837,45.0
1010.0,49.14009824174046,48.99326579886295,45.0
1011.0,49.14009824174046,48.99335803477829,45.0
1012.0,49.14009824174046,48.99345009715008,45.0
1013.0,49.14009824174046,48.993541986521656,45.0
1014.0,49.14009824174046,48.99363370343399,45.0
1015.0,49.14009824174046,48.99372524842568,45.0
1016.0,49.14009824174046,48.993816622032945,45.0
1017.0,49.14009824174046,48.993907824789716,45.0
1018.0,49.14009824174046,48.99399885722757,45.0
1019.0,49.14009824174046,48.99408971987576,45.0
1020.0,49.14009824174046,48.99418041326127,45.0
1021.0,49.14009824174046,48.99427093790879,45.0
1022.0,49.14009824174046,48.994361294340706,45.0
1023.0,49.14009824174046,48.994451483077185,45.0
1024.0,49.14009824174046,48.99454150463613,45.0
1025.0,49.14009824174046,48.9946313595332,45.0
1026.0,49.14009824174046,48.994721048281846,45.0
1027.0,49.14009824174046,48.99481057139329,45.0
1028.0,49.14009824174046,48.99489992937658,45.0
1029.0,49.14009824174046,48.99498912273854,45.0
1030.0,49.14009824174046,48.995078151983854,45.0
1031.0,49.14009824174046,48.995167017615046,45.0
1032.0,49.14009824174046,48.995255720132455,45.0
1033.0,49.14009824174046,48.99534426003428,45.0
1034.0,49.14009824174046,48.99543263781666,45.0
1035.0,49.14009824174046,48.995520853973545,45.0
1036.0,49.14009824174046,48.995608908996815,45.0
1037.0,49.14009824174046,48.99569680337625,45.0
1038.0,49.14009824174046,48.99578453759953,45.0
1039.0,49.14009824174046,48.995872112152334,45.0
1040.0,49.14009824174046,48.99595952751818,45.0
1041.0,49.14009824174046,48.996046784178624,45.0
1042.0,49.14009824174046,48.996133882613144,45.0
1043.0,49.14009824174046,48.99622082329921,45.0
1044.0,49.14009824174046,48.99630760671226,45.0
1045.0,49.14009824174046,48.99639423332574,45.0
1046.0,49.14009824174046,48.99648070361113,45.0
1047.0,49.14009824174046,48.996567018037865,45.0
1048.0,49.14009824174046,48.99665317707347,45.0
1049.0,49.14009824174046,48.996739181183486,45.0
1050.0,49.14009824174046,48.9968250308315,45.0
1051.0,49.14009824174046,48.996910726479165,45.0
1052.0,49.14009824174046,48.99699626858621,45.0
1053.0,49.14009824174046,48.99708165761043,45.0
1054.0,49.14009824174046,48.997166894007734,45.0
1055.0,49.14009824174046,48.99725197823211,45.0
1056.0,49.14009824174046,48.99733691073568,45.0
1057.0,49.14009824174046,48.997421691968675,45.0
1058.0,49.14009824174046,48.99750632237945,45.0
1059.0,49.14009824174046,48.99759080241453,45.0
1060.0,49.14009824174046,48.99767513251858,44.99999999999999
1061.0,49.14009824174046,48.9977593131344,45.0
1062.0,49.14009824174046,48.99784334470301,45.0
1063.0,49.14009824174046,48.99792722766356,45.0
1064.0,49.14009824174046,48.99801096245345,45.0
1065.0,49.14009824174046,48.998094549508224,45.0
1066.0,49.14009824174046,48.99817798926165,45.0
1067.0,49.14009824174046,48.998261282145755,45.0
1068.0,49.14009824174046,48.99834442859074,45.0
1069.0,49.14009824174046,48.99842742902508,45.0
1070.0,49.14009824174046,48.99851028387548,45.0
1071.0,49.14009824174046,48.99859299356692,45.0
1072.0,49.14009824174046,48.998675558522635,45.0
1073.0,49.14009824174046,48.998757979164125,45.0
1074.0,49.14009824174046,48.998840255911176,45.0
1075.0,49.14009824174046,48.99892238918191,45.0
1076.0,49.14009824174046,48.999004379392666,45.0
1077.0,49.14009824174046,48.999086226958184,45.0
1078.0,49.14009824174046,48.99916793229145,45.0
1079.0,49.14009824174046,48.999249495803824,45.0
1080.0,49.14009824174046,48.99933091790501,45.0
1081.0,49.14009824174046,48.99941219900302,45.0
1082.0,49.14009824174046,48.99949333950422,45.0
1083.0,49.14009824174046,48.99957433981338,45.0
1084.0,49.14009824174046,48.99965520033361,45.0
1085.0,49.14009824174046,48.9997359214664,45.0
1086.0,49.14009824174046,48.99981650361164,45.0
1087.0,49.14009824174046,48.99989694716763,45.0
1088.0,49.14009824174046,48.99997725253101,45.0
1089.0,49.14009824174046,49.00005742009692,45.0
1090.0,49.14009824174046,49.00013745025886,45.0
1091.0,49.14009824174046,49.000217343408785,45.0
1092.0,49.14009824174046,49.00029709993707,45.0
1093.0,49.14009824174046,49.000376720232566,45.0
1094.0,49.14009824174046,49.000456204682514,45.0
1095.0,49.14009824174046,49.0005355536727,45.0
1096.0,49.14009824174046,49.000614767587315,45.0
1097.0,49.14009824174046,49.000693846809035,45.0
1098.0,49.14009824174046,49.00077279171907,45.0
1099.0,49.14009824174046,49.000851602697075,45.0
1100.0,49.14009824174046,49.000930280121196,45.0
1101.0,49.14009824174046,49.00100882436811,45.0
1102.0,49.14009824174046,49.00108723581301,45.0
1103.0,49.14009824174046,49.001165514829594,45.0
1104.0,49.14009824174046,49.00124366179012,45.0
1105.0,49.14009824174046,49.00132167706534,45.0
1106.0,49.14009824174046,49.00139956102461,45.0
1107.0,49.14009824174046,49.00147731403576,45.0
1108.0,49.14009824174046,49.001554936465254,45.0
1109.0,49.14009824174046,49.00163242867807,45.0
1110.0,49.14009824174046,49.0017097910378,45.0
1111.0,49.14009824174046,49.00178702390658,45.0
1112.0,49.14009824174046,49.00186412764515,45.0
1113.0,49.14009824174046,49.001941102612854,45.0
1114.0,49.14009824174046,49.00201794916764,45.0
1115.0,49.14009824174046,49.00209466766603,45.0
1116.0,49.14009824174046,49.0021712584632,45.0
1117.0,49.14009824174046,49.00224772191294,45.0
1118.0,49.14009824174046,49.00232405836765,45.0
1119.0,49.14009824174046,49.00240026817839,45.0
1120.0,49.14009824174046,49.00247635169487,45.0
1121.0,49.14009824174046,49.00255230926542,45.0
1122.0,49.14009824174046,49.00262814123704,45.0
1123.0,49.14009824174046,49.0027038479554,45.0
1124.0,49.14009824174046,49.002779429764836,45.0
1125.0,49.14009824174046,49.00285488700836,45.0
1126.0,49.14009824174046,49.002930220027665,45.0
1127.0,49.14009824174046,49.00300542916314,45.0
1128.0,49.14009824174046,49.003080514753854,45.0
1129.0,49.14009824174046,49.0031554771376,45.0
1130.0,49.14009824174046,49.00323031665087,45.0
1131.0,49.14009824174046,49.003305033628855,45.0
1132.0,49.14009824174046,49.00337962840552,45.0
1133.0,49.14009824174046,49.00345410131349,45.0
1134.0,49.14009824174046,49.00352845268415,45.0
1135.0,49.14009824174046,49.00360268284766,45.0
1136.0,49.14009824174046,49.003676792132865,45.0
1137.0,49.14009824174046,49.00375078086742,45.0
1138.0,49.14009824174046,49.003824649377705,45.0
1139.0,49.14009824174046,49.00389839798885,45.0
1140.0,49.14009824174046,49.00397202702482,45.0
1141.0,49.14009824174046,49.00404553680827,45.0
1142.0,49.14009824174046,49.0041189276607,45.0
1143.0,49.14009824174046,49.00419219990239,45.0
1144.0,49.14009824174046,49.0042653538524,45.0
1145.0,49.14009824174046,49.004338389828575,45.0
1146.0,49.14009824174046,49.0044113081476,45.0
1147.0,49.14009824174046,49.00448410912496,45.0
1148.0,49.14009824174046,49.00455679307494,45.0
1149.0,49.14009824174046,49.004629360310666,45.0
1150.0,49.14009824174046,49.00470181114409,45.0
1151.0,49.14009824174046,49.004774145886,45.0
1152.0,49.14009824174046,49.004846364846024,45.0
1153.0,49.14009824174046,49.00491846833262,45.0
1154.0,49.14009824174046,49.00499045665312,45.0
1155.0,49.14009824174046,49.00506233011369,45.0
1156.0,49.14009824174046,49.00513408901937,45.0
1157.0,49.14009824174046,49.00520573367406,45.0
1158.0,49.14009824174046,49.00527726438057,45.0
1159.0,49.14009824174046,49.00534868144052,45.0
1160.0,49.14009824174046,49.005419985154475,45.0
1161.0,49.14009824174046,49.00549117582185,45.0
1162.0,49.14009824174046,49.00556225374098,45.0
1163.0,49.14009824174046,49.00563321920908,45.0
1164.0,49.14009824174046,49.00570407252228,45.0
1165.0,49.14009824174046,49.005774813975606,45.0
1166.0,49.14009824174046,49.00584544386303,45.0
1167.0,49.14009824174046,49.00591596247742,45.0
1168.0,49.14009824174046,49.00598637011055,45.0
1169.0,49.14009824174046,49.00605666705317,45.0
1170.0,49.14009824174046,49.00612685359494,45.0
1171.0,49.14009824174046,49.00619693002445,45.0
1172.0,49.14009824174046,49.00626689662925,45.0
1173.0,49.14009824174046,49.00633675369585,45.0
1174.0,49.14009824174046,49.00640650150969,45.0
1175.0,49.14009824174046,49.00647614035519,45.0
1176.0,49.14009824174046,49.00654567051572,45.0
1177.0,49.14009824174046,49.00661509227363,45.0
1178.0,49.14009824174046,49.00668440591024,45.0
1179.0,49.14009824174046,49.006753611705854,45.0
1180.0,49.14009824174046,49.00682270993975,45.0
1181.0,49.14009824174046,49.006891700890215,45.0
1182.0,49.14009824174046,49.00696058483449,45.0
1183.0,49.14009824174046,49.00702936204886,45.0
1184.0,49.14009824174046,49.00709803280859,45.0
1185.0,49.14009824174046,49.00716659738794,45.0
1186.0,49.14009824174046,49.00723505606022,45.0
1187.0,49.14009824174046,49.007303409097716,45.0
1188.0,49.14009824174046,49.00737165677176,45.0
1189.0,49.14009824174046,49.00743979935269,45.0
1190.0,49.14009824174046,49.0075078371099,45.0
1191.0,49.14009824174046,49.007575770311796,45.0
1192.0,49.14009824174046,49.00764359922584,45.0
1193.0,49.14009824174046,49.00771132411851,45.0
1194.0,49.14009824174046,49.00777894525535,45.0
1195.0,49.14009824174046,49.00784646290101,45.0
1196.0,49.14009824174046,49.00791387731906,45.0
1197.0,49.14009824174046,49.007981188772284,45.0
1198.0,49.14009824174046,49.008048397522415,45.0
1199.0,49.14009824174046,49.00811550383034,45.0
1200.0,49.14009824174046,49.00818250795593,45.0
