"tick","donation-normed-big","donation-big group","donation-valued-big"
1.0,63.14839461943722,50.00144949638771,50.0
2.0,63.14839461943722,50.00289899277541,50.0
3.0,63.14839461943722,50.004348489163114,50.0
4.0,63.14839461943722,50.005797985550814,50.0
5.0,63.14839461943722,50.00642022561899,50.0
6.0,63.14839461943722,50.018162712607754,50.0
7.0,63.14839461943722,50.05008210161025,50.0
8.0,63.14839461943722,50.13684799671123,50.0
9.0,63.14839461943722,50.37270215269424,50.0
10.0,63.14839461943722,50.99112538316977,50.0
11.0,63.14839461943722,51.01245678288562,50.0
12.0,63.14839461943722,51.03106282288769,50.0
13.0,63.14839461943722,51.047478422359234,50.0
14.0,63.14839461943722,51.06210218297745,50.0
15.0,63.14839461943722,51.0752380297051,50.0
16.0,63.14839461943722,51.08712229077677,50.0
17.0,63.14839461943722,51.097941875323066,50.0
18.0,63.14839461943722,51.107846812685786,50.0
19.0,63.14839461943722,51.1169591101749,50.0
20.0,63.14839461943722,51.12537914209807,50.0
21.0,63.14839461943722,51.13319034407326,50.0
22.0,63.14839461943722,51.14046271948935,50.0
23.0,63.14839461943722,51.14725549774276,50.0
24.0,63.14839461943722,51.153619176545845,50.0
25.0,63.14839461943722,51.1595971101619,50.0
26.0,63.14839461943722,51.16522675824942,50.0
27.0,63.14839461943722,51.17054067782592,50.0
28.0,63.14839461943722,51.175567318549014,50.0
29.0,63.14839461943722,51.18033166580157,50.0
30.0,63.14839461943722,51.18485576484675,50.0
31.0,63.14839461943722,51.18915915120237,50.0
32.0,63.14839461943722,51.193259206439926,50.0
33.0,63.14839461943722,51.197171454214896,50.0
34.0,63.14839461943722,51.20090980804223,50.0
35.0,63.14839461943722,51.20448677984631,50.0
36.0,63.14839461943722,51.20791365641864,50.0
37.0,63.14839461943722,51.211200649461325,50.0
38.0,63.14839461943722,51.21435702376538,50.0
39.0,63.14839461943722,51.21739120719245,50.0
40.0,63.14839461943722,51.220310885436064,50.0
41.0,63.14839461943722,51.22312308399095,50.0
42.0,63.14839461943722,51.22583423932194,50.0
43.0,63.14839461943722,51.22845026087549,50.0
44.0,63.14839461943722,51.230976585293995,50.0
45.0,63.14839461943722,51.23341822396618,50.0
46.0,63.14839461943722,51.23577980486007,50.0
47.0,63.14839461943722,51.23806560943393,50.0
48.0,63.14839461943722,51.24027960529503,50.0
49.0,63.14839461943722,51.24242547517346,50.0
50.0,63.14839461943722,51.244506642692414,50.0
51.0,63.14839461943722,51.246526295345355,50.0
52.0,54.788527089980434,51.2484874050308,50.0
53.0,54.788527089980434,51.245075791900334,50.0
54.0,54.788527089980434,51.2416110045067,50.0
55.0,54.688491152824106,51.23809547101945,50.0
56.0,54.688491152824106,51.23499853648328,50.0
57.0,54.688491152824106,51.23488975827877,50.0
58.0,54.688491152824106,51.19394603715169,50.0
59.0,54.688491152824106,51.078948187799014,50.0
60.0,54.688491152824106,50.76245848601029,50.0
61.0,54.688491152824106,49.90263655706388,50.0
62.0,54.688491152824106,47.64596216483456,50.0
63.0,54.688491152824106,47.59714092780172,50.0
64.0,54.688491152824106,47.606322690093705,50.0
65.0,54.688491152824106,47.74678084367288,50.0
66.0,54.688491152824106,47.70137967108678,50.0
67.0,54.688491152824106,47.66052745974188,50.0
68.0,54.688491152824106,47.62353082488048,50.0
69.0,54.688491152824106,47.58983367476384,50.0
70.0,54.688491152824106,47.558984636299954,50.0
71.0,54.688491152824106,47.53061329294142,50.0
72.0,54.688491152824106,47.50441260935901,50.0
73.0,54.688491152824106,47.48012575550846,50.0
74.0,54.688491152824106,47.457536101380974,50.0
75.0,54.55063183064134,47.436459527463285,50.0
76.0,54.55063183064134,47.416258164674765,50.0
77.0,54.55063183064134,47.397276551240054,50.0
78.0,54.55063183064134,47.379397059631366,50.0
79.0,54.55063183064134,47.36251720143271,50.0
80.0,54.55063183064134,47.34682133100425,50.0
81.0,54.55063183064134,47.32827172891457,50.0
82.0,54.55063183064134,47.30379772319388,50.0
83.0,54.55063183064134,47.26184977405479,50.0
84.0,54.410282429435505,47.1711461613114,50.0
85.0,54.410282429435505,46.95470078179008,50.0
86.0,54.410282429435505,46.93664929592634,50.0
87.0,54.410282429435505,46.9200114456586,50.0
88.0,54.410282429435505,46.90457404039017,50.0
89.0,54.410282429435505,46.88992936366766,50.0
90.0,54.410282429435505,46.87945811773532,50.0
91.0,54.410282429435505,46.87571654532598,50.0
92.0,54.410282429435505,46.88880635073145,50.0
93.0,54.410282429435505,46.94634967646566,50.0
94.0,54.410282429435505,47.116897187362135,50.0
95.0,54.410282429435505,47.11250960171694,50.0
96.0,54.410282429435505,47.107804892475045,50.0
97.0,54.410282429435505,47.102901068814134,50.0
98.0,54.270494363886534,47.097880876185165,50.0
99.0,54.270494363886534,47.09231940324909,50.0
100.0,54.270494363886534,47.08674291652944,50.0
101.0,53.717985992010114,47.08118218897698,50.0
102.0,52.884787499206766,47.075541656220715,50.0
103.0,52.34254304501861,47.070054583094546,50.0
104.0,51.94276963917968,47.05989448771622,50.0
105.0,51.54817999465178,47.04162129301127,50.0
106.0,51.54817999465178,47.00555366896593,50.0
107.0,51.54817999465178,46.91900149618028,50.0
108.0,51.54817999465178,46.702421948042,50.0
109.0,51.54817999465178,46.6712567273027,50.0
110.0,51.54817999465178,46.59660349052435,50.0
111.0,51.54817999465178,46.417133461208024,50.0
112.0,50.4828354725867,46.08465236672755,50.0
113.0,49.97196465269001,44.95448909126926,50.0
114.0,49.97196465269001,44.36671099520597,50.0
115.0,49.97196465269001,44.47656357643279,50.0
116.0,49.97196465269001,44.440916726460216,50.0
117.0,49.97196465269001,44.40937019187545,50.0
118.0,49.97196465269001,44.37096730483823,50.0
119.0,49.97196465269001,44.323778189014966,50.0
120.0,49.83886048296895,44.243106217604655,50.0
121.0,49.83886048296895,44.06798449017605,50.0
122.0,49.83886048296895,43.650693646409074,50.0
123.0,49.83886048296895,43.92773083754104,50.0
124.0,49.83886048296895,43.45994708778951,50.0
125.0,49.83886048296895,43.43827480646151,50.0
126.0,49.83886048296895,43.42100585031413,50.0
127.0,49.83886048296895,43.410473499974344,50.0
128.0,49.83886048296895,43.41604800506834,50.0
129.0,49.83886048296895,43.463434279393844,50.0
130.0,49.83886048296895,43.61648956754051,50.0
131.0,49.83886048296895,43.606804558760295,50.0
132.0,49.83886048296895,43.59710554310116,50.0
133.0,49.83886048296895,43.58747732886826,50.0
134.0,49.83886048296895,43.57797472211714,50.0
135.0,49.83886048296895,43.56863283497162,50.0
136.0,49.83886048296895,43.55947359887511,50.0
137.0,49.83886048296895,43.55050999444109,50.0
138.0,49.83886048296895,43.54174886187831,50.0
139.0,49.83886048296895,43.533192804250696,50.0
140.0,49.83886048296895,43.52484149701517,50.0
141.0,49.83886048296895,43.51669260093259,50.0
142.0,49.83886048296895,43.508742405270844,50.0
143.0,49.83886048296895,43.5009862847574,50.0
144.0,49.83886048296895,43.49341902618003,50.0
145.0,49.83886048296895,43.48603506269592,50.0
146.0,49.83886048296895,43.47882864214098,50.0
147.0,49.83886048296895,43.47179394773945,50.0
148.0,49.83886048296895,43.464925184241366,50.0
149.0,49.83886048296895,43.458216638804544,50.0
150.0,49.703471835032175,43.45166272334876,50.0
151.0,49.703471835032175,43.44564642415156,50.0
152.0,49.703471835032175,43.439774057894745,50.0
153.0,49.703471835032175,43.434040545566035,50.0
154.0,49.703471835032175,43.428440997417646,50.0
155.0,49.703471835032175,43.422749035330504,50.0
156.0,49.703471835032175,43.42016171768064,50.0
157.0,49.703471835032175,43.423101630596165,50.0
158.0,49.703471835032175,43.44085503272242,50.0
159.0,49.703471835032175,43.4986718812287,50.0
160.0,49.703471835032175,43.659114130090046,50.0
161.0,49.703471835032175,43.659658872669155,50.0
162.0,49.57628685587222,43.65957474684897,50.0
163.0,49.46103992223509,43.659392237034744,50.0
164.0,49.23050669050124,43.659215018363184,50.0
165.0,49.23050669050124,43.659512088819994,50.0
166.0,49.23050669050124,43.6595627738176,50.0
167.0,49.23050669050124,43.65919153033564,50.0
168.0,49.23050669050124,43.66143142061423,50.0
169.0,49.23050669050124,43.671525165666026,50.0
170.0,49.23050669050124,43.7077145235586,50.0
171.0,49.23050669050124,43.80962665853103,50.0
172.0,49.129225681520175,44.08424424541645,50.0
173.0,49.129225681520175,44.381760272566936,50.0
174.0,49.129225681520175,44.723794131974216,50.0
175.0,49.129225681520175,44.74271132951276,50.0
176.0,49.129225681520175,44.759059606651164,50.0
177.0,49.129225681520175,44.77309901199207,50.0
178.0,49.129225681520175,44.78843588515344,50.0
179.0,49.129225681520175,44.80780917006544,50.0
180.0,49.129225681520175,44.840843602242586,50.0
181.0,49.129225681520175,44.91327505980652,50.0
182.0,49.129225681520175,45.08856705359696,50.0
183.0,49.129225681520175,45.10115514141525,50.0
184.0,49.129225681520175,45.112328274504314,50.0
185.0,49.129225681520175,45.122313299697105,50.0
186.0,49.129225681520175,45.13128732194402,50.0
187.0,49.129225681520175,45.139391445724115,50.0
188.0,49.129225681520175,45.1467400161882,50.0
189.0,49.129225681520175,45.15342703591159,50.0
190.0,49.129225681520175,45.15953074349734,50.0
191.0,49.129225681520175,45.16511695800694,50.0
192.0,49.129225681520175,45.17024157204728,50.0
193.0,49.129225681520175,45.17495244357002,50.0
194.0,49.129225681520175,45.17929085407809,50.0
195.0,49.129225681520175,45.18329264835963,50.0
196.0,49.129225681520175,45.18698913643623,50.0
197.0,49.129225681520175,45.190407815343036,50.0
198.0,49.129225681520175,45.19357295257629,50.0
199.0,49.129225681520175,45.19650606204949,50.0
200.0,49.129225681520175,45.19922629560948,50.0
201.0,49.129225681520175,45.20175076755637,50.0
202.0,49.129225681520175,45.20409482552207,50.0
203.0,49.129225681520175,45.2062722780377,50.0
204.0,49.129225681520175,45.20829558686086,50.0
205.0,49.129225681520175,45.21017603042168,50.0
206.0,49.129225681520175,45.21192384344369,50.0
207.0,49.129225681520175,45.21354833678674,50.0
208.0,49.129225681520175,45.21505800077741,50.0
209.0,49.129225681520175,45.21646059467905,50.0
210.0,49.129225681520175,45.21776322446716,50.0
211.0,49.129225681520175,45.218972410692544,50.0
212.0,49.129225681520175,45.22009414790263,50.0
213.0,49.129225681520175,45.221133956846145,50.0
214.0,49.129225681520175,45.22209693047976,50.0
215.0,49.129225681520175,45.22298777463601,50.0
216.0,49.129225681520175,45.22381084407198,50.0
217.0,49.129225681520175,45.22457017451031,50.0
218.0,49.129225681520175,45.22526951119143,50.0
219.0,49.129225681520175,45.2259123343783,50.0
220.0,49.129225681520175,45.22650188219251,50.0
221.0,49.129225681520175,45.227041171106414,50.0
222.0,49.129225681520175,45.227533014371254,50.0
223.0,49.129225681520175,45.22798003862251,50.0
224.0,49.129225681520175,45.22838469887256,50.0
225.0,49.129225681520175,45.22874929207208,50.0
226.0,49.129225681520175,45.22907596939939,50.0
227.0,49.129225681520175,45.2293667474162,50.0
228.0,49.129225681520175,45.229623518210644,50.0
229.0,49.129225681520175,45.22984805863526,50.0
230.0,49.129225681520175,45.230042038732705,50.0
231.0,49.129225681520175,45.230207029432606,50.0
232.0,49.129225681520175,45.23034450959228,50.0
233.0,49.129225681520175,45.23045587244675,50.0
234.0,49.129225681520175,45.230542431524675,50.0
235.0,49.129225681520175,45.23060542608225,50.0
236.0,49.129225681520175,45.230646026099755,50.0
237.0,49.129225681520175,45.23066533688259,50.0
238.0,49.129225681520175,45.230664403301546,50.0
239.0,49.129225681520175,45.23064421370645,50.0
240.0,49.129225681520175,45.230605703541734,50.0
241.0,49.129225681520175,45.230549758689655,50.0
242.0,49.129225681520175,45.23047721856613,50.0
243.0,49.129225681520175,45.23038887898865,50.0
244.0,49.129225681520175,45.23028549483756,50.0
245.0,49.129225681520175,45.2301677825262,50.0
246.0,49.129225681520175,45.23003642229688,50.0
247.0,49.129225681520175,45.229892060356285,50.0
248.0,49.129225681520175,45.229735310863504,50.0
249.0,49.129225681520175,45.229566757782315,50.0
250.0,49.129225681520175,45.229386956608494,50.0
251.0,49.129225681520175,45.22919643598178,50.0
252.0,49.129225681520175,45.22899569919134,50.0
253.0,49.129225681520175,45.22878522558294,50.0
254.0,49.129225681520175,45.228565471875264,50.0
255.0,49.129225681520175,45.228336873391875,50.0
256.0,49.129225681520175,45.228099845215176,50.0
257.0,49.129225681520175,45.22785478326825,50.0
258.0,49.129225681520175,45.22760206532943,50.0
259.0,49.129225681520175,45.22734205198455,50.0
260.0,49.129225681520175,45.22707508752121,50.0
261.0,49.129225681520175,45.22680150076947,50.0
262.0,49.129225681520175,45.22652160589167,50.0
263.0,49.129225681520175,45.22623570312671,50.0
264.0,49.129225681520175,45.22594407948941,50.0
265.0,49.129225681520175,45.22564700943017,50.0
266.0,49.129225681520175,45.22534475545643,50.0
267.0,49.129225681520175,45.22503756871867,50.0
268.0,49.129225681520175,45.22472568956316,50.0
269.0,49.129225681520175,45.22440934805399,50.0
270.0,49.129225681520175,45.224088764465996,50.0
271.0,49.129225681520175,45.22376414975055,50.0
272.0,49.129225681520175,45.22343570597578,50.0
273.0,49.129225681520175,45.22310362674305,50.0
274.0,49.129225681520175,45.22276809758114,50.0
275.0,49.129225681520175,45.222429296319326,50.0
276.0,49.129225681520175,45.22208739344055,50.0
277.0,49.129225681520175,45.22174255241653,50.0
278.0,49.129225681520175,45.22139493002487,50.0
279.0,49.129225681520175,45.221044676650216,50.0
280.0,49.129225681520175,45.22069193656977,50.0
281.0,49.129225681520175,45.220336848224235,50.0
282.0,49.129225681520175,45.21997954447531,50.0
283.0,49.129225681520175,45.219620152850084,50.0
284.0,49.129225681520175,45.21925879577302,50.0
285.0,49.129225681520175,45.218895590787206,50.0
286.0,49.129225681520175,45.218530650764016,50.0
287.0,49.129225681520175,45.218164084102824,50.0
288.0,49.129225681520175,45.21779599492126,50.0
289.0,49.129225681520175,45.21742648323586,50.0
290.0,49.129225681520175,45.21705564513458,50.0
291.0,49.129225681520175,45.21668357294088,50.0
292.0,49.129225681520175,45.216310355369906,50.0
293.0,49.129225681520175,45.21593607767782,50.0
294.0,49.129225681520175,45.21556082180381,50.0
295.0,49.129225681520175,45.215184666505664,50.0
296.0,49.129225681520175,45.2148076874892,50.0
297.0,49.129225681520175,45.21442995753153,50.0
298.0,49.129225681520175,45.21405154659913,50.0
299.0,49.129225681520175,45.21367252196023,50.0
300.0,49.129225681520175,45.21329294829238,50.0
301.0,49.129225681520175,45.212912887785194,50.0
302.0,49.129225681520175,45.212532400238445,50.0
303.0,49.129225681520175,45.212151543156,50.0
304.0,49.129225681520175,45.21177037183553,50.0
305.0,49.129225681520175,45.21138893945425,50.0
306.0,49.129225681520175,45.21100729715133,50.0
307.0,49.129225681520175,45.21062549410627,50.0
308.0,49.129225681520175,45.21024357761417,50.0
309.0,49.129225681520175,45.20986159315782,50.0
310.0,49.129225681520175,45.209479584476824,50.0
311.0,49.129225681520175,45.20909759363339,50.0
312.0,49.129225681520175,45.20871566107599,50.0
313.0,49.129225681520175,45.208333825699775,50.0
314.0,49.129225681520175,45.20795212490505,50.0
315.0,49.129225681520175,45.20757059465275,50.0
316.0,49.129225681520175,45.207189269518366,50.0
317.0,49.129225681520175,45.20680818274269,50.0
318.0,49.129225681520175,45.206427366281595,50.0
319.0,49.129225681520175,45.20604685085303,50.0
320.0,49.129225681520175,45.2056666659824,50.0
321.0,49.129225681520175,45.205286840046156,50.0
322.0,49.129225681520175,45.2049074003136,50.0
323.0,49.129225681520175,45.204528372986985,50.0
324.0,49.129225681520175,45.20414978324026,50.0
325.0,49.129225681520175,45.2037716552559,50.0
326.0,49.129225681520175,45.20339401226073,50.0
327.0,49.129225681520175,45.20301687655992,50.0
328.0,49.129225681520175,45.20264026957032,50.0
329.0,49.129225681520175,45.202264211851606,50.0
330.0,49.129225681520175,45.20188872313708,50.0
331.0,49.129225681520175,45.20151382236268,50.0
332.0,49.129225681520175,45.20113952769535,50.0
333.0,49.129225681520175,45.20076585656005,50.0
334.0,49.129225681520175,45.200392825665794,50.0
335.0,49.129225681520175,45.20002045103075,50.0
336.0,49.129225681520175,45.19964874800648,50.0
337.0,49.129225681520175,45.19927773130105,50.0
338.0,49.129225681520175,45.19890741500165,50.0
339.0,49.129225681520175,45.19853781259583,50.0
340.0,49.129225681520175,45.19816893699269,50.0
341.0,49.129225681520175,45.197800800542545,50.0
342.0,49.129225681520175,45.19743341505634,50.0
343.0,49.129225681520175,45.19706679182431,50.0
344.0,49.129225681520175,45.19670094163377,50.0
345.0,49.129225681520175,45.196335874786435,50.0
346.0,49.129225681520175,45.195971601115104,50.0
347.0,49.129225681520175,45.19560812999959,50.0
348.0,49.129225681520175,45.19524547038243,50.0
349.0,49.129225681520175,45.19488363078337,50.0
350.0,49.129225681520175,45.194522619314405,50.0
351.0,49.129225681520175,45.19416244369303,50.0
352.0,49.129225681520175,45.19380311125607,50.0
353.0,49.129225681520175,45.193444628972465,50.0
354.0,49.129225681520175,45.19308700345574,50.0
355.0,49.129225681520175,45.19273024097597,50.0
356.0,49.129225681520175,45.19237434747165,50.0
357.0,49.129225681520175,45.19201932856062,50.0
358.0,49.129225681520175,45.19166518955117,50.0
359.0,49.129225681520175,45.19131193545241,50.0
360.0,49.129225681520175,45.190959570984226,50.0
361.0,49.129225681520175,45.190608100587234,50.0
362.0,49.129225681520175,45.190257528432156,50.0
363.0,49.129225681520175,45.18990785842898,50.0
364.0,49.129225681520175,45.189559094235584,50.0
365.0,49.129225681520175,45.18921123926638,50.0
366.0,49.129225681520175,45.18886429670052,50.0
367.0,49.129225681520175,45.1885182694899,50.0
368.0,49.129225681520175,45.188173160366595,50.0
369.0,49.129225681520175,45.18782897185056,50.0
370.0,49.129225681520175,45.187485706256666,50.0
371.0,49.129225681520175,45.18714336570156,50.0
372.0,49.129225681520175,45.18680195211057,50.0
373.0,49.129225681520175,45.186461467224014,50.0
374.0,49.129225681520175,45.186121912603504,50.0
375.0,49.129225681520175,45.1857832896381,50.0
376.0,49.129225681520175,45.185445599550114,50.0
377.0,49.129225681520175,45.18510884340061,50.0
378.0,49.129225681520175,45.18477302209524,50.0
379.0,49.129225681520175,45.184438136389296,50.0
380.0,49.129225681520175,45.18410418689288,50.0
381.0,49.129225681520175,45.183771174075964,50.0
382.0,49.129225681520175,45.18343909827314,50.0
383.0,49.129225681520175,45.183107959688186,50.0
384.0,49.129225681520175,45.182777758398764,50.0
385.0,49.129225681520175,45.182448494360685,50.0
386.0,49.129225681520175,45.18212016741193,50.0
387.0,49.129225681520175,45.181792777277195,50.0
388.0,49.129225681520175,45.18146632357125,50.0
389.0,49.129225681520175,45.18114080580341,50.0
390.0,49.129225681520175,45.180816223380624,50.0
391.0,49.129225681520175,45.18049257561152,50.0
392.0,49.129225681520175,45.1801698617097,50.0
393.0,49.129225681520175,45.17984808079693,50.0
394.0,49.129225681520175,45.17952723190687,50.0
395.0,49.129225681520175,45.17920731398771,50.0
396.0,49.129225681520175,45.1788883259055,50.0
397.0,49.129225681520175,45.17857026644709,50.0
398.0,49.129225681520175,45.17825313432292,50.0
399.0,49.129225681520175,45.17793692816988,50.0
400.0,49.129225681520175,45.17762164655388,50.0
401.0,49.129225681520175,45.177307287972646,50.0
402.0,49.129225681520175,45.17699385085805,50.0
403.0,49.129225681520175,45.176681333578635,50.0
404.0,49.129225681520175,45.176369734441934,50.0
405.0,49.129225681520175,45.1760590516969,50.0
406.0,49.129225681520175,45.175749283535936,50.0
407.0,49.129225681520175,45.17544042809729,50.0
408.0,49.129225681520175,45.17513248346677,50.0
409.0,49.129225681520175,45.17482544768024,50.0
410.0,49.129225681520175,45.17451931872517,50.0
411.0,49.129225681520175,45.17421409454271,50.0
412.0,49.129225681520175,45.173909773029635,50.0
413.0,49.129225681520175,45.173606352039855,50.0
414.0,49.129225681520175,45.173303829386306,50.0
415.0,49.129225681520175,45.173002202842746,50.0
416.0,49.129225681520175,45.172701470145185,50.0
417.0,49.129225681520175,45.17240162899341,50.0
418.0,49.129225681520175,45.17210267705272,50.0
419.0,49.129225681520175,45.17180461195529,50.0
420.0,49.129225681520175,45.17150743130154,50.0
421.0,49.129225681520175,45.17121113266174,50.0
422.0,49.129225681520175,45.17091571357697,50.0
423.0,49.129225681520175,45.17062117156084,50.0
424.0,49.129225681520175,45.17032750410053,50.0
425.0,49.129225681520175,45.170034708657994,50.0
426.0,49.129225681520175,45.16974278267126,50.0
427.0,49.129225681520175,45.169451723555454,50.0
428.0,49.129225681520175,45.16916152870409,50.0
429.0,49.129225681520175,45.168872195489904,50.0
430.0,49.129225681520175,45.16858372126615,50.0
431.0,49.129225681520175,45.16829610336745,50.0
432.0,49.129225681520175,45.16800933911081,50.0
433.0,49.129225681520175,45.16772342579664,50.0
434.0,49.129225681520175,45.16743836070954,50.0
435.0,49.129225681520175,45.16715414111933,50.0
436.0,49.129225681520175,45.166870764281875,50.0
437.0,49.129225681520175,45.16658822743987,50.0
438.0,49.129225681520175,45.166306527823735,50.0
439.0,49.129225681520175,45.16602566265231,50.0
440.0,49.129225681520175,45.16574562913374,50.0
441.0,49.129225681520175,45.16546642446602,50.0
442.0,49.129225681520175,45.16518804583806,50.0
443.0,49.129225681520175,45.16491049042979,50.0
444.0,49.129225681520175,45.164633755413654,50.0
445.0,49.129225681520175,45.164357837954434,50.0
446.0,49.129225681520175,45.164082735210414,50.0
447.0,49.129225681520175,45.163808444333775,50.0
448.0,49.129225681520175,45.16353496247127,50.0
449.0,49.129225681520175,45.16326228676475,50.0
450.0,49.129225681520175,45.1629904143517,50.0
451.0,49.129225681520175,45.162719342365875,50.0
452.0,49.129225681520175,45.162449067937715,50.0
453.0,49.129225681520175,45.16217958819484,50.0
454.0,49.129225681520175,45.16191090026271,50.0
455.0,49.129225681520175,45.16164300126483,50.0
456.0,49.129225681520175,45.161375888323434,50.0
457.0,49.129225681520175,45.16110955855983,50.0
458.0,49.129225681520175,45.16084400909475,50.0
459.0,49.129225681520175,45.160579237049,50.0
460.0,49.129225681520175,45.16031523954357,50.0
461.0,49.129225681520175,45.16005201370026,50.0
462.0,49.129225681520175,45.15978955664191,50.0
463.0,49.129225681520175,45.15952786549272,50.0
464.0,49.129225681520175,45.15926693737889,50.0
465.0,49.129225681520175,45.15900676942857,50.0
466.0,49.129225681520175,45.15874735877248,50.0
467.0,49.129225681520175,45.158488702544034,50.0
468.0,49.129225681520175,45.15823079787978,50.0
469.0,49.129225681520175,45.157973641919625,50.0
470.0,49.129225681520175,45.157717231807155,50.0
471.0,49.129225681520175,45.15746156468991,50.0
472.0,49.129225681520175,45.157206637719575,50.0
473.0,49.129225681520175,45.156952448052294,50.0
474.0,49.129225681520175,45.15669899284898,50.0
475.0,49.129225681520175,45.156446269275484,50.0
476.0,49.129225681520175,45.15619427450278,50.0
477.0,49.129225681520175,45.155943005707265,50.0
478.0,49.129225681520175,45.15569246007096,50.0
479.0,49.129225681520175,45.1554426347817,50.0
480.0,49.129225681520175,45.15519352703332,50.0
481.0,49.129225681520175,45.15494513402594,50.0
482.0,49.129225681520175,45.154697452965905,50.0
483.0,49.129225681520175,45.15445048106638,50.0
484.0,49.129225681520175,45.15420421554703,50.0
485.0,49.129225681520175,45.153958653634625,50.0
486.0,49.129225681520175,45.15371379256287,50.0
487.0,49.129225681520175,45.1534696295727,50.0
488.0,49.129225681520175,45.15322616191253,50.0
489.0,49.129225681520175,45.15298338683822,50.0
490.0,49.129225681520175,45.152741301613176,50.0
491.0,49.129225681520175,45.15249990350874,50.0
492.0,49.129225681520175,45.15225918980406,50.0
493.0,49.129225681520175,45.15201915778629,50.0
494.0,49.129225681520175,45.15177980475074,50.0
495.0,49.129225681520175,45.15154112800099,50.0
496.0,49.129225681520175,45.151303124848894,50.0
497.0,49.129225681520175,45.151065792614865,50.0
498.0,49.129225681520175,45.15082912862774,50.0
499.0,49.129225681520175,45.150593130225026,50.0
500.0,49.129225681520175,45.150357794753006,50.0
501.0,49.129225681520175,45.150123119566686,50.0
502.0,49.129225681520175,45.14988910203001,50.0
503.0,49.129225681520175,45.14965573951593,50.0
504.0,49.129225681520175,45.149423029406215,50.0
505.0,49.129225681520175,45.14919096909207,50.0
506.0,49.129225681520175,45.148959555973526,50.0
507.0,49.129225681520175,45.148728787460094,50.0
508.0,49.129225681520175,45.14849866097042,50.0
509.0,49.129225681520175,45.148269173932576,50.0
510.0,49.129225681520175,45.148040323784016,50.0
511.0,49.129225681520175,45.147812107971546,50.0
512.0,49.129225681520175,45.14758452395158,50.0
513.0,49.129225681520175,45.14735756918995,50.0
514.0,49.129225681520175,45.14713124116218,50.0
515.0,49.129225681520175,45.14690553735331,50.0
516.0,49.129225681520175,45.14668045525809,50.0
517.0,49.129225681520175,45.146455992380815,50.0
518.0,49.129225681520175,45.14623214623563,50.0
519.0,49.129225681520175,45.146008914346446,50.0
520.0,49.129225681520175,45.14578629424671,50.0
521.0,49.129225681520175,45.14556428347991,50.0
522.0,49.129225681520175,45.14534287959918,50.0
523.0,49.129225681520175,45.145122080167496,50.0
524.0,49.129225681520175,45.14490188275776,50.0
525.0,49.129225681520175,45.14468228495268,50.0
526.0,49.129225681520175,45.14446328434476,50.0
527.0,49.129225681520175,45.144244878536455,50.0
528.0,49.129225681520175,45.144027065140136,50.0
529.0,49.129225681520175,45.143809841778065,50.0
530.0,49.129225681520175,45.14359320608237,50.0
531.0,49.129225681520175,45.14337715569507,50.0
532.0,49.129225681520175,45.143161688268194,50.0
533.0,49.129225681520175,45.14294680146355,50.0
534.0,49.129225681520175,45.14273249295298,50.0
535.0,49.129225681520175,45.142518760418135,50.0
536.0,49.129225681520175,45.142305601550696,50.0
537.0,49.129225681520175,45.142093014052165,50.0
538.0,49.129225681520175,45.14188099563391,50.0
539.0,49.129225681520175,45.141669544017304,50.0
540.0,49.129225681520175,45.141458656933494,50.0
541.0,49.129225681520175,45.1412483321236,50.0
542.0,49.129225681520175,45.1410385673385,50.0
543.0,49.129225681520175,45.14082936033899,50.0
544.0,49.129225681520175,45.14062070889576,50.0
545.0,49.129225681520175,45.14041261078924,50.0
546.0,49.129225681520175,45.140205063809645,50.0
547.0,49.129225681520175,45.13999806575715,50.0
548.0,49.129225681520175,45.13979161444149,50.0
549.0,49.129225681520175,45.13958570768236,50.0
550.0,49.129225681520175,45.139380343309085,50.0
551.0,49.129225681520175,45.13917551916075,50.0
552.0,49.129225681520175,45.138971233086174,50.0
553.0,49.129225681520175,45.13876748294379,50.0
554.0,49.129225681520175,45.138564266601826,50.0
555.0,49.129225681520175,45.138361581937986,50.0
556.0,49.129225681520175,45.13815942683966,50.0
557.0,49.129225681520175,45.13795779920395,50.0
558.0,49.129225681520175,45.13775669693734,50.0
559.0,49.129225681520175,45.13755611795601,50.0
560.0,49.129225681520175,45.13735606018553,50.0
561.0,49.129225681520175,45.13715652156114,50.0
562.0,49.129225681520175,45.136957500027364,50.0
563.0,49.129225681520175,45.136758993538315,50.0
564.0,49.129225681520175,45.13656100005732,50.0
565.0,49.129225681520175,45.13636351755744,50.0
566.0,49.129225681520175,45.13616654402073,50.0
567.0,49.129225681520175,45.13597007743877,50.0
568.0,49.129225681520175,45.13577411581241,50.0
569.0,49.129225681520175,45.135578657151754,50.0
570.0,49.129225681520175,45.13538369947611,50.0
571.0,49.129225681520175,45.135189240814036,50.0
572.0,49.129225681520175,45.13499527920335,50.0
573.0,49.129225681520175,45.13480181269081,50.0
574.0,49.129225681520175,45.13460883933246,50.0
575.0,49.129225681520175,45.13441635719336,50.0
576.0,49.129225681520175,45.13422436434761,50.0
577.0,49.129225681520175,45.134032858878456,50.0
578.0,49.129225681520175,45.13384183887785,50.0
579.0,49.129225681520175,45.13365130244701,50.0
580.0,49.129225681520175,45.1334612476958,50.0
581.0,49.129225681520175,45.133271672743206,50.0
582.0,49.129225681520175,45.133082575716834,50.0
583.0,49.129225681520175,45.13289395475331,50.0
584.0,49.129225681520175,45.1327058079979,50.0
585.0,49.129225681520175,45.13251813360464,50.0
586.0,49.129225681520175,45.1323309297364,50.0
587.0,49.129225681520175,45.13214419456455,50.0
588.0,49.129225681520175,45.13195792626913,50.0
589.0,49.129225681520175,45.13177212303891,50.0
590.0,49.129225681520175,45.131586783071135,50.0
591.0,49.129225681520175,45.1314019045716,50.0
592.0,49.129225681520175,45.131217485754576,50.0
593.0,49.129225681520175,45.13103352484288,50.0
594.0,49.129225681520175,45.130850020067655,50.0
595.0,49.129225681520175,45.1306669696684,50.0
596.0,49.129225681520175,45.13048437189318,50.0
597.0,49.129225681520175,45.13030222499817,50.0
598.0,49.129225681520175,45.13012052724799,50.0
599.0,49.129225681520175,45.129939276915266,50.0
600.0,49.129225681520175,45.12975847228106,50.0
601.0,49.129225681520175,45.12957811163456,50.0
602.0,49.129225681520175,45.12939819327302,50.0
603.0,49.129225681520175,45.129218715501885,50.0
604.0,49.129225681520175,45.12903967663455,50.0
605.0,49.129225681520175,45.128861074992535,50.0
606.0,49.129225681520175,45.12868290890533,50.0
607.0,49.129225681520175,45.12850517671036,50.0
608.0,49.129225681520175,45.128327876752955,50.0
609.0,49.129225681520175,45.128151007386386,50.0
610.0,49.129225681520175,45.12797456697169,50.0
611.0,49.129225681520175,45.12779855387781,50.0
612.0,49.129225681520175,45.12762296648132,50.0
613.0,49.129225681520175,45.12744780316667,50.0
614.0,49.129225681520175,45.12727306232589,50.0
615.0,49.129225681520175,45.127098742358754,50.0
616.0,49.129225681520175,45.12692484167266,50.0
617.0,49.129225681520175,45.12675135868258,50.0
618.0,49.129225681520175,45.12657829181094,50.0
619.0,49.129225681520175,45.12640563948788,50.0
620.0,49.129225681520175,45.12623340015088,50.0
621.0,49.129225681520175,45.126061572244836,50.0
622.0,49.129225681520175,45.12589015422216,50.0
623.0,49.129225681520175,45.125719144542565,50.0
624.0,49.129225681520175,45.125548541673155,50.0
625.0,49.129225681520175,45.12537834408828,50.0
626.0,49.129225681520175,45.125208550269555,50.0
627.0,49.129225681520175,45.1250391587059,50.0
628.0,49.129225681520175,45.124870167893285,50.0
629.0,49.129225681520175,45.12470157633499,50.0
630.0,49.129225681520175,45.12453338254127,50.0
631.0,49.129225681520175,45.12436558502963,50.0
632.0,49.129225681520175,45.12419818232447,50.0
633.0,49.129225681520175,45.124031172957295,50.0
634.0,49.129225681520175,45.12386455546657,50.0
635.0,49.129225681520175,45.12369832839769,50.0
636.0,49.129225681520175,45.12353249030302,50.0
637.0,49.129225681520175,45.12336703974162,50.0
638.0,49.129225681520175,45.12320197527968,50.0
639.0,49.129225681520175,45.123037295489915,50.0
640.0,49.129225681520175,45.12287299895202,50.0
641.0,49.129225681520175,45.12270908425225,50.0
642.0,49.129225681520175,45.12254554998374,50.0
643.0,49.129225681520175,45.12238239474611,50.0
644.0,49.129225681520175,45.12221961714587,50.0
645.0,49.129225681520175,45.12205721579572,50.0
646.0,49.129225681520175,45.12189518931535,50.0
647.0,49.129225681520175,45.121733536330815,50.0
648.0,49.129225681520175,45.12157225547453,50.0
649.0,49.129225681520175,45.12141134538566,50.0
650.0,49.129225681520175,45.121250804709554,50.0
651.0,49.129225681520175,45.12109063209803,50.0
652.0,49.129225681520175,45.120930826209324,50.0
653.0,49.129225681520175,45.120771385708025,50.0
654.0,49.129225681520175,45.120612309264835,50.0
655.0,49.129225681520175,45.12045359555703,50.0
656.0,49.129225681520175,45.12029524326778,50.0
657.0,49.129225681520175,45.120137251086774,50.0
658.0,49.129225681520175,45.1199796177096,50.0
659.0,49.129225681520175,45.119822341838145,50.0
660.0,49.129225681520175,45.119665422180354,50.0
661.0,49.129225681520175,45.11950885745027,50.0
662.0,49.129225681520175,45.11935264636797,50.0
663.0,49.129225681520175,45.11919678765948,50.0
664.0,49.129225681520175,45.119041280056884,50.0
665.0,49.129225681520175,45.118886122298164,50.0
666.0,49.129225681520175,45.11873131312725,50.0
667.0,49.129225681520175,45.118576851293916,50.0
668.0,49.129225681520175,45.11842273555383,50.0
669.0,49.129225681520175,45.11826896466849,50.0
670.0,49.129225681520175,45.11811553740509,50.0
671.0,49.129225681520175,45.11796245253672,50.0
672.0,49.129225681520175,45.117809708842145,50.0
673.0,49.129225681520175,45.11765730510578,50.0
674.0,49.129225681520175,45.117505240117744,50.0
675.0,49.129225681520175,45.11735351267382,50.0
676.0,49.129225681520175,45.11720212157543,50.0
677.0,49.129225681520175,45.11705106562952,50.0
678.0,49.129225681520175,45.116900343648595,50.0
679.0,49.129225681520175,45.1167499544506,50.0
680.0,49.129225681520175,45.11659989685913,50.0
681.0,49.129225681520175,45.11645016970322,50.0
682.0,49.129225681520175,45.11630077181721,50.0
683.0,49.129225681520175,45.11615170204097,50.0
684.0,49.129225681520175,45.11600295921969,50.0
685.0,49.129225681520175,45.11585454220394,50.0
686.0,49.129225681520175,45.11570644984958,50.0
687.0,49.129225681520175,45.11555868101777,50.0
688.0,49.129225681520175,45.115411234574914,50.0
689.0,49.129225681520175,45.11526410939269,50.0
690.0,49.129225681520175,45.11511730434797,50.0
691.0,49.129225681520175,45.11497081832279,50.0
692.0,49.129225681520175,45.114824650204376,50.0
693.0,49.129225681520175,45.114678798884945,50.0
694.0,49.129225681520175,45.11453326326209,50.0
695.0,49.129225681520175,45.1143880422382,50.0
696.0,49.129225681520175,45.114243134720795,50.0
697.0,49.129225681520175,45.11409853962242,50.0
698.0,49.129225681520175,45.11395425586068,50.0
699.0,49.129225681520175,45.11381028235801,50.0
700.0,49.129225681520175,45.11366661804189,50.0
701.0,49.129225681520175,45.113523261844584,50.0
702.0,49.129225681520175,45.113380212703426,50.0
703.0,49.129225681520175,45.11323746956038,50.0
704.0,49.129225681520175,45.11309503136246,50.0
705.0,49.129225681520175,45.11295289706141,50.0
706.0,49.129225681520175,45.112811065613634,50.0
707.0,49.129225681520175,45.11266953598045,50.0
708.0,49.129225681520175,45.1125283071278,50.0
709.0,49.129225681520175,45.112387378026476,50.0
710.0,49.129225681520175,45.11224674765168,50.0
711.0,49.129225681520175,45.11210641498356,50.0
712.0,49.129225681520175,45.11196637900677,50.0
713.0,49.129225681520175,45.11182663871052,50.0
714.0,49.129225681520175,45.111687193088564,50.0
715.0,49.129225681520175,45.111548041139486,50.0
716.0,49.129225681520175,45.11140918186603,50.0
717.0,49.129225681520175,45.111270614275675,50.0
718.0,49.129225681520175,45.1111323373804,50.0
719.0,49.129225681520175,45.11099435019645,50.0
720.0,49.129225681520175,45.110856651744726,50.0
721.0,49.129225681520175,45.11071924105036,50.0
722.0,49.129225681520175,45.11058211714304,50.0
723.0,49.129225681520175,45.11044527905667,50.0
724.0,49.129225681520175,45.110308725829626,50.0
725.0,49.129225681520175,45.110172456504436,50.0
726.0,49.129225681520175,45.110036470128044,50.0
727.0,49.129225681520175,45.10990076575168,50.0
728.0,49.129225681520175,45.10976534243073,50.0
729.0,49.129225681520175,45.109630199224924,50.0
730.0,49.129225681520175,45.10949533519809,50.0
731.0,49.129225681520175,45.10936074941827,50.0
732.0,49.129225681520175,45.1092264409577,50.0
733.0,49.129225681520175,45.10909240889276,50.0
734.0,49.129225681520175,45.10895865230383,50.0
735.0,49.129225681520175,45.1088251702755,50.0
736.0,49.129225681520175,45.108691961896454,50.0
737.0,49.129225681520175,45.108559026259314,50.0
738.0,49.129225681520175,45.108426362460825,50.0
739.0,49.129225681520175,45.10829396960162,50.0
740.0,49.129225681520175,45.10816184678651,50.0
741.0,49.129225681520175,45.10802999312405,50.0
742.0,49.129225681520175,45.107898407726914,50.0
743.0,49.129225681520175,45.107767089711686,50.0
744.0,49.129225681520175,45.10763603819871,50.0
745.0,49.129225681520175,45.10750525231228,50.0
746.0,49.129225681520175,45.10737473118067,50.0
747.0,49.129225681520175,45.1072444739358,50.0
748.0,49.129225681520175,45.107114479713566,50.0
749.0,49.129225681520175,45.106984747653605,50.0
750.0,49.129225681520175,45.10685527689929,50.0
751.0,49.129225681520175,45.10672606659785,50.0
752.0,49.129225681520175,45.10659711590015,50.0
753.0,49.129225681520175,45.10646842396084,50.0
754.0,49.129225681520175,45.10633998993825,50.0
755.0,49.129225681520175,45.10621181299442,50.0
756.0,49.129225681520175,45.10608389229498,50.0
757.0,49.129225681520175,45.105956227009294,50.0
758.0,49.129225681520175,45.10582881631034,50.0
759.0,49.129225681520175,45.10570165937455,50.0
760.0,49.129225681520175,45.10557475538218,50.0
761.0,49.129225681520175,45.10544810351683,50.0
762.0,49.129225681520175,45.10532170296578,50.0
763.0,49.129225681520175,45.105195552919824,50.0
764.0,49.129225681520175,45.105069652573235,50.0
765.0,49.129225681520175,45.104944001123755,50.0
766.0,49.129225681520175,45.10481859777271,50.0
767.0,49.129225681520175,45.10469344172472,50.0
768.0,49.129225681520175,45.104568532187976,50.0
769.0,49.129225681520175,45.104443868374,50.0
770.0,49.129225681520175,45.1043194494978,50.0
771.0,49.129225681520175,45.104195274777695,50.0
772.0,49.129225681520175,45.10407134343538,50.0
773.0,49.129225681520175,45.10394765469595,50.0
774.0,49.129225681520175,45.103824207787774,50.0
775.0,49.129225681520175,45.10370100194258,50.0
776.0,49.129225681520175,45.103578036395305,50.0
777.0,49.129225681520175,45.1034553103843,50.0
778.0,49.129225681520175,45.10333282315105,50.0
779.0,49.129225681520175,45.10321057394033,50.0
780.0,49.129225681520175,45.10308856200021,50.0
781.0,49.129225681520175,45.10296678658188,50.0
782.0,49.129225681520175,45.102845246939744,50.0
783.0,49.129225681520175,45.10272394233143,50.0
784.0,49.129225681520175,45.10260287201761,50.0
785.0,49.129225681520175,45.1024820352623,50.0
786.0,49.129225681520175,45.102361431332426,50.0
787.0,49.129225681520175,45.10224105949822,50.0
788.0,49.129225681520175,45.10212091903282,50.0
789.0,49.129225681520175,45.1020010092126,50.0
790.0,49.129225681520175,45.10188132931694,50.0
791.0,49.129225681520175,45.10176187862824,50.0
792.0,49.129225681520175,45.101642656432006,50.0
793.0,49.129225681520175,45.101523662016625,50.0
794.0,49.129225681520175,45.10140489467372,50.0
795.0,49.129225681520175,45.10128635369765,50.0
796.0,49.129225681520175,45.10116803838586,50.0
797.0,49.129225681520175,45.101049948038764,50.0
798.0,49.129225681520175,45.10093208195965,50.0
799.0,49.129225681520175,45.10081443945482,50.0
800.0,49.129225681520175,45.1006970198334,50.0
801.0,49.129225681520175,45.10057982240745,50.0
802.0,49.129225681520175,45.10046284649197,50.0
803.0,49.129225681520175,45.100346091404674,50.0
804.0,49.129225681520175,45.100229556466275,50.0
805.0,49.129225681520175,45.10011324100023,50.0
806.0,49.129225681520175,45.09999714433288,50.0
807.0,49.129225681520175,45.0998812657933,50.0
808.0,49.129225681520175,45.099765604713454,50.0
809.0,49.129225681520175,45.09965016042796,50.0
810.0,49.129225681520175,45.0995349322743,50.0
811.0,49.129225681520175,45.09941991959266,50.0
812.0,49.129225681520175,45.099305121726026,50.0
813.0,49.129225681520175,45.09919053802003,50.0
814.0,49.129225681520175,45.09907616782306,50.0
815.0,49.129225681520175,45.09896201048607,50.0
816.0,49.129225681520175,45.09884806536294,50.0
817.0,49.129225681520175,45.098734331809965,50.0
818.0,49.129225681520175,45.098620809186315,50.0
819.0,49.129225681520175,45.09850749685361,50.0
820.0,49.129225681520175,45.0983943941762,50.0
821.0,49.129225681520175,45.09828150052104,50.0
822.0,49.129225681520175,45.098168815257644,50.0
823.0,49.129225681520175,45.09805633775818,50.0
824.0,49.129225681520175,45.097944067397286,50.0
825.0,49.129225681520175,45.09783200355224,50.0
826.0,49.129225681520175,45.09772014560288,50.0
827.0,49.129225681520175,45.09760849293154,50.0
828.0,49.129225681520175,45.09749704492306,50.0
829.0,49.129225681520175,45.09738580096485,50.0
830.0,49.129225681520175,45.09727476044675,50.0
831.0,49.129225681520175,45.09716392276114,50.0
832.0,49.129225681520175,45.0970532873029,50.0
833.0,49.129225681520175,45.09694285346917,50.0
834.0,49.129225681520175,45.096832620659825,50.0
835.0,49.129225681520175,45.09672258827696,50.0
836.0,49.129225681520175,45.09661275572519,50.0
837.0,49.129225681520175,45.09650312241148,50.0
838.0,49.129225681520175,45.096393687745305,50.0
839.0,49.129225681520175,45.09628445113834,50.0
840.0,49.129225681520175,45.09617541200487,50.0
841.0,49.129225681520175,45.0960665697613,50.0
842.0,49.129225681520175,45.09595792382658,50.0
843.0,49.129225681520175,45.09584947362188,50.0
844.0,49.129225681520175,45.09574121857076,50.0
845.0,49.129225681520175,45.09563315809909,50.0
846.0,49.129225681520175,45.09552529163501,50.0
847.0,49.129225681520175,45.095417618608934,50.0
848.0,49.129225681520175,45.09531013845364,50.0
849.0,49.129225681520175,45.09520285060414,50.0
850.0,49.129225681520175,45.09509575449764,50.0
851.0,49.129225681520175,45.0949888495737,50.0
852.0,49.129225681520175,45.094882135274055,50.0
853.0,49.129225681520175,45.09477561104265,50.0
854.0,49.129225681520175,45.09466927632566,50.0
855.0,49.129225681520175,45.094563130571544,50.0
856.0,49.129225681520175,45.094457173230815,50.0
857.0,49.129225681520175,45.09435140375621,50.0
858.0,49.129225681520175,45.09424582160282,50.0
859.0,49.129225681520175,45.09414042622754,50.0
860.0,49.129225681520175,45.09403521708974,50.0
861.0,49.129225681520175,45.093930193650685,50.0
862.0,49.129225681520175,45.093825355374044,50.0
863.0,49.129225681520175,45.09372070172532,50.0
864.0,49.129225681520175,45.0936162321723,50.0
865.0,49.129225681520175,45.09351194618477,50.0
866.0,49.129225681520175,45.09340784323476,50.0
867.0,49.129225681520175,45.093303922796096,50.0
868.0,49.129225681520175,45.093200184345044,50.0
869.0,49.129225681520175,45.093096627359536,50.0
870.0,49.129225681520175,45.092993251319875,50.0
871.0,49.129225681520175,45.092890055708175,50.0
872.0,49.129225681520175,45.09278704000877,50.0
873.0,49.129225681520175,45.092684203707776,50.0
874.0,49.129225681520175,45.0925815462935,50.0
875.0,49.129225681520175,45.09247906725624,50.0
876.0,49.129225681520175,45.092376766088194,50.0
877.0,49.129225681520175,45.09227464228359,50.0
878.0,49.129225681520175,45.09217269533855,50.0
879.0,49.129225681520175,45.09207092475133,50.0
880.0,49.129225681520175,45.09196933002194,50.0
881.0,49.129225681520175,45.091867910652425,50.0
882.0,49.129225681520175,45.091766666146796,50.0
883.0,49.129225681520175,45.09166559601088,50.0
884.0,49.129225681520175,45.09156469975246,50.0
885.0,49.129225681520175,45.09146397688134,50.0
886.0,49.129225681520175,45.09136342690896,50.0
887.0,49.129225681520175,45.09126304934889,50.0
888.0,49.129225681520175,45.09116284371651,50.0
889.0,49.129225681520175,45.09106280952894,50.0
890.0,49.129225681520175,45.09096294630535,50.0
891.0,49.129225681520175,45.090863253566596,50.0
892.0,49.129225681520175,45.09076373083544,50.0
893.0,49.129225681520175,45.09066437763655,50.0
894.0,49.129225681520175,45.09056519349627,50.0
895.0,49.129225681520175,45.090466177942815,50.0
896.0,49.129225681520175,45.090367330506254,50.0
897.0,49.129225681520175,45.09026865071843,50.0
898.0,49.129225681520175,45.090170138112896,50.0
899.0,49.129225681520175,45.090071792225146,50.0
900.0,49.129225681520175,45.08997361259226,50.0
901.0,49.129225681520175,45.08987559875319,50.0
902.0,49.129225681520175,45.089777750248615,50.0
903.0,49.129225681520175,45.08968006662095,50.0
904.0,49.129225681520175,45.089582547414395,50.0
905.0,49.129225681520175,45.08948519217479,50.0
906.0,49.129225681520175,45.08938800044978,50.0
907.0,49.129225681520175,45.08929097178865,50.0
908.0,49.129225681520175,45.08919410574248,50.0
909.0,49.129225681520175,45.089097401863974,50.0
910.0,49.129225681520175,45.08900085970755,50.0
911.0,49.129225681520175,45.08890447882927,50.0
912.0,49.129225681520175,45.08880825878692,50.0
913.0,49.129225681520175,45.088712199139906,50.0
914.0,49.129225681520175,45.088616299449335,50.0
915.0,49.129225681520175,45.08852055927797,50.0
916.0,49.129225681520175,45.088424978190126,50.0
917.0,49.129225681520175,45.08832955575183,50.0
918.0,49.129225681520175,45.08823429153069,50.0
919.0,49.129225681520175,45.08813918509603,50.0
920.0,49.129225681520175,45.088044236018625,50.0
921.0,49.129225681520175,45.08794944387105,50.0
922.0,49.129225681520175,45.08785480822725,50.0
923.0,49.129225681520175,45.08776032866292,50.0
924.0,49.129225681520175,45.0876660047553,50.0
925.0,49.129225681520175,45.08757183608317,50.0
926.0,49.129225681520175,45.0874778222269,50.0
927.0,49.129225681520175,45.08738396276843,50.0
928.0,49.129225681520175,45.08729025729121,50.0
929.0,49.129225681520175,45.08719670538029,50.0
930.0,49.129225681520175,45.08710330662222,50.0
931.0,49.129225681520175,45.08701006060508,50.0
932.0,49.129225681520175,45.08691696691846,50.0
933.0,49.129225681520175,45.086824025153454,50.0
934.0,49.129225681520175,45.086731234902835,50.0
935.0,49.129225681520175,45.086638595760576,50.0
936.0,49.129225681520175,45.08654610732243,50.0
937.0,49.129225681520175,45.08645376918539,50.0
938.0,49.129225681520175,45.08636158094816,50.0
939.0,49.129225681520175,45.086269542210786,50.0
940.0,49.129225681520175,45.086177652574754,50.0
941.0,49.129225681520175,45.0860859116431,50.0
942.0,49.129225681520175,45.08599431902031,50.0
943.0,49.129225681520175,45.085902874312254,50.0
944.0,49.129225681520175,45.08581157712626,50.0
945.0,49.129225681520175,45.08572042707108,50.0
946.0,49.129225681520175,45.085629423756984,50.0
947.0,49.129225681520175,45.08553856679555,50.0
948.0,49.129225681520175,45.08544785579978,50.0
949.0,49.129225681520175,45.0853572903842,50.0
950.0,49.129225681520175,45.08526687016458,50.0
951.0,49.129225681520175,45.085176594758224,50.0
952.0,49.129225681520175,45.085086463783675,50.0
953.0,49.129225681520175,45.084996476861015,50.0
954.0,49.129225681520175,45.08490663361161,50.0
955.0,49.129225681520175,45.08481693365818,50.0
956.0,49.129225681520175,45.084727376624926,50.0
957.0,49.129225681520175,45.084637962137265,50.0
958.0,49.129225681520175,45.08454868982199,50.0
959.0,49.129225681520175,45.08445955930736,50.0
960.0,49.129225681520175,45.084370570222816,50.0
961.0,49.129225681520175,45.0842817221992,50.0
962.0,49.129225681520175,45.08419301486873,50.0
963.0,49.129225681520175,45.08410444786488,50.0
964.0,49.129225681520175,45.0840160208224,50.0
965.0,49.129225681520175,45.083927733377486,50.0
966.0,49.129225681520175,45.08383958516752,50.0
967.0,49.129225681520175,45.0837515758312,50.0
968.0,49.129225681520175,45.083663705008554,50.0
969.0,49.129225681520175,45.08357597234087,50.0
970.0,49.129225681520175,45.083488377470665,50.0
971.0,49.129225681520175,45.08340092004187,50.0
972.0,49.129225681520175,45.08331359969952,50.0
973.0,49.129225681520175,45.083226416090035,50.0
974.0,49.129225681520175,45.08313936886107,50.0
975.0,49.129225681520175,45.083052457661424,50.0
976.0,49.129225681520175,45.0829656821413,50.0
977.0,49.129225681520175,45.08287904195205,50.0
978.0,49.129225681520175,45.08279253674624,50.0
979.0,49.129225681520175,45.082706166177715,50.0
980.0,49.129225681520175,45.082619929901576,50.0
981.0,49.129225681520175,45.08253382757399,50.0
982.0,49.129225681520175,45.08244785885257,50.0
983.0,49.129225681520175,45.08236202339594,50.0
984.0,49.129225681520175,45.082276320863976,50.0
985.0,49.129225681520175,45.08219075091783,50.0
986.0,49.129225681520175,45.08210531321974,50.0
987.0,49.129225681520175,45.082020007433215,50.0
988.0,49.129225681520175,45.081934833222824,50.0
989.0,49.129225681520175,45.081849790254466,50.0
990.0,49.129225681520175,45.08176487819514,50.0
991.0,49.129225681520175,45.08168009671292,50.0
992.0,49.129225681520175,45.08159544547717,50.0
993.0,49.129225681520175,45.08151092415844,50.0
994.0,49.129225681520175,45.081426532428296,50.0
995.0,49.129225681520175,45.08134226995948,50.0
996.0,49.129225681520175,45.08125813642589,50.0
997.0,49.129225681520175,45.08117413150264,50.0
998.0,49.129225681520175,45.08109025486585,50.0
999.0,49.129225681520175,45.081006506192864,50.0
1000.0,49.129225681520175,45.080922885162046,50.0
1001.0,49.129225681520175,45.080839391452926,50.0
1002.0,49.129225681520175,45.08075602474624,50.0
1003.0,49.129225681520175,45.08067278472364,50.0
1004.0,49.129225681520175,45.080589671067955,50.0
1005.0,49.129225681520175,45.080506683463284,50.0
1006.0,49.129225681520175,45.08042382159449,50.0
1007.0,49.129225681520175,45.08034108514775,50.0
1008.0,49.129225681520175,45.08025847381029,50.0
1009.0,49.129225681520175,45.080175987270394,50.0
1010.0,49.129225681520175,45.080093625217415,50.0
1011.0,49.129225681520175,45.080011387341685,50.0
1012.0,49.129225681520175,45.07992927333484,50.0
1013.0,49.129225681520175,45.07984728288925,50.0
1014.0,49.129225681520175,45.0797654156986,50.0
1015.0,49.129225681520175,45.07968367145756,50.0
1016.0,49.129225681520175,45.07960204986174,50.0
1017.0,49.129225681520175,45.079520550607924,50.0
1018.0,49.129225681520175,45.07943917339384,50.0
1019.0,49.129225681520175,45.079357917918294,50.0
1020.0,49.129225681520175,45.07927678388105,50.0
1021.0,49.129225681520175,45.07919577098309,50.0
1022.0,49.129225681520175,45.079114878926084,50.0
1023.0,49.129225681520175,45.079034107413065,50.0
1024.0,49.129225681520175,45.07895345614783,50.0
1025.0,49.129225681520175,45.07887292483526,50.0
1026.0,49.129225681520175,45.07879251318126,50.0
1027.0,49.129225681520175,45.07871222089275,50.0
1028.0,49.129225681520175,45.07863204767751,50.0
1029.0,49.129225681520175,45.07855199324454,50.0
1030.0,49.129225681520175,45.07847205730352,50.0
1031.0,49.129225681520175,45.0783922395654,50.0
1032.0,49.129225681520175,45.0783125397419,50.0
1033.0,49.129225681520175,45.07823295754582,50.0
1034.0,49.129225681520175,45.078153492690916,50.0
1035.0,49.129225681520175,45.078074144891865,50.0
1036.0,49.129225681520175,45.07799491386432,50.0
1037.0,49.129225681520175,45.07791579932489,50.0
1038.0,49.129225681520175,45.07783680099114,50.0
1039.0,49.129225681520175,45.07775791858157,50.0
1040.0,49.129225681520175,45.07767915181564,50.0
1041.0,49.129225681520175,45.07760050041377,50.0
1042.0,49.129225681520175,45.07752196409719,50.0
1043.0,49.129225681520175,45.077443542588234,50.0
1044.0,49.129225681520175,45.07736523561007,50.0
1045.0,49.129225681520175,45.077287042886745,50.0
1046.0,49.129225681520175,45.07720896414338,50.0
1047.0,49.129225681520175,45.07713099910583,50.0
1048.0,49.129225681520175,45.07705314750094,50.0
1049.0,49.129225681520175,45.076975409056516,50.0
1050.0,49.129225681520175,45.076897783501124,50.0
1051.0,49.129225681520175,45.076820270564404,50.0
1052.0,49.129225681520175,45.076742869976805,50.0
1053.0,49.129225681520175,45.076665581469605,50.0
1054.0,49.129225681520175,45.07658840477511,50.0
1055.0,49.129225681520175,45.07651133962639,50.0
1056.0,49.129225681520175,45.076434385757466,50.0
1057.0,49.129225681520175,45.07635754290317,50.0
1058.0,49.129225681520175,45.07628081079932,50.0
1059.0,49.129225681520175,45.07620418918247,50.0
1060.0,49.129225681520175,45.0761276777901,50.0
1061.0,49.129225681520175,45.07605127636064,50.0
1062.0,49.129225681520175,45.07597498463321,50.0
1063.0,49.129225681520175,45.07589880234791,50.0
1064.0,49.129225681520175,45.07582272924563,50.0
1065.0,49.129225681520175,45.075746765068146,50.0
1066.0,49.129225681520175,45.07567090955803,50.0
1067.0,49.129225681520175,45.075595162458775,50.0
1068.0,49.129225681520175,45.075519523514686,50.0
1069.0,49.129225681520175,45.07544399247083,50.0
1070.0,49.129225681520175,45.07536856907316,50.0
1071.0,49.129225681520175,45.07529325306845,50.0
1072.0,49.129225681520175,45.07521804420434,50.0
1073.0,49.129225681520175,45.07514294222919,50.0
1074.0,49.129225681520175,45.07506794689234,50.0
1075.0,49.129225681520175,45.074993057943765,50.0
1076.0,49.129225681520175,45.07491827513435,50.0
1077.0,49.129225681520175,45.074843598215786,50.0
1078.0,49.129225681520175,45.07476902694045,50.0
1079.0,49.129225681520175,45.07469456106176,50.0
1080.0,49.129225681520175,45.07462020033374,50.0
1081.0,49.129225681520175,45.07454594451117,50.0
1082.0,49.129225681520175,45.074471793349794,50.0
1083.0,49.129225681520175,45.07439774660609,50.0
1084.0,49.129225681520175,45.07432380403721,50.0
1085.0,49.129225681520175,45.07424996540123,50.0
1086.0,49.129225681520175,45.0741762304569,50.0
1087.0,49.129225681520175,45.07410259896378,50.0
1088.0,49.129225681520175,45.07402907068224,50.0
1089.0,49.129225681520175,45.07395564537336,50.0
1090.0,49.129225681520175,45.07388232279903,50.0
1091.0,49.129225681520175,45.07380910272182,50.0
1092.0,49.129225681520175,45.073735984905205,50.0
1093.0,49.129225681520175,45.07366296911332,50.0
1094.0,49.129225681520175,45.073590055111005,50.0
1095.0,49.129225681520175,45.07351724266395,50.0
1096.0,49.129225681520175,45.07344453153856,50.0
1097.0,49.129225681520175,45.07337192150201,50.0
1098.0,49.129225681520175,45.073299412322115,50.0
1099.0,49.129225681520175,45.073227003767514,50.0
1100.0,49.129225681520175,45.073154695607606,50.0
1101.0,49.129225681520175,45.073082487612425,50.0
1102.0,49.129225681520175,45.073010379552805,50.0
1103.0,49.129225681520175,45.0729383712003,50.0
1104.0,49.129225681520175,45.0728664623272,50.0
1105.0,49.129225681520175,45.07279465270641,50.0
1106.0,49.129225681520175,45.07272294211176,50.0
1107.0,49.129225681520175,45.07265133031754,50.0
1108.0,49.129225681520175,45.072579817099,50.0
1109.0,49.129225681520175,45.07250840223183,50.0
1110.0,49.129225681520175,45.072437085492766,50.0
1111.0,49.129225681520175,45.072365866658885,50.0
1112.0,49.129225681520175,45.07229474550821,50.0
1113.0,49.129225681520175,45.07222372181942,50.0
1114.0,49.129225681520175,45.07215279537183,50.0
1115.0,49.129225681520175,45.07208196594544,50.0
1116.0,49.129225681520175,45.07201123332098,50.0
1117.0,49.129225681520175,45.07194059727992,50.0
1118.0,49.129225681520175,45.0718700576043,50.0
1119.0,49.129225681520175,45.071799614076916,50.0
1120.0,49.129225681520175,45.07172926648121,50.0
1121.0,49.129225681520175,45.071659014601295,50.0
1122.0,49.129225681520175,45.07158885822198,50.0
1123.0,49.129225681520175,45.07151879712878,50.0
1124.0,49.129225681520175,45.0714488311078,50.0
1125.0,49.129225681520175,45.07137895994583,50.0
1126.0,49.129225681520175,45.071309183430415,50.0
1127.0,49.129225681520175,45.07123950134953,50.0
1128.0,49.129225681520175,45.07116991349213,50.0
1129.0,49.129225681520175,45.07110041964757,50.0
1130.0,49.129225681520175,45.071031019605925,50.0
1131.0,49.129225681520175,45.07096171315798,50.0
1132.0,49.129225681520175,45.07089250009508,50.0
1133.0,49.129225681520175,45.07082338020931,50.0
1134.0,49.129225681520175,45.070754353293275,50.0
1135.0,49.129225681520175,45.07068541914038,50.0
1136.0,49.129225681520175,45.070616577544506,50.0
1137.0,49.129225681520175,45.070547828300256,50.0
1138.0,49.129225681520175,45.07047917120287,50.0
1139.0,49.129225681520175,45.070410606048114,50.0
1140.0,49.129225681520175,45.07034213263259,50.0
1141.0,49.129225681520175,45.070273750753294,50.0
1142.0,49.129225681520175,45.07020546020801,50.0
1143.0,49.129225681520175,45.07013726079503,50.0
1144.0,49.129225681520175,45.07006915231328,50.0
1145.0,49.129225681520175,45.070001134562474,50.0
1146.0,49.129225681520175,45.06993320734264,50.0
1147.0,49.129225681520175,45.06986537045461,50.0
1148.0,49.129225681520175,45.06979762369987,50.0
1149.0,49.129225681520175,45.06972996688034,50.0
1150.0,49.129225681520175,45.069662399798645,50.0
1151.0,49.129225681520175,45.069594922258055,50.0
1152.0,49.129225681520175,45.069527534062324,50.0
1153.0,49.129225681520175,45.06946023501586,50.0
1154.0,49.129225681520175,45.06939302492366,50.0
1155.0,49.129225681520175,45.06932590359138,50.0
1156.0,49.129225681520175,45.069258870825095,50.0
1157.0,49.129225681520175,45.06919192643162,50.0
1158.0,49.129225681520175,45.069125070218334,50.0
1159.0,49.129225681520175,45.06905830199314,50.0
1160.0,49.129225681520175,45.068991621564585,50.0
1161.0,49.129225681520175,45.06892502874175,50.0
1162.0,49.129225681520175,45.06885852333422,50.0
1163.0,49.129225681520175,45.06879210515239,50.0
1164.0,49.129225681520175,45.06872577400697,50.0
1165.0,49.129225681520175,45.06865952970932,50.0
1166.0,49.129225681520175,45.0685933720715,50.0
1167.0,49.129225681520175,45.06852730090588,50.0
1168.0,49.129225681520175,45.06846131602567,50.0
1169.0,49.129225681520175,45.068395417244446,50.0
1170.0,49.129225681520175,45.068329604376395,50.0
1171.0,49.129225681520175,45.06826387723626,50.0
1172.0,49.129225681520175,45.06819823563945,50.0
1173.0,49.129225681520175,45.0681326794017,50.0
1174.0,49.129225681520175,45.06806720833947,50.0
1175.0,49.129225681520175,45.06800182226968,50.0
1176.0,49.129225681520175,45.06793652100984,50.0
1177.0,49.129225681520175,45.06787130437805,50.0
1178.0,49.129225681520175,45.06780617219287,50.0
1179.0,49.129225681520175,45.067741124273354,50.0
1180.0,49.129225681520175,45.067676160439284,50.0
1181.0,49.129225681520175,45.06761128051081,50.0
1182.0,49.129225681520175,45.06754648430862,50.0
1183.0,49.129225681520175,45.06748177165402,50.0
1184.0,49.129225681520175,45.06741714236883,50.0
1185.0,49.129225681520175,45.067352596275335,50.0
1186.0,49.129225681520175,45.067288133196364,50.0
1187.0,49.129225681520175,45.06722375295531,50.0
1188.0,49.129225681520175,45.06715945537611,50.0
1189.0,49.129225681520175,45.06709524028306,50.0
1190.0,49.129225681520175,45.067031107501215,50.0
1191.0,49.129225681520175,45.06696705685592,50.0
1192.0,49.129225681520175,45.06690308817325,50.0
1193.0,49.129225681520175,45.066839201279564,50.0
1194.0,49.129225681520175,45.06677539600187,50.0
1195.0,49.129225681520175,45.06671167216766,50.0
1196.0,49.129225681520175,45.06664802960493,50.0
1197.0,49.129225681520175,45.06658446814219,50.0
1198.0,49.129225681520175,45.06652098760846,50.0
1199.0,49.129225681520175,45.06645758783316,50.0
1200.0,49.129225681520175,45.06639426864642,50.0
