"tick","donation-big group","donation-small","donation-normed-big","donation-normed-small","donation-valued-big","donation-valued-small"
1.0,94.3571868204427,94.35718682044285,92.5,92.5,95.0,95.0
2.0,93.29056941504217,93.29056941504209,92.5,92.5,95.0,95.0
3.0,93.25377836144436,93.2537783614444,92.5,92.5,95.0,95.0
4.0,93.22168783648704,93.22168783648704,92.5,92.5,95.0,95.0
5.0,66.88444011272104,65.01159622504487,87.73138227284555,89.36469903123886,66.875,65.0
6.0,66.89388022544208,65.02319245008972,87.73138227284555,89.36469903123886,66.875,65.0
7.0,66.9033203381631,65.03478867513459,87.73138227284555,89.36469903123886,66.875,65.0
8.0,66.91276045088414,65.04638490017946,87.73138227284555,89.36469903123886,66.875,65.0
9.0,66.91681290415892,65.05136292973766,87.73138227284555,89.36469903123886,66.875,65.0
10.0,66.99328801768092,65.14530488286253,87.73138227284555,89.36469903123886,66.875,65.0
11.0,67.20116892909714,65.40066558697175,87.73138227284555,89.36469903123886,66.875,65.0
12.0,67.76624783308333,66.0948079486544,87.73138227284555,89.36469903123886,66.875,65.0
13.0,69.30229154943454,67.98168251677998,87.73138227284555,89.36469903123886,66.875,65.0
14.0,73.32988696431484,72.92917670469879,87.73138227284555,89.36469903123886,66.875,65.0
15.0,73.46881164154995,73.09983163956137,87.73138227284555,89.36469903123886,66.875,65.0
16.0,73.58998691069988,73.24868321924681,87.73138227284555,89.36469903123886,66.87500000000001,65.00000000000001
17.0,73.69689653166165,73.38001089093568,87.73138227284555,89.36469903123886,66.87499999999999,64.99999999999999
18.0,73.79213647141778,73.49700353787837,87.73138227284555,89.36469903123886,66.87500000000001,65.00000000000001
19.0,73.87768609737556,73.60209261302258,87.73138227284555,89.36469903123886,66.87499999999999,64.99999999999999
20.0,73.9550845407761,73.6971687836487,87.73138227284555,89.36469903123886,66.87500000000001,65.00000000000001
21.0,74.02554908182519,73.78372735554665,87.73138227284555,89.36469903123886,66.87499999999999,64.99999999999999
22.0,74.09005681429845,73.86296858973519,87.73138227284555,89.36469903123886,66.87500000000001,65.00000000000001
23.0,74.14940233331778,73.93586856606906,87.73138227284555,89.36469903123886,66.87499999999999,64.99999999999999
24.0,74.20423934508538,74.0032302965946,87.73138227284555,89.36469903123886,66.87500000000001,65.00000000000001
25.0,74.25511123946062,74.06572128087272,87.73138227284555,89.36469903123886,66.87499999999999,64.99999999999999
26.0,74.30247392643248,74.12390155827886,87.73138227284555,89.36469903123886,66.87500000000001,65.00000000000001
27.0,74.34671314837549,74.17824497436094,87.73138227284555,89.36469903123886,66.87499999999999,64.99999999999999
28.0,74.38815778096048,74.22915551966477,87.73138227284555,89.36469903123886,66.87500000000001,65.00000000000001
29.0,74.42709017682783,74.27698003589195,87.73138227284555,89.36469903123886,66.87499999999999,64.99999999999999
30.0,74.46375429891667,74.32201820687341,87.73138227284555,89.36469903123886,66.87500000000001,65.00000000000001
31.0,74.4983621808115,74.36453049445285,87.73138227284555,89.36469903123886,66.87499999999999,64.99999999999999
32.0,74.531099106158,74.40474450087555,87.73138227284555,89.36469903123886,66.87500000000001,65.00000000000001
33.0,74.56212779687276,74.44286011358155,87.73138227284555,89.36469903123886,66.87499999999999,64.99999999999999
34.0,74.08270559134117,74.47905369853865,87.73138227284555,89.36469903123886,66.87500000000001,65.00000000000001
35.0,74.10888391854121,74.51348154331151,87.73138227284555,89.36469903123886,66.87499999999999,64.99999999999999
36.0,74.133825343428,74.54628270351762,87.73138227284555,89.36469903123886,66.87500000000001,65.00000000000001
37.0,74.15762429938441,74.57758137112009,87.73138227284555,89.36469903123886,66.87499999999999,64.99999999999999
38.0,74.1803654249992,74.60748885667648,87.73138227284555,89.36469903123886,66.87500000000001,65.00000000000001
39.0,74.20212483271548,74.63610525777354,87.73138227284555,89.36469903123886,66.87499999999999,64.99999999999999
40.0,74.22297118225778,74.66352087072079,87.73138227284555,89.36469903123886,66.87500000000001,65.00000000000001
41.0,74.24296659337479,74.68981739092412,87.73138227284555,89.36469903123886,66.87499999999999,64.99999999999999
42.0,74.26216742557285,74.71506893833481,87.73138227284555,89.36469903123886,66.87500000000001,65.00000000000001
43.0,74.28062494715583,74.7393429373224,87.73138227284555,89.36469903123886,66.87499999999999,64.99999999999999
44.0,74.29838591167646,74.76270087478187,87.73138227284555,89.36469903123886,66.87500000000001,65.00000000000001
45.0,74.31549305657062,74.7851989559015,87.73138227284555,89.36469903123886,66.87499999999999,64.99999999999999
46.0,74.3319855360926,74.80688867352798,87.73138227284555,89.36469903123886,66.87500000000001,65.00000000000001
47.0,74.34789929854196,74.82781730426788,87.73138227284555,89.36469903123886,66.87499999999999,64.99999999999999
48.0,74.36326741606062,74.84802834221315,87.73138227284555,89.36469903123886,66.87500000000001,65.00000000000001
49.0,74.37812037389031,74.86756187935136,87.73138227284555,89.36469903123886,66.87499999999999,64.99999999999999
50.0,74.39248632485108,74.88645494023764,87.73138227284555,89.36469903123886,66.87500000000001,65.00000000000001
51.0,74.40639131387717,74.90474177728804,87.73138227284555,89.36469903123886,66.87499999999999,64.99999999999999
52.0,74.41985947668711,74.92245413205588,87.73138227284555,89.36469903123886,66.87500000000001,65.00000000000001
53.0,74.43291321603658,74.9396214670271,87.73138227284555,89.36469903123886,66.87499999999999,64.99999999999999
54.0,74.44557335848428,74.9562711717871,87.73138227284555,89.36469903123886,66.87500000000001,65.00000000000001
55.0,74.45785929416606,74.97242874684181,87.73138227284555,89.36469903123886,66.87499999999999,64.99999999999999
56.0,74.46978910171264,74.98811796790032,74.18870517067997,75.01872222801408,66.87500000000001,65.00000000000001
57.0,74.47223218345185,74.98734838955649,74.18870517067997,75.01872222801408,66.87499999999999,64.99999999999999
58.0,74.47435179591734,74.98615340779172,74.18870517067997,75.01872222801408,66.875,65.0
59.0,74.47616271013119,74.98455244838712,74.18870517067997,75.01872222801408,66.875,65.0
60.0,74.47767876972885,74.98256371749208,74.18870517067997,75.01872222801408,66.875,64.99999999999999
61.0,74.48413361076449,74.9893430313638,74.18870517067997,75.01872222801408,66.875,65.0
62.0,74.42014117443186,74.8729219007437,74.18870517067997,75.01872222801408,66.875,65.0
63.0,74.22855822921387,74.53326619318919,74.18870517067997,75.01872222801408,66.875,65.0
64.0,73.69060276322865,73.58739363967045,74.18870517067997,75.01872222801408,66.875,65.0
65.0,72.21154442371842,70.9942252663223,74.18870517067997,75.01872222801408,66.875,65.0
66.0,68.31794291969396,54.050999002616436,74.18870517067997,75.01872222801408,66.875,65.0
67.0,68.19224790340614,65.0,74.18870517067997,75.01872222801408,66.875,65.0
68.0,68.0835421167078,65.0,74.18870517067997,75.01872222801408,66.875,65.0
69.0,67.98845790038989,65.0,74.18870517067997,75.01872222801408,66.875,65.0
70.0,67.90448743571498,65.0,74.18870517067997,75.01872222801408,66.875,65.0
71.0,67.82971998695258,65.0,74.18870517067997,75.01872222801408,66.875,65.0
72.0,67.76267103183038,65.0,74.18870517067997,75.01872222801408,66.875,65.0
73.0,67.70216757084346,65.0,74.18870517067997,75.01872222801408,66.875,65.0
74.0,67.64726901684257,65.0,74.18870517067997,75.01872222801408,66.875,65.0
75.0,67.59721131642722,65.0,74.18870517067997,75.01872222801408,66.875,65.0
76.0,67.55136664937305,65.0,74.18870517067997,75.01872222801408,66.875,65.0
77.0,67.50921382161415,64.99999999999999,74.18870517067997,75.01872222801408,66.875,64.99999999999999
78.0,67.47031615318674,65.0,74.18870517067997,75.01872222801408,66.875,65.0
79.0,67.4343047179293,65.00000000000001,74.18870517067997,75.01872222801408,66.875,65.00000000000001
80.0,67.40086546906782,64.99999999999999,74.18870517067997,75.01872222801408,66.875,64.99999999999999
81.0,67.36972922935199,65.00000000000001,74.18870517067997,75.01872222801408,66.875,65.00000000000001
82.0,67.34066382208442,64.99999999999999,74.18870517067997,75.01872222801408,66.875,64.99999999999999
83.0,67.31346782241661,65.00000000000001,74.18870517067997,75.01872222801408,66.875,65.00000000000001
84.0,67.28796554908449,64.99999999999999,74.18870517067997,75.01872222801408,66.875,64.99999999999999
85.0,67.26400301590026,65.00000000000001,74.18870517067997,75.01872222801408,66.875,65.00000000000001
86.0,67.24144463312359,64.99999999999999,74.18870517067997,75.01872222801408,66.875,64.99999999999999
87.0,67.22017050005233,65.00000000000001,74.18870517067997,75.01872222801408,66.875,65.00000000000001
88.0,67.20007416767682,64.99999999999999,74.18870517067997,75.01872222801408,66.875,64.99999999999999
89.0,67.18106077800361,65.00000000000001,74.18870517067997,75.01872222801408,66.875,65.00000000000001
90.0,67.16304550742159,64.99999999999999,74.18870517067997,75.01872222801408,66.875,64.99999999999999
91.0,67.14595225716855,65.00000000000001,74.18870517067997,75.01872222801408,66.875,65.00000000000001
92.0,67.12971254591183,64.99999999999999,74.18870517067997,75.01872222801408,66.875,64.99999999999999
93.0,67.11426456864163,65.00000000000001,74.18870517067997,75.01872222801408,66.875,65.00000000000001
94.0,67.09955239319683,64.99999999999999,74.18870517067997,75.01872222801408,66.875,64.99999999999999
95.0,67.08552527129613,65.00000000000001,74.18870517067997,75.01872222801408,66.875,65.00000000000001
96.0,67.07213704531574,64.99999999999999,74.18870517067997,75.01872222801408,66.875,64.99999999999999
97.0,67.05934563551152,65.00000000000001,74.18870517067997,75.01872222801408,66.875,65.00000000000001
98.0,67.0471125951341,64.99999999999999,74.18870517067997,75.01872222801408,66.875,64.99999999999999
99.0,67.03540272308885,65.00000000000001,74.18870517067997,75.01872222801408,66.875,65.00000000000001
100.0,67.02418372557108,64.99999999999999,74.18870517067997,75.01872222801408,66.875,64.99999999999999
101.0,67.01342591954402,65.00000000000001,74.18870517067997,75.01872222801408,66.875,65.00000000000001
102.0,67.00310197209505,64.99999999999999,74.18870517067997,75.01872222801408,66.875,64.99999999999999
103.0,66.99318667066963,65.00000000000001,74.18870517067997,75.01872222801408,66.875,65.00000000000001
104.0,66.9836567199629,64.99999999999999,74.01534449755519,75.01872222801408,66.875,64.99999999999999
105.0,66.97514306187541,65.00000000000001,74.01534449755519,75.01872222801408,66.875,65.00000000000001
106.0,66.96697321564683,64.99999999999999,74.01534449755519,75.01872222801408,66.875,64.99999999999999
107.0,66.95912863530117,65.00000000000001,73.85361578473251,72.5835815749735,66.875,65.00000000000001
108.0,66.95224435030882,65.01199999999999,73.7033483300045,72.5835815749735,66.875,64.99999999999999
109.0,66.94593183499543,65.02400000000002,73.43608115987956,72.5835815749735,66.875,65.00000000000001
110.0,66.94620639039807,65.03599999999999,73.31852234845563,72.5835815749735,66.875,64.99999999999999
111.0,66.9564788068697,65.048,73.31852234845563,72.5835815749735,66.875,65.00000000000001
112.0,66.99131850541679,65.05315136214305,73.31852234845563,72.5835815749735,66.875,64.99999999999999
113.0,67.09814093419163,65.15036432870217,73.31852234845563,72.5835815749735,66.875,65.00000000000001
114.0,67.39074429316106,65.41461656919034,73.31852234845563,72.5835815749735,66.875,64.99999999999999
115.0,67.45817113169433,66.132928632639,73.31852234845563,72.5835815749735,66.875,65.00000000000001
116.0,67.63949986825877,68.08550326187434,73.31852234845563,72.5835815749735,66.875,64.99999999999999
117.0,68.11769821311047,73.20526680779794,73.31852234845563,72.5835815749735,66.875,65.00000000000001
118.0,68.65753440735018,73.38186386506683,73.31852234845563,72.5835815749735,66.875,64.99999999999999
119.0,69.33828230068633,73.53589838486225,73.31852234845563,72.5835815749735,66.875,65.00000000000001
120.0,69.6512800543681,73.67179882264863,73.31852234845563,72.5835815749735,66.875,64.99999999999999
121.0,69.69112993439184,73.7928650970509,73.31852234845563,72.5835815749735,66.875,65.00000000000001
122.0,69.72605228908822,73.90161332303406,73.31852234845563,72.5835815749735,66.875,64.99999999999999
123.0,69.75693779496038,74.0,73.31852234845563,72.5835815749735,66.875,65.00000000000001
124.0,69.78446859477422,74.089572499564,73.31852234845563,72.5835815749735,66.875,64.99999999999999
125.0,69.80917730417758,74.17157287525382,73.31852234845563,72.5835815749735,66.875,65.00000000000001
126.0,69.83148673220609,74.24701119355325,73.31852234845563,72.5835815749735,66.875,64.99999999999999
127.0,69.85173737673274,74.31671842700025,73.31852234845563,72.5835815749735,66.875,65.00000000000001
128.0,69.87020692212035,74.38138531716808,73.31852234845563,72.5835815749735,66.875,64.99999999999999
129.0,69.88712435958617,74.44159140373267,73.31852234845563,72.5835815749735,66.875,65.00000000000001
130.0,69.90268040464274,74.4978270313151,73.31852234845563,72.5835815749735,66.875,64.99999999999999
131.0,69.91703531020994,74.55051025721683,73.31852234845563,72.5835815749735,66.875,65.00000000000001
132.0,69.93032481332473,74.6,73.31852234845563,72.5835815749735,66.875,64.99999999999999
133.0,69.94266472159352,74.64660637834179,73.31852234845563,72.5835815749735,66.875,65.00000000000001
134.0,69.95415449312864,74.6905989232415,73.31852234845563,72.5835815749735,66.875,64.99999999999999
135.0,69.96488006141546,74.73221316194464,73.31852234845563,72.5835815749735,66.875,65.00000000000001
136.0,69.97491608661775,74.77165594187538,73.31852234845563,72.5835815749735,66.875,64.99999999999999
137.0,69.98432776618485,74.80910976997934,73.31852234845563,72.5835815749735,66.875,65.00000000000001
138.0,69.99317230327753,74.84473637567869,73.31852234845563,72.5835815749735,66.875,64.99999999999999
139.0,70.00150010692202,74.87867965644035,73.31852234845563,72.5835815749735,66.875,65.00000000000001
140.0,70.00935577995567,74.91106812853162,73.31852234845563,72.5835815749735,66.875,64.99999999999999
141.0,70.01677893770736,74.9420169782899,73.31852234845563,72.5835815749735,66.875,65.00000000000001
142.0,70.02380489063087,74.97162978865155,73.31852234845563,72.5835815749735,66.875,64.99999999999999
143.0,70.03046521679418,75.0,73.31852234845563,72.5835815749735,66.875,65.00000000000001
144.0,70.03678824460276,75.02721215233571,73.31852234845563,72.5835815749735,66.875,64.99999999999999
145.0,70.0427994618986,75.05334294643085,73.31852234845563,72.5835815749735,66.875,65.00000000000001
146.0,70.04852186432046,75.07846215433895,73.31852234845563,72.5835815749735,66.875,64.99999999999999
147.0,70.05397625327547,75.10263340389898,73.31852234845563,72.5835815749735,66.875,65.00000000000001
148.0,70.05918149189051,75.12591485733672,73.31852234845563,72.5835815749735,66.875,64.99999999999999
149.0,70.06415472574776,75.1483598004549,73.31852234845563,72.5835815749735,66.875,65.00000000000001
150.0,70.06891157397187,75.17001715600874,73.31852234845563,72.5835815749735,66.875,64.99999999999999
151.0,70.07346629524174,75.19093193253342,73.31852234845563,72.5835815749735,66.875,65.00000000000001
152.0,70.07783193251075,75.21114561800016,73.31852234845563,72.5835815749735,66.875,64.99999999999999
153.0,70.08202043957039,75.23069652614124,73.31852234845563,72.5835815749735,66.875,65.00000000000001
154.0,70.08604279207871,75.24962010202526,73.31852234845563,72.5835815749735,66.875,64.99999999999999
155.0,70.08990908524369,75.26794919243112,73.31852234845563,72.5835815749735,66.875,65.00000000000001
156.0,70.09362862000546,75.28571428571428,73.31852234845563,72.5835815749735,66.875,64.99999999999999
157.0,70.09720997927555,75.30294372515229,73.31852234845563,72.5835815749735,66.875,65.00000000000001
158.0,70.10066109554957,75.31966389916639,73.31852234845563,72.5835815749735,66.875,64.99999999999999
159.0,70.10398931101852,75.33589941132432,73.31852234845563,72.5835815749735,66.875,65.00000000000001
160.0,70.10720143113271,75.35167323261572,73.31852234845563,72.5835815749735,66.875,64.99999999999999
161.0,70.11030377244029,75.36700683814455,73.31852234845563,72.5835815749735,66.875,65.00000000000001
162.0,70.11330220540297,75.38192033008822,73.31852234845563,72.5835815749735,66.875,64.99999999999999
163.0,70.11620219279548,75.39643254852545,73.31852234845563,72.5835815749735,66.875,65.00000000000001
164.0,70.11900882421203,75.41056117152193,73.31852234845563,72.5835815749735,66.875,64.99999999999999
165.0,70.12172684713421,75.42432280568333,73.31852234845563,72.5835815749735,66.875,65.00000000000001
166.0,70.12436069495418,75.43773306823012,73.31852234845563,72.5835815749735,66.875,64.99999999999999
167.0,70.12691451229453,75.45080666151703,73.31852234845563,75.07490314375458,66.875,65.00000000000001
168.0,70.12939217792723,75.47764498741888,73.31852234845563,75.07490314375458,66.875,64.99999999999999
169.0,70.131797325551,75.504173569225,73.31852234845563,75.07490314375458,66.875,65.00000000000001
170.0,70.13413336265812,75.53040474780401,73.31852234845563,75.07490314375458,66.875,64.99999999999999
171.0,70.13640348769238,75.5563501864546,73.31852234845563,75.07490314375458,66.875,65.00000000000001
172.0,70.13861070567624,75.57398087591027,73.31852234845563,75.07490314375458,66.875,64.99999999999999
173.0,70.14075784246366,75.69942414904978,73.31852234845563,75.07490314375458,66.875,65.00000000000001
174.0,70.1428475577577,76.02071085482925,73.31852234845563,75.07490314375458,66.875,64.99999999999999
175.0,70.14488235701572,76.87480165996834,73.31852234845563,75.07490314375458,66.875,65.00000000000001
176.0,70.14686460235222,79.17763401532174,73.31852234845563,75.07490314375458,66.875,64.99999999999999
177.0,70.14879652253427,74.63267321935467,73.31852234845563,75.07490314375458,66.875,65.00000000000001
178.0,70.15068022215858,64.99999999999999,73.31852234845563,75.07490314375458,66.875,64.99999999999999
179.0,70.15251769008601,65.00000000000001,73.31852234845563,75.07490314375458,66.875,65.00000000000001
180.0,70.15431080720178,64.99999999999999,73.31852234845563,69.08203236301439,66.875,64.99999999999999
181.0,70.15606135356498,64.98200000000001,73.31852234845563,67.08634661364603,66.875,65.00000000000001
182.0,70.15777101500119,64.9579988,73.31852234845563,67.08634661364603,66.875,65.0
183.0,70.1594413891887,64.9339976,73.31852234845563,67.08634661364603,66.875,65.0
184.0,70.16107399128249,64.9099964,73.31852234845563,67.08634661364603,66.875,65.0
185.0,70.16267025911696,64.89626815678541,73.31852234845563,67.08634661364603,66.875,65.0
186.0,70.16423155802272,64.74787251073901,73.31852234845563,67.08634661364603,66.875,65.0
187.0,70.16575918529101,64.30287794543054,73.31852234845563,67.08634661364603,66.875,65.00000000000001
188.0,70.16725437431522,63.09325730478941,73.31852234845563,67.08634661364603,66.875,65.0
189.0,70.16871829843582,59.805167498005716,73.31852234845563,67.08634661364603,66.875,65.0
190.0,70.17015207451394,55.25167301093868,73.31852234845563,67.08634661364603,66.875,65.0
191.0,70.17155676625443,52.51468220435341,73.31852234845563,67.08634661364603,66.875,65.0
192.0,70.17293338729975,56.46410161513776,73.31852234845563,67.08634661364603,66.875,65.0
193.0,70.17428290411202,56.32820117735137,73.31852234845563,67.08634661364603,66.875,65.0
194.0,70.1756062386597,56.2071349029491,73.31852234845563,67.08634661364603,66.875,65.0
195.0,70.17690427092542,56.09838667696594,73.31852234845563,67.08634661364603,66.875,65.0
196.0,70.17817784124698,56.0,73.31852234845563,67.08634661364603,66.875,65.0
197.0,70.17942775250475,55.91042750043599,73.31852234845563,67.08634661364603,66.875,65.0
198.0,70.180654772168,55.82842712474619,73.31852234845563,67.08634661364603,66.875,65.0
199.0,70.18185963420929,55.75298880644675,73.31852234845563,67.08634661364603,66.875,65.0
200.0,70.18304304089732,55.68328157299974,73.31852234845563,67.08634661364603,66.875,65.0
201.0,70.18420566447705,55.61861468283191,73.31852234845563,67.08634661364603,66.875,65.0
202.0,70.18534814874475,55.55840859626733,73.31852234845563,67.08634661364603,66.875,65.0
203.0,70.18647111052677,55.502172968684896,73.31852234845563,67.08634661364603,66.875,65.0
204.0,70.18757514106707,55.44948974278318,73.31852234845563,67.08634661364603,66.875,65.0
205.0,70.18866080733129,55.4,73.31852234845563,67.08634661364603,66.875,65.0
206.0,70.18972865323217,55.35339362165822,73.31852234845563,67.08634661364603,66.875,65.0
207.0,70.19077920078301,55.3094010767585,73.31852234845563,67.08634661364603,66.875,65.0
208.0,70.19181295118226,55.26778683805537,73.31852234845563,67.08634661364603,66.875,65.0
209.0,70.19283038583576,55.22834405812463,73.31852234845563,67.08634661364603,66.875,65.0
210.0,70.19383196731971,55.19089023002067,73.31852234845563,67.08634661364603,66.875,65.0
211.0,70.1948181402877,55.1552636243213,73.31852234845563,67.08634661364603,66.875,65.0
212.0,70.19578933232792,55.12132034355964,73.31852234845563,67.08634661364603,66.875,65.0
213.0,70.19674595477022,55.08893187146837,73.31852234845563,67.08634661364603,66.875,65.0
214.0,70.19768840345002,55.05798302171011,73.31852234845563,67.08634661364603,66.875,65.0
215.0,70.1986170594283,55.02837021134843,73.31852234845563,67.08634661364603,66.875,65.0
216.0,70.19953228967397,55.0,73.31852234845563,67.08634661364603,66.875,65.0
217.0,70.2004344477073,54.97278784766428,73.31852234845563,67.08634661364603,66.875,65.0
218.0,70.20132387421006,54.94665705356916,73.31852234845563,67.08634661364603,66.875,65.0
219.0,70.20220089760252,54.92153784566104,73.31852234845563,67.08634661364603,66.875,65.0
220.0,70.20306583458984,54.89736659610103,73.31852234845563,67.08634661364603,66.875,65.0
221.0,70.20391899068,54.87408514266326,73.31852234845563,67.08634661364603,66.875,65.0
222.0,70.20476066067451,54.8516401995451,73.31852234845563,67.08634661364603,66.875,65.0
223.0,70.20559112913408,54.82998284399125,73.31852234845563,67.08634661364603,66.875,65.0
224.0,70.20641067081986,54.80906806746659,73.31852234845563,67.08634661364603,66.875,65.0
225.0,70.20721955111287,54.78885438199982,73.31852234845563,67.08634661364603,66.875,65.0
226.0,70.2080180264117,54.76930347385877,73.31852234845563,67.08634661364603,66.875,65.0
227.0,70.20880634451073,54.75037989797473,73.31852234845563,67.08634661364603,66.875,65.0
228.0,70.20958474495939,54.732050807568875,73.31852234845563,67.08634661364603,66.875,65.0
229.0,70.21035345940363,54.7142857142857,73.31852234845563,62.94521016151378,66.875,65.0
230.0,70.21111271191064,54.70700268500923,73.31852234845563,62.94521016151378,66.875,65.0
231.0,70.21186271927844,54.70022892115664,73.31852234845563,62.94521016151378,66.875,65.0
232.0,70.21260369132919,54.69393981916024,73.31852234845563,62.94521016151378,66.875,65.0
233.0,70.21333583119015,54.68811240803032,73.31852234845563,62.94521016151378,66.875,65.0
234.0,70.21405933555992,54.677048599231966,73.31852234845563,62.94521016151378,66.875,65.0
235.0,70.21477439496276,54.74271177715614,73.31852234845563,62.94521016151378,66.875,65.0
236.0,70.21548119399141,54.94722965621846,73.31852234845563,62.94521016151378,66.875,65.0
237.0,70.21617991153748,55.52848656714057,73.31852234845563,62.94521016151378,66.875,65.0
238.0,70.21687072101221,57.13315061075759,73.31852234845563,62.94521016151378,66.875,65.0
239.0,70.21755379055702,61.36334602802098,73.31852234845563,62.94521016151378,66.875,65.0
240.0,70.21822928324394,61.496647998476796,73.31852234845563,62.94521016151378,66.875,65.0
241.0,70.2188973572674,61.61157142859832,73.31852234845563,62.94521016151378,66.875,65.0
242.0,70.21955816612767,61.711773851351914,73.31852234845563,62.94521016151378,66.875,65.0
243.0,70.22021185880536,61.79997812121416,73.31852234845563,62.94521016151378,66.875,65.0
244.0,70.22085857992899,61.87825810084104,73.31852234845563,62.94521016151378,66.875,65.0
245.0,70.22149846993497,61.94822443620583,73.31852234845563,62.94521016151378,66.875,65.0
246.0,70.22213166522027,62.011149247875295,73.31852234845563,62.94521016151378,66.875,65.0
247.0,70.22275829828904,62.06805213589971,73.31852234845563,62.94521016151378,66.875,65.0
248.0,70.22337849789217,62.11976092515048,73.31852234845563,62.94521016151378,66.875,65.0
249.0,70.22399238916192,62.166955473219055,73.31852234845563,62.94521016151378,66.875,65.0
250.0,70.22460009374001,62.210199851847676,73.31852234845563,62.94521016151378,66.875,65.0
251.0,70.22520172990035,62.24996637974493,73.31852234845563,62.94521016151378,66.875,65.0
252.0,70.22579741266728,62.28665383708749,73.31852234845563,62.94521016151378,66.875,65.0
253.0,70.22638725392825,62.32060145552214,73.31852234845563,62.94521016151378,66.875,65.0
254.0,70.22697136254217,62.352099794136855,73.31852234845563,62.94521016151378,66.875,65.0
255.0,70.22754984444286,62.38139928819363,73.31852234845563,62.94521016151378,66.875,65.0
256.0,70.22812280273907,62.40871703666368,73.31852234845563,62.94521016151378,66.875,65.0
257.0,70.22869033780987,62.43424224151433,73.31852234845563,62.94521016151378,66.875,65.0
258.0,70.22925254739623,62.458140603897334,73.31852234845563,62.94521016151378,66.875,65.0
259.0,70.22980952668897,62.4805579054051,73.31852234845563,62.94521016151378,66.875,65.0
260.0,70.23036136841377,62.50162294687278,73.31852234845563,62.94521016151378,66.875,65.0
261.0,70.23090816291158,62.52144997642981,73.31852234845563,62.94521016151378,66.875,65.0
262.0,70.23144999821726,62.54014070832168,73.31852234845563,62.94521016151378,66.875,65.0
263.0,70.23198696013436,62.55778601144337,73.31852234845563,62.94521016151378,66.875,65.0
264.0,70.23251913230682,62.57446732947407,73.31852234845563,62.94521016151378,66.875,65.0
265.0,70.23304659628873,62.59025788150675,73.31852234845563,62.94521016151378,66.875,65.0
266.0,70.23356943161069,62.60522368207845,73.31852234845563,62.94521016151378,66.875,65.0
267.0,70.23408771584397,62.619424411768904,73.31852234845563,62.94521016151378,66.875,65.0
268.0,70.23460152466195,62.63291416349608,73.31852234845563,62.94521016151378,66.875,65.0
269.0,70.2351109318997,62.64574208489006,73.31852234845563,62.94521016151378,66.875,65.0
270.0,70.23561600961114,62.65795293337047,73.31852234845563,62.94521016151378,66.875,65.0
271.0,70.23611682812374,62.669587557561506,73.31852234845563,62.94521016151378,66.875,65.0
272.0,70.23661345609173,62.680683316283684,73.31852234845563,62.94521016151378,66.875,65.0
273.0,70.23710596054711,62.6912744444303,73.31852234845563,62.94521016151378,66.875,65.0
274.0,70.23759440694853,62.70139237347504,73.31852234845563,62.94521016151378,66.875,65.0
275.0,70.23807885922896,62.71106601308341,73.31852234845563,62.94521016151378,66.875,65.0
276.0,70.2385593798415,62.72032199926159,73.31852234845563,62.94521016151378,66.875,65.0
277.0,70.23903602980276,62.729184913619015,73.31852234845563,62.94521016151378,66.875,65.0
278.0,70.2395088687358,62.737677477617325,73.31852234845563,62.94521016151378,66.875,65.0
279.0,70.2399779549112,62.745820725090994,73.31852234845563,62.94521016151378,66.875,65.0
280.0,70.24044334528612,62.75363415583963,73.31852234845563,62.94521016151378,66.875,65.0
281.0,70.2409050955428,62.761135872683674,73.31852234845563,62.94521016151378,66.875,65.0
282.0,70.24136326012494,62.768342704035284,73.31852234845563,62.94521016151378,66.875,65.0
283.0,70.24181789227382,62.775270313747455,73.31852234845563,62.94521016151378,66.875,65.0
284.0,70.24226904406184,62.78193329976377,73.31852234845563,62.94521016151378,66.875,65.0
285.0,70.24271676642653,62.788345282883746,73.31852234845563,62.94521016151378,66.875,65.0
286.0,70.24316110920135,62.79451898678594,73.31852234845563,62.94521016151378,66.875,65.0
287.0,70.24360212114793,62.800466310300486,73.31852234845563,62.94521016151378,66.875,65.0
288.0,70.24403984998477,62.806198392796944,73.31852234845563,62.94521016151378,66.875,65.0
289.0,70.24447434241696,62.81172567344279,73.31852234845563,62.94521016151378,66.875,65.0
290.0,70.24490564416344,62.81705794499542,73.31852234845563,62.94521016151378,66.875,65.0
291.0,70.24533379998445,62.822204402708536,73.31852234845563,62.94521016151378,66.875,65.0
292.0,70.24575885370724,62.82717368886474,73.31852234845563,62.94521016151378,66.875,65.0
293.0,70.24618084825148,62.831973933384866,73.31852234845563,62.94521016151378,66.875,65.0
294.0,70.24659982565369,62.836612790913044,73.31852234845563,62.94521016151378,66.875,65.0
295.0,70.24701582709078,62.84109747472943,73.31852234845563,62.94521016151378,66.875,65.0
296.0,70.24742889290303,62.845434787804045,73.31852234845563,62.94521016151378,66.875,65.0
297.0,70.2478390626156,62.849631151268994,73.31852234845563,62.94521016151378,66.875,65.0
298.0,70.24824637496118,62.853692630556964,73.31852234845563,62.94521016151378,66.875,65.0
299.0,70.24865086789934,62.85762495942606,73.31852234845563,62.94521016151378,66.875,65.0
300.0,70.24905257863747,62.861433562068356,73.31852234845563,62.94521016151378,66.875,65.0
301.0,70.24945154364998,62.865123573477995,73.31852234845563,62.94521016151378,66.875,65.0
302.0,70.2498477986971,62.868699858237186,73.31852234845563,62.94521016151378,66.875,65.0
303.0,70.25024137884314,62.87216702786119,73.31852234845563,62.94521016151378,66.875,65.0
304.0,70.25063231847422,62.87552945683035,73.31852234845563,62.94521016151378,66.875,65.0
305.0,70.25102065131524,62.87879129742303,73.31852234845563,62.94521016151378,66.875,65.0
306.0,70.25140641044693,62.881956493453366,73.31852234845563,62.94521016151378,66.875,65.0
307.0,70.25178962832133,62.88502879300666,73.31852234845563,62.94521016151378,66.875,65.0
308.0,70.25217033677801,62.88801176025692,73.31852234845563,62.94521016151378,66.875,65.0
309.0,70.25254856705864,62.890908786442544,73.31852234845563,62.94521016151378,66.875,65.0
310.0,70.2529243498221,62.893723100069565,73.31852234845563,62.94521016151378,66.875,65.0
311.0,70.25329771515892,62.896457776404695,73.31852234845563,62.94521016151378,66.875,65.0
312.0,70.25366869260431,62.89911574631548,73.31852234845563,62.94521016151378,66.875,65.0
313.0,70.25403731115249,62.90169980450903,73.31852234845563,62.94521016151378,66.875,65.0
314.0,70.25440359926893,62.90421261721675,73.31852234845563,62.94521016151378,66.875,65.0
315.0,70.25476758490372,62.90665672936753,73.31852234845563,62.94521016151378,66.875,65.0
316.0,70.2551292955033,62.90903457128915,73.31852234845563,62.94521016151378,66.875,65.0
317.0,70.25548875802265,62.91134846497315,73.31852234845563,62.94521016151378,66.875,65.0
318.0,70.25584599893675,62.91360062993644,73.31852234845563,62.94521016151378,66.875,65.0
319.0,70.25620104425197,62.91579318870885,73.31852234845563,62.94521016151378,66.875,65.0
320.0,70.25655391951672,62.917928171974836,73.31852234845563,62.94521016151378,66.875,65.0
321.0,70.25690464983221,62.920007523393906,73.31852234845563,62.94521016151378,66.875,65.0
322.0,70.25725325986328,62.922033104123244,73.31852234845563,62.94521016151378,66.875,65.0
323.0,70.25759977384718,62.92400669706331,73.31852234845563,62.94521016151378,66.875,65.0
324.0,70.25794421560472,62.925930010846486,73.31852234845563,62.94521016151378,66.875,65.0
325.0,70.25828660854866,62.927804683586054,73.31852234845563,62.94521016151378,66.875,65.0
326.0,70.25862697569362,62.929632286402715,73.31852234845563,62.94521016151378,66.875,65.0
327.0,70.25896533966475,62.931414326743244,73.31852234845563,62.94521016151378,66.875,65.0
328.0,70.25930172270611,62.93315225150594,73.31852234845563,62.94521016151378,66.875,65.0
329.0,70.25963614669,62.93484744998525,73.31852234845563,62.94521016151378,66.875,65.0
330.0,70.25996863312422,62.93650125664817,73.31852234845563,62.94521016151378,66.875,65.0
331.0,70.26029920316064,62.93811495375306,73.31852234845563,62.94521016151378,66.875,65.0
332.0,70.26062787760323,62.93968977382132,73.31852234845563,62.94521016151378,66.875,65.0
333.0,70.26095467691489,62.94122690197148,73.31852234845563,62.94521016151378,66.875,65.0
334.0,70.26127962122565,62.9427274781245,73.31852234845563,62.94521016151378,66.875,65.0
335.0,70.26160273033916,62.944192599088275,73.31852234845563,62.94521016151378,66.875,65.0
336.0,70.2619240237402,62.94562332052931,73.31852234845563,62.94521016151378,66.875,65.0
337.0,70.26224352060133,62.94702065883819,73.31852234845563,62.94521016151378,66.875,65.0
338.0,70.2625612397894,62.94838559289579,73.31852234845563,62.94521016151378,66.875,65.0
339.0,70.2628771998723,62.94971906574599,73.31852234845563,62.94521016151378,66.875,65.0
340.0,70.26319141912485,62.95102198618082,73.31852234845563,62.94521016151378,66.875,65.0
341.0,70.26350391553525,62.95229523024315,73.31852234845563,62.94521016151378,66.875,65.0
342.0,70.2638147068112,62.953539642651975,73.31852234845563,62.94521016151378,66.875,65.0
343.0,70.26412381038516,62.954756038154734,73.31852234845563,62.94521016151378,66.875,65.0
344.0,70.26443124342059,62.95594520281122,73.31852234845563,62.94521016151378,66.875,65.0
345.0,70.26473702281722,62.95710789521261,73.31852234845563,62.94521016151378,66.875,65.0
346.0,70.26504116521633,62.95824484764,73.31852234845563,62.94521016151378,66.875,65.0
347.0,70.26534368700645,62.95935676716518,73.31852234845563,62.94521016151378,66.875,65.0
348.0,70.2656446043278,62.960444336697755,73.31852234845563,62.94521016151378,66.875,65.0
349.0,70.26594393307795,62.96150821598075,73.31852234845563,62.94521016151378,66.875,65.0
350.0,70.2662416889164,62.96254904253846,73.31852234845563,62.94521016151378,66.875,65.0
351.0,70.2665378872692,62.963567432578486,73.31852234845563,62.94521016151378,66.875,65.0
352.0,70.26683254333373,62.96456398185095,73.31852234845563,62.94521016151378,66.875,65.0
353.0,70.26712567208362,62.96553926646698,73.31852234845563,62.94521016151378,66.875,65.0
354.0,70.26741728827206,62.966493843678876,73.31852234845563,62.94521016151378,66.875,65.0
355.0,70.26770740643734,62.96742825262373,73.31852234845563,62.94521016151378,66.875,65.0
356.0,70.26799604090638,62.96834301503288,73.31852234845563,62.94521016151378,66.875,65.0
357.0,70.26828320579897,62.96923863590852,73.31852234845563,62.94521016151378,66.875,65.0
358.0,70.26856891503168,62.9701156041697,73.31852234845563,62.94521016151378,66.875,65.0
359.0,70.26885318232196,62.97097439326884,73.31852234845563,62.94521016151378,66.875,65.0
360.0,70.26913602119163,62.97181546178078,73.31852234845563,62.94521016151378,66.875,65.0
361.0,70.26941744497118,62.97263925396525,73.31852234845563,62.94521016151378,66.875,65.0
362.0,70.26969746680267,62.973446200304636,73.31852234845563,62.94521016151378,66.875,65.0
363.0,70.26997609964393,62.97423671801792,73.31852234845563,62.94521016151378,66.875,65.0
364.0,70.27025335627148,62.97501121155225,73.31852234845563,62.94521016151378,66.875,65.0
365.0,70.27052924928446,62.97577007305299,73.31852234845563,62.94521016151378,66.875,65.0
366.0,70.27080379110727,62.97651368281378,73.31852234845563,62.94521016151378,66.875,65.0
367.0,70.27107699399365,62.977242409706946,73.31852234845563,62.94521016151378,66.875,65.0
368.0,70.27134887002893,62.97795661159591,73.31852234845563,62.94521016151378,66.875,65.0
369.0,70.27161943113408,62.97865663572991,73.31852234845563,62.94521016151378,66.875,65.0
370.0,70.27188868906761,62.97934281912236,73.31852234845563,62.94521016151378,66.875,65.0
371.0,70.27215665542951,62.98001548891316,73.31852234845563,62.94521016151378,66.875,65.0
372.0,70.27242334166343,62.9806749627163,73.31852234845563,62.94521016151378,66.875,65.0
373.0,70.27268875906033,62.98132154895273,73.31852234845563,62.94521016151378,66.875,65.0
374.0,70.27295291875997,62.98195554717004,73.31852234845563,62.94521016151378,66.875,65.0
375.0,70.27321583175492,62.98257724834877,73.31852234845563,62.94521016151378,66.875,65.0
376.0,70.2734775088922,62.98318693519658,73.31852234845563,62.94521016151378,66.875,65.0
377.0,70.27373796087645,62.9837848824304,73.31852234845563,62.94521016151378,66.875,65.0
378.0,70.27399719827221,62.984371357047515,73.31852234845563,62.94521016151378,66.875,65.0
379.0,70.27425523150644,62.984946618585695,73.31852234845563,62.94521016151378,66.875,65.0
380.0,70.27451207087076,62.98551091937323,73.31852234845563,62.94521016151378,66.875,65.0
381.0,70.27476772652425,62.98606450476897,73.31852234845563,62.94521016151378,66.875,65.0
382.0,70.2750222084949,62.98660761339331,73.31852234845563,62.94521016151378,66.875,65.0
383.0,70.2752755266831,62.98714047734976,73.31852234845563,62.94521016151378,66.875,65.0
384.0,70.27552769086263,62.98766332243857,73.31852234845563,62.94521016151378,66.875,65.0
385.0,70.27577871068361,62.98817636836159,73.31852234845563,62.94521016151378,66.875,65.0
386.0,70.27602859567412,62.988679828919764,73.31852234845563,62.94521016151378,66.875,65.0
387.0,70.27627735524287,62.98917391220289,73.31852234845563,62.94521016151378,66.875,65.0
388.0,70.27652499868054,62.98965882077246,73.31852234845563,62.94521016151378,66.875,65.0
389.0,70.27677153516203,62.99013475183739,73.31852234845563,62.94521016151378,66.875,65.0
390.0,70.27701697374872,62.99060189742347,73.31852234845563,62.94521016151378,66.875,65.0
391.0,70.27726132338981,62.991060444536345,73.31852234845563,62.94521016151378,66.875,65.0
392.0,70.27750459292467,62.9915105753187,73.31852234845563,62.94521016151378,66.875,65.0
393.0,70.27774679108443,62.991952467201465,73.31852234845563,62.94521016151378,66.875,65.0
394.0,70.2779879264935,62.99238629304978,73.31852234845563,62.94521016151378,66.875,65.0
395.0,70.278228007672,62.99281222130336,73.31852234845563,62.94521016151378,66.875,65.0
396.0,70.27846704303685,62.993230416112205,73.31852234845563,62.94521016151378,66.875,65.0
397.0,70.27870504090369,62.993641037467036,73.31852234845563,62.94521016151378,66.875,65.0
398.0,70.2789420094885,62.99404424132549,73.31852234845563,62.94521016151378,66.875,65.0
399.0,70.27917795690917,62.99444017973348,73.31852234845563,62.94521016151378,66.875,65.0
400.0,70.27941289118719,62.994829000942566,73.31852234845563,62.94521016151378,66.875,65.0
401.0,70.27964682024923,62.99521084952308,73.31852234845563,62.94521016151378,66.875,65.0
402.0,70.27987975192828,62.99558586647331,73.31852234845563,62.94521016151378,66.875,65.0
403.0,70.28011169396547,62.99595418932498,73.31852234845563,62.94521016151378,66.875,65.0
404.0,70.28034265401162,62.996315952245006,73.31852234845563,62.94521016151378,66.875,65.0
405.0,70.28057263962826,62.99667128613379,73.31852234845563,62.94521016151378,66.875,65.0
406.0,70.28080165828949,62.99702031872018,73.31852234845563,62.94521016151378,66.875,65.0
407.0,70.28102971738288,62.99736317465323,73.31852234845563,62.94521016151378,66.875,65.0
408.0,70.28125682421121,62.99769997559082,73.31852234845563,62.94521016151378,66.875,65.0
409.0,70.28148298599369,62.99803084028523,73.31852234845563,62.94521016151378,66.875,65.0
410.0,70.28170820986712,62.998355884666076,73.31852234845563,62.94521016151378,66.875,65.0
411.0,70.2819325028871,62.99867522192019,73.31852234845563,62.94521016151378,66.875,65.0
412.0,70.28215587202958,62.99898896256915,73.31852234845563,62.94521016151378,66.875,65.0
413.0,70.2823783241918,62.99929721454401,73.31852234845563,62.94521016151378,66.875,65.0
414.0,70.28259986619372,62.999600083257775,73.31852234845563,62.94521016151378,66.875,65.0
415.0,70.28282050477891,62.99989767167536,73.31852234845563,62.94521016151378,66.875,65.0
416.0,70.28304024661581,63.00019008038143,73.31852234845563,62.94521016151378,66.875,65.0
417.0,70.28325909829901,63.00047740764583,73.31852234845563,62.94521016151378,66.875,65.0
418.0,70.28347706635037,63.00075974948725,73.31852234845563,62.94521016151378,66.875,65.0
419.0,70.28369415721963,63.00103719973444,73.31852234845563,62.94521016151378,66.875,64.99999999999999
420.0,70.28391037728606,63.001309850085875,73.31852234845563,62.94521016151378,66.875,65.0
421.0,70.28412573285927,63.00157779016721,73.31852234845563,62.94521016151378,66.875,65.0
422.0,70.28434023018015,63.00184110758721,73.31852234845563,62.94521016151378,66.875,65.0
423.0,70.28455387542196,63.002099887991555,73.31852234845563,62.94521016151378,66.875,65.0
424.0,70.28476667469141,63.00235421511545,73.31852234845563,62.94521016151378,66.875,65.0
425.0,70.28497863402949,63.00260417083414,73.31852234845563,62.94521016151378,66.875,65.0
426.0,70.28518975941238,63.00284983521217,73.31852234845563,62.94521016151378,66.875,65.0
427.0,70.28540005675275,63.00309128655088,73.31852234845563,62.94521016151378,66.875,65.0
428.0,70.2856095319001,63.00332860143482,73.31852234845563,62.94521016151378,66.875,65.0
429.0,70.2858181906423,63.00356185477623,73.31852234845563,62.94521016151378,66.875,65.0
430.0,70.28602603870563,63.00379111985868,73.31852234845563,62.94521016151378,66.875,65.0
431.0,70.28623308175688,63.004016468378985,73.31852234845563,62.94521016151378,66.875,65.0
432.0,70.28643932540278,63.00423797048819,73.31852234845563,62.94521016151378,66.875,65.0
433.0,70.28664477519207,63.004455694831,73.31852234845563,62.94521016151378,66.875,65.0
434.0,70.28684943661555,63.0046697085844,73.31852234845563,62.94521016151378,66.875,65.0
435.0,70.28705331510724,63.004880077494725,73.31852234845563,62.94521016151378,66.875,65.0
436.0,70.28725641604503,63.00508686591399,73.31852234845563,62.94521016151378,66.875,65.0
437.0,70.28745874475153,63.005290136834894,73.31852234845563,62.94521016151378,66.875,65.0
438.0,70.28766030649501,63.00548995192505,73.31852234845563,62.94521016151378,66.875,65.0
439.0,70.28786110648942,63.00568637155987,73.31852234845563,62.94521016151378,66.875,65.0
440.0,70.28806114989624,63.00587945485486,73.31852234845563,62.94521016151378,66.875,65.0
441.0,70.2882604418245,63.00606925969672,73.31852234845563,62.94521016151378,66.875,65.0
442.0,70.28845898733141,63.006255842773726,73.31852234845563,62.94521016151378,66.875,65.0
443.0,70.28865679142345,63.006439259605024,73.31852234845563,62.94521016151378,66.875,65.0
444.0,70.28885385905706,63.006619564569384,73.31852234845563,62.94521016151378,66.875,65.0
445.0,70.28905019513903,63.00679681093278,73.31852234845563,62.94521016151378,66.875,65.0
446.0,70.28924580452703,63.0069710508756,73.31852234845563,62.94521016151378,66.875,65.0
447.0,70.28944069203105,63.007142335518665,73.31852234845563,62.94521016151378,66.875,65.0
448.0,70.28963486241314,63.00731071494888,73.31852234845563,62.94521016151378,66.875,65.0
449.0,70.28982832038854,63.00747623824385,73.31852234845563,62.94521016151378,66.875,65.0
450.0,70.29002107062634,63.00763895349613,73.31852234845563,62.94521016151378,66.875,65.0
451.0,70.29021311774967,63.00779890783648,73.31852234845563,62.94521016151378,66.875,65.0
452.0,70.290404466337,63.00795614745684,73.31852234845563,62.94521016151378,66.875,65.0
453.0,70.29059512092185,63.008110717632206,73.31852234845563,62.94521016151378,66.875,65.0
454.0,70.29078508599417,63.0082626627424,73.31852234845563,62.94521016151378,66.875,65.0
455.0,70.29097436600055,63.008412026292895,73.31852234845563,62.94521016151378,66.875,65.0
456.0,70.2911629653447,63.00855885093525,73.31852234845563,62.94521016151378,66.875,65.0
457.0,70.29135088838812,63.008703178486826,73.31852234845563,62.94521016151378,66.875,65.0
458.0,70.29153813945081,63.00884504995028,73.31852234845563,62.94521016151378,66.875,65.0
459.0,70.29172472281151,63.00898450553211,73.31852234845563,62.94521016151378,66.875,65.0
460.0,70.29191064270854,63.00912158466111,73.31852234845563,62.94521016151378,66.875,65.0
461.0,70.2920959033399,63.00925632600601,73.31852234845563,62.94521016151378,66.875,65.0
462.0,70.29228050886422,63.00938876749291,73.31852234845563,62.94521016151378,66.875,65.0
463.0,70.29246446340092,63.00951894632201,73.31852234845563,62.94521016151378,66.875,65.0
464.0,70.29264777103101,63.00964689898414,73.31852234845563,62.94521016151378,66.875,65.0
465.0,70.29283043579727,63.009772661276635,73.31852234845563,62.94521016151378,66.875,65.0
466.0,70.29301246170527,63.00989626831898,73.31852234845563,62.94521016151378,66.875,65.0
467.0,70.29319385272274,63.01001775456788,73.31852234845563,62.94521016151378,66.875,65.0
468.0,70.2933746127815,63.01013715383211,73.31852234845563,62.94521016151378,66.875,65.0
469.0,70.29355474577663,63.010254499286766,73.31852234845563,62.94521016151378,66.875,65.0
470.0,70.29373425556771,63.01036982348746,73.31852234845563,62.94521016151378,66.875,65.0
471.0,70.293913145979,63.01048315838378,73.31852234845563,62.94521016151378,66.875,65.0
472.0,70.29409142079979,63.010594535332736,73.31852234845563,62.94521016151378,66.875,65.0
473.0,70.2942690837849,63.010703985111626,73.31852234845563,62.94521016151378,66.875,65.0
474.0,70.29444613865536,63.0108115379307,73.31852234845563,62.94521016151378,66.875,65.0
475.0,70.29462258909834,63.010917223445496,73.31852234845563,62.94521016151378,66.875,65.0
476.0,70.29479843876801,63.011021070768834,73.31852234845563,62.94521016151378,66.875,65.0
477.0,70.29497369128536,63.011123108482444,73.31852234845563,62.94521016151378,66.875,65.0
478.0,70.29514835023961,63.01122336464854,73.31852234845563,62.94521016151378,66.875,65.0
479.0,70.29532241918729,63.01132186682073,73.31852234845563,62.94521016151378,66.875,65.0
480.0,70.29549590165392,63.01141864205507,73.31852234845563,62.94521016151378,66.875,65.0
481.0,70.29566880113332,63.01151371692049,73.31852234845563,62.94521016151378,66.875,65.0
482.0,70.29584112108866,63.01160711750922,73.31852234845563,62.94521016151378,66.875,65.0
483.0,70.29601286495246,63.01169886944678,73.31852234845563,62.94521016151378,66.875,65.0
484.0,70.29618403612737,63.011788997901846,73.31852234845563,62.94521016151378,66.875,65.0
485.0,70.29635463798597,63.0118775275958,73.31852234845563,62.94521016151378,66.875,65.0
486.0,70.29652467387145,63.01196448281212,73.31852234845563,62.94521016151378,66.875,65.0
487.0,70.2966941470981,63.0120498874054,73.31852234845563,62.94521016151378,66.875,65.0
488.0,70.29686306095134,63.01213376481042,73.31852234845563,62.94521016151378,66.875,65.0
489.0,70.29703141868809,63.01221613805068,73.31852234845563,62.94521016151378,66.875,65.0
490.0,70.2971992235373,63.01229702974694,73.31852234845563,62.94521016151378,66.875,65.0
491.0,70.29736647870031,63.01237646212547,73.31852234845563,62.94521016151378,66.875,65.0
492.0,70.2975331873507,63.01245445702619,73.31852234845563,62.94521016151378,66.875,65.0
493.0,70.29769935263509,63.01253103591048,73.31852234845563,62.94521016151378,66.875,65.0
494.0,70.2978649776734,63.01260621986895,73.31852234845563,62.94521016151378,66.875,65.0
495.0,70.2980300655589,63.012680029628875,73.31852234845563,62.94521016151378,66.875,65.0
496.0,70.2981946193587,63.01275248556164,73.31852234845563,62.94521016151378,66.875,65.0
497.0,70.2983586421143,63.012823607689825,73.31852234845563,62.94521016151378,66.875,65.0
498.0,70.29852213684099,63.01289341569427,73.31852234845563,62.94521016151378,66.875,65.0
499.0,70.29868510652935,63.012961928920824,73.31852234845563,62.94521016151378,66.875,65.0
500.0,70.29884755414461,63.013029166387206,73.31852234845563,62.94521016151378,66.875,65.0
501.0,70.29900948262735,63.01309514678929,73.31852234845563,62.94521016151378,66.875,65.0
502.0,70.29917089489372,63.013159888507715,73.31852234845563,62.94521016151378,66.875,65.0
503.0,70.29933179383559,63.01322340961394,73.31852234845563,62.94521016151378,66.875,65.0
504.0,70.29949218232112,63.01328572787646,73.31852234845563,62.94521016151378,66.875,65.0
505.0,70.29965206319427,63.01334686076665,73.31852234845563,62.94521016151378,66.875,65.0
506.0,70.2998114392764,63.01340682546469,73.31852234845563,62.94521016151378,66.875,65.0
507.0,70.29997031336514,63.013465638865135,73.31852234845563,62.94521016151378,66.875,65.0
508.0,70.30012868823543,63.013523317582575,73.31852234845563,62.94521016151378,66.875,65.0
509.0,70.30028656663978,63.013579877956964,73.31852234845563,62.94521016151378,66.875,65.0
510.0,70.30044395130786,63.01363533605903,73.31852234845563,62.94521016151378,66.875,65.0
511.0,70.30060084494764,63.013689707695384,73.31852234845563,62.94521016151378,66.875,65.0
512.0,70.30075725024513,63.01374300841363,73.31852234845563,62.94521016151378,66.875,65.0
513.0,70.30091316986434,63.01379525350732,73.31852234845563,62.94521016151378,66.875,65.0
514.0,70.30106860644833,63.01384645802085,73.31852234845563,62.94521016151378,66.875,65.0
515.0,70.30122356261857,63.01389663675406,73.31852234845563,62.94521016151378,66.875,65.0
516.0,70.30137804097602,63.01394580426711,73.31852234845563,62.94521016151378,66.875,65.0
517.0,70.30153204410051,63.013993974884755,73.31852234845563,62.94521016151378,66.875,65.0
518.0,70.30168557455151,63.014041162701005,73.31852234845563,62.94521016151378,66.875,65.0
519.0,70.30183863486812,63.014087381583316,73.31852234845563,62.94521016151378,66.875,65.0
520.0,70.30199122756956,63.01413264517694,73.31852234845563,62.94521016151378,66.875,65.0
521.0,70.30214335515497,63.01417696690901,73.31852234845563,62.94521016151378,66.875,65.0
522.0,70.30229502010393,63.01422035999267,73.31852234845563,62.94521016151378,66.875,65.0
523.0,70.30244622487662,63.014262837430955,73.31852234845563,62.94521016151378,66.875,65.0
524.0,70.30259697191384,63.01430441202083,73.31852234845563,62.94521016151378,66.875,65.0
525.0,70.30274726363744,63.01434509635683,73.31852234845563,62.94521016151378,66.875,65.0
526.0,70.30289710245061,63.01438490283493,73.31852234845563,62.94521016151378,66.875,65.0
527.0,70.30304649073757,63.01442384365612,73.31852234845563,62.94521016151378,66.875,65.0
528.0,70.30319543086425,63.014461930830045,73.31852234845563,62.94521016151378,66.875,65.0
529.0,70.30334392517838,63.014499176178354,73.31852234845563,62.94521016151378,66.875,65.0
530.0,70.30349197600954,63.01453559133834,73.31852234845563,62.94521016151378,66.875,65.0
531.0,70.30363958566936,63.01457118776606,73.31852234845563,62.94521016151378,66.875,65.0
532.0,70.30378675645201,63.01460597673984,73.31852234845563,62.94521016151378,66.875,65.0
533.0,70.30393349063398,63.014639969363266,73.31852234845563,62.94521016151378,66.875,65.0
534.0,70.30407979047443,63.01467317656852,73.31852234845563,62.94521016151378,66.875,65.0
535.0,70.30422565821537,63.01470560911934,73.31852234845563,62.94521016151378,66.875,65.0
536.0,70.30437109608171,63.01473727761408,73.31852234845563,62.94521016151378,66.875,65.0
537.0,70.30451610628194,63.014768192488674,73.31852234845563,62.94521016151378,66.875,65.0
538.0,70.3046606910075,63.0147983640195,73.31852234845563,62.94521016151378,66.875,65.0
539.0,70.30480485243346,63.01482780232618,73.31852234845563,62.94521016151378,66.875,65.0
540.0,70.30494859271876,63.01485651737452,73.31852234845563,62.94521016151378,66.875,65.0
541.0,70.30509191400596,63.01488451897897,73.31852234845563,62.94521016151378,66.875,65.0
542.0,70.30523481842185,63.01491181680555,73.31852234845563,62.94521016151378,66.875,65.0
543.0,70.30537730807718,63.01493842037424,73.31852234845563,62.94521016151378,66.875,65.0
544.0,70.30551938506734,63.01496433906171,73.31852234845563,62.94521016151378,66.875,65.0
545.0,70.30566105147182,63.01498958210368,73.31852234845563,62.94521016151378,66.875,65.0
546.0,70.30580230935507,63.01501415859753,73.31852234845563,62.94521016151378,66.875,65.0
547.0,70.30594316076628,63.01503807750452,73.31852234845563,62.94521016151378,66.875,65.0
548.0,70.30608360773955,63.01506134765233,73.31852234845563,62.94521016151378,66.875,65.0
549.0,70.30622365229398,63.01508397773721,73.31852234845563,62.94521016151378,66.875,65.0
550.0,70.30636329643403,63.015105976326396,73.31852234845563,62.94521016151378,66.875,65.0
551.0,70.3065025421496,63.0151273518602,73.31852234845563,62.94521016151378,66.875,65.0
552.0,70.30664139141595,63.01514811265426,73.31852234845563,62.94521016151378,66.875,65.0
553.0,70.30677984619422,63.01516826690165,73.31852234845563,62.94521016151378,66.875,65.0
554.0,70.30691790843125,63.01518782267497,73.31852234845563,62.94521016151378,66.875,65.0
555.0,70.30705558005977,63.015206787928385,73.31852234845563,62.94521016151378,66.875,65.0
556.0,70.3071928629986,63.01522517049968,73.31852234845563,62.94521016151378,66.875,65.0
557.0,70.30732975915292,63.015242978112134,73.31852234845563,62.94521016151378,66.875,65.0
558.0,70.30746627041411,63.015260218376596,73.31852234845563,62.94521016151378,66.875,65.0
559.0,70.30760239866026,63.015276898793225,73.31852234845563,62.94521016151378,66.875,65.0
560.0,70.30773814575575,63.015293026753476,73.31852234845563,62.94521016151378,66.875,65.0
561.0,70.30787351355183,63.0153086095418,73.31852234845563,62.94521016151378,66.875,65.0
562.0,70.30800850388664,63.01532365433757,73.31852234845563,62.94521016151378,66.875,65.0
563.0,70.3081431185855,63.01533816821669,73.31852234845563,62.94521016151378,66.875,65.0
564.0,70.30827735946043,63.015352158153455,73.31852234845563,62.94521016151378,66.875,65.0
565.0,70.30841122831103,63.01536563102207,73.31852234845563,62.94521016151378,66.875,65.0
566.0,70.30854472692404,63.01537859359852,73.31852234845563,62.94521016151378,66.875,65.0
567.0,70.3086778570738,63.015391052561945,73.31852234845563,62.94521016151378,66.875,65.0
568.0,70.30881062052235,63.01540301449646,73.31852234845563,62.94521016151378,66.875,65.0
569.0,70.30894301901905,63.015414485892514,73.31852234845563,62.94521016151378,66.875,65.0
570.0,70.3090750543015,63.01542547314863,73.31852234845563,62.94521016151378,66.875,65.0
571.0,70.30920672809502,63.01543598257271,73.31852234845563,62.94521016151378,66.875,65.0
572.0,70.30933804211298,63.01544602038365,73.31852234845563,62.94521016151378,66.875,65.0
573.0,70.30946899805694,63.015455592712705,73.31852234845563,62.94521016151378,66.875,65.0
574.0,70.30959959761674,63.015464705604984,73.31852234845563,62.94521016151378,66.875,65.0
575.0,70.3097298424707,63.015473365020746,73.31852234845563,62.94521016151378,66.875,65.0
576.0,70.30985973428521,63.01548157683687,73.31852234845563,62.94521016151378,66.875,65.0
577.0,70.30998927471589,63.01548934684811,73.31852234845563,62.94521016151378,66.875,65.0
578.0,70.31011846540655,63.015496680768514,73.31852234845563,62.94521016151378,66.875,65.0
579.0,70.31024730799002,63.01550358423257,73.31852234845563,62.94521016151378,66.875,65.0
580.0,70.3103758040879,63.015510062796665,73.31852234845563,62.94521016151378,66.875,65.0
581.0,70.31050395531086,63.0155161219401,73.31852234845563,62.94521016151378,66.875,65.0
582.0,70.31063176325858,63.01552176706661,73.31852234845563,62.94521016151378,66.875,65.0
583.0,70.3107592295202,63.015527003505234,73.31852234845563,62.94521016151378,66.875,65.0
584.0,70.31088635567373,63.01553183651179,73.31852234845563,62.94521016151378,66.875,65.0
585.0,70.31101314328701,63.0155362712698,73.31852234845563,62.94521016151378,66.875,65.0
586.0,70.31113959391708,63.01554031289181,73.31852234845563,62.94521016151378,66.875,65.0
587.0,70.31126570911067,63.01554396642035,73.31852234845563,62.94521016151378,66.875,65.0
588.0,70.31139149040403,63.015547236829214,73.31852234845563,62.94521016151378,66.875,65.0
589.0,70.31151693932351,63.0155501290243,73.31852234845563,62.94521016151378,66.875,65.0
590.0,70.31164205738489,63.01555264784491,73.31852234845563,62.94521016151378,66.875,65.0
591.0,70.31176684609424,63.01555479806459,73.31852234845563,62.94521016151378,66.875,65.0
592.0,70.31189130694756,63.01555658439232,73.31852234845563,62.94521016151378,66.875,65.0
593.0,70.31201544143094,63.01555801147333,73.31852234845563,62.94521016151378,66.875,65.0
594.0,70.31213925102051,63.0155590838903,73.31852234845563,62.94521016151378,66.875,65.0
595.0,70.31226273718296,63.0155598061641,73.31852234845563,62.94521016151378,66.875,65.0
596.0,70.31238590137541,63.01556018275496,73.31852234845563,62.94521016151378,66.875,65.0
597.0,70.31250874504512,63.01556021806319,73.31852234845563,62.94521016151378,66.875,65.0
598.0,70.31263126963006,63.01555991643031,73.31852234845563,62.94521016151378,66.875,65.0
599.0,70.31275347655908,63.01555928213975,73.31852234845563,62.94521016151378,66.875,65.0
600.0,70.31287536725131,63.01555831941787,73.31852234845563,62.94521016151378,66.875,65.0
601.0,70.31299694311686,63.01555703243479,73.31852234845563,62.94521016151378,66.875,65.0
602.0,70.31311820555686,63.01555542530522,73.31852234845563,62.94521016151378,66.875,65.0
603.0,70.31323915596315,63.015553502089325,73.31852234845563,62.94521016151378,66.875,65.0
604.0,70.31335979571877,63.01555126679359,73.31852234845563,62.94521016151378,66.875,65.0
605.0,70.31348012619776,63.015548723371495,73.31852234845563,62.94521016151378,66.875,65.0
606.0,70.31360014876532,63.01554587572446,73.31852234845563,62.94521016151378,66.875,65.0
607.0,70.3137198647781,63.015542727702574,73.31852234845563,62.94521016151378,66.875,65.0
608.0,70.31383927558379,63.01553928310535,73.31852234845563,62.94521016151378,66.875,65.0
609.0,70.3139583825218,63.01553554568244,73.31852234845563,62.94521016151378,66.875,65.0
610.0,70.3140771869226,63.015531519134534,73.31852234845563,62.94521016151378,66.875,65.0
611.0,70.3141956901088,63.01552720711387,73.31852234845563,62.94521016151378,66.875,65.0
612.0,70.31431389339404,63.01552261322516,73.31852234845563,62.94521016151378,66.875,65.0
613.0,70.31443179808414,63.01551774102614,73.31852234845563,62.94521016151378,66.875,65.0
614.0,70.31454940547611,63.015512594028344,73.31852234845563,62.94521016151378,66.875,65.0
615.0,70.31466671685952,63.01550717569779,73.31852234845563,62.94521016151378,66.875,65.0
616.0,70.31478373351524,63.01550148945562,73.31852234845563,62.94521016151378,66.875,65.0
617.0,70.31490045671626,63.01549553867874,73.31852234845563,62.94521016151378,66.875,65.0
618.0,70.31501688772777,63.01548932670057,73.31852234845563,62.94521016151378,66.875,65.0
619.0,70.31513302780694,63.01548285681148,73.31852234845563,62.94521016151378,66.875,65.0
620.0,70.31524887820312,63.015476132259714,73.31852234845563,62.94521016151378,66.875,65.0
621.0,70.31536444015778,63.01546915625169,73.31852234845563,62.94521016151378,66.875,65.0
622.0,70.31547971490508,63.01546193195284,73.31852234845563,62.94521016151378,66.875,65.0
623.0,70.31559470367088,63.015454462488094,73.31852234845563,62.94521016151378,66.875,65.0
624.0,70.31570940767412,63.01544675094249,73.31852234845563,62.94521016151378,66.875,65.0
