"tick","donation-normed-small","donation-small","donation-valued-small"
1.0,92.5,94.35718682044285,95.0
2.0,92.5,93.29056941504209,95.0
3.0,92.5,93.2537783614444,95.0
4.0,92.5,93.22168783648704,95.0
5.0,89.36469903123886,65.01159622504487,65.0
6.0,89.36469903123886,65.02319245008972,65.0
7.0,89.36469903123886,65.03478867513459,65.0
8.0,89.36469903123886,65.04638490017946,65.0
9.0,89.36469903123886,65.05136292973766,65.0
10.0,89.36469903123886,65.14530488286253,65.0
11.0,89.36469903123886,65.40066558697175,65.0
12.0,89.36469903123886,66.0948079486544,65.0
13.0,89.36469903123886,67.98168251677998,65.0
14.0,89.36469903123886,72.92917670469879,65.0
15.0,89.36469903123886,73.09983163956137,65.0
16.0,89.36469903123886,73.24868321924681,65.00000000000001
17.0,89.36469903123886,73.38001089093568,64.99999999999999
18.0,89.36469903123886,73.49700353787837,65.00000000000001
19.0,89.36469903123886,73.60209261302258,64.99999999999999
20.0,89.36469903123886,73.6971687836487,65.00000000000001
21.0,89.36469903123886,73.78372735554665,64.99999999999999
22.0,89.36469903123886,73.86296858973519,65.00000000000001
23.0,89.36469903123886,73.93586856606906,64.99999999999999
24.0,89.36469903123886,74.0032302965946,65.00000000000001
25.0,89.36469903123886,74.06572128087272,64.99999999999999
26.0,89.36469903123886,74.12390155827886,65.00000000000001
27.0,89.36469903123886,74.17824497436094,64.99999999999999
28.0,89.36469903123886,74.22915551966477,65.00000000000001
29.0,89.36469903123886,74.27698003589195,64.99999999999999
30.0,89.36469903123886,74.32201820687341,65.00000000000001
31.0,89.36469903123886,74.36453049445285,64.99999999999999
32.0,89.36469903123886,74.40474450087555,65.00000000000001
33.0,89.36469903123886,74.44286011358155,64.99999999999999
34.0,89.36469903123886,74.47905369853865,65.00000000000001
35.0,89.36469903123886,74.51348154331151,64.99999999999999
36.0,89.36469903123886,74.54628270351762,65.00000000000001
37.0,89.36469903123886,74.57758137112009,64.99999999999999
38.0,89.36469903123886,74.60748885667648,65.00000000000001
39.0,89.36469903123886,74.63610525777354,64.99999999999999
40.0,89.36469903123886,74.66352087072079,65.00000000000001
41.0,89.36469903123886,74.68981739092412,64.99999999999999
42.0,89.36469903123886,74.71506893833481,65.00000000000001
43.0,89.36469903123886,74.7393429373224,64.99999999999999
44.0,89.36469903123886,74.76270087478187,65.00000000000001
45.0,89.36469903123886,74.7851989559015,64.99999999999999
46.0,89.36469903123886,74.80688867352798,65.00000000000001
47.0,89.36469903123886,74.82781730426788,64.99999999999999
48.0,89.36469903123886,74.84802834221315,65.00000000000001
49.0,89.36469903123886,74.86756187935136,64.99999999999999
50.0,89.36469903123886,74.88645494023764,65.00000000000001
51.0,89.36469903123886,74.90474177728804,64.99999999999999
52.0,89.36469903123886,74.92245413205588,65.00000000000001
53.0,89.36469903123886,74.9396214670271,64.99999999999999
54.0,89.36469903123886,74.9562711717871,65.00000000000001
55.0,89.36469903123886,74.97242874684181,64.99999999999999
56.0,75.01872222801408,74.98811796790032,65.00000000000001
57.0,75.01872222801408,74.98734838955649,64.99999999999999
58.0,75.01872222801408,74.98615340779172,65.0
59.0,75.01872222801408,74.98455244838712,65.0
60.0,75.01872222801408,74.98256371749208,64.99999999999999
61.0,75.01872222801408,74.9893430313638,65.0
62.0,75.01872222801408,74.8729219007437,65.0
63.0,75.01872222801408,74.53326619318919,65.0
64.0,75.01872222801408,73.58739363967045,65.0
65.0,75.01872222801408,70.9942252663223,65.0
66.0,75.01872222801408,54.050999002616436,65.0
67.0,75.01872222801408,65.0,65.0
68.0,75.01872222801408,65.0,65.0
69.0,75.01872222801408,65.0,65.0
70.0,75.01872222801408,65.0,65.0
71.0,75.01872222801408,65.0,65.0
72.0,75.01872222801408,65.0,65.0
73.0,75.01872222801408,65.0,65.0
74.0,75.01872222801408,65.0,65.0
75.0,75.01872222801408,65.0,65.0
76.0,75.01872222801408,65.0,65.0
77.0,75.01872222801408,64.99999999999999,64.99999999999999
78.0,75.01872222801408,65.0,65.0
79.0,75.01872222801408,65.00000000000001,65.00000000000001
80.0,75.01872222801408,64.99999999999999,64.99999999999999
81.0,75.01872222801408,65.00000000000001,65.00000000000001
82.0,75.01872222801408,64.99999999999999,64.99999999999999
83.0,75.01872222801408,65.00000000000001,65.00000000000001
84.0,75.01872222801408,64.99999999999999,64.99999999999999
85.0,75.01872222801408,65.00000000000001,65.00000000000001
86.0,75.01872222801408,64.99999999999999,64.99999999999999
87.0,75.01872222801408,65.00000000000001,65.00000000000001
88.0,75.01872222801408,64.99999999999999,64.99999999999999
89.0,75.01872222801408,65.00000000000001,65.00000000000001
90.0,75.01872222801408,64.99999999999999,64.99999999999999
91.0,75.01872222801408,65.00000000000001,65.00000000000001
92.0,75.01872222801408,64.99999999999999,64.99999999999999
93.0,75.01872222801408,65.00000000000001,65.00000000000001
94.0,75.01872222801408,64.99999999999999,64.99999999999999
95.0,75.01872222801408,65.00000000000001,65.00000000000001
96.0,75.01872222801408,64.99999999999999,64.99999999999999
97.0,75.01872222801408,65.00000000000001,65.00000000000001
98.0,75.01872222801408,64.99999999999999,64.99999999999999
99.0,75.01872222801408,65.00000000000001,65.00000000000001
100.0,75.01872222801408,64.99999999999999,64.99999999999999
101.0,75.01872222801408,65.00000000000001,65.00000000000001
102.0,75.01872222801408,64.99999999999999,64.99999999999999
103.0,75.01872222801408,65.00000000000001,65.00000000000001
104.0,75.01872222801408,64.99999999999999,64.99999999999999
105.0,75.01872222801408,65.00000000000001,65.00000000000001
106.0,75.01872222801408,64.99999999999999,64.99999999999999
107.0,72.5835815749735,65.00000000000001,65.00000000000001
108.0,72.5835815749735,65.01199999999999,64.99999999999999
109.0,72.5835815749735,65.02400000000002,65.00000000000001
110.0,72.5835815749735,65.03599999999999,64.99999999999999
111.0,72.5835815749735,65.048,65.00000000000001
112.0,72.5835815749735,65.05315136214305,64.99999999999999
113.0,72.5835815749735,65.15036432870217,65.00000000000001
114.0,72.5835815749735,65.41461656919034,64.99999999999999
115.0,72.5835815749735,66.132928632639,65.00000000000001
116.0,72.5835815749735,68.08550326187434,64.99999999999999
117.0,72.5835815749735,73.20526680779794,65.00000000000001
118.0,72.5835815749735,73.38186386506683,64.99999999999999
119.0,72.5835815749735,73.53589838486225,65.00000000000001
120.0,72.5835815749735,73.67179882264863,64.99999999999999
121.0,72.5835815749735,73.7928650970509,65.00000000000001
122.0,72.5835815749735,73.90161332303406,64.99999999999999
123.0,72.5835815749735,74.0,65.00000000000001
124.0,72.5835815749735,74.089572499564,64.99999999999999
125.0,72.5835815749735,74.17157287525382,65.00000000000001
126.0,72.5835815749735,74.24701119355325,64.99999999999999
127.0,72.5835815749735,74.31671842700025,65.00000000000001
128.0,72.5835815749735,74.38138531716808,64.99999999999999
129.0,72.5835815749735,74.44159140373267,65.00000000000001
130.0,72.5835815749735,74.4978270313151,64.99999999999999
131.0,72.5835815749735,74.55051025721683,65.00000000000001
132.0,72.5835815749735,74.6,64.99999999999999
133.0,72.5835815749735,74.64660637834179,65.00000000000001
134.0,72.5835815749735,74.6905989232415,64.99999999999999
135.0,72.5835815749735,74.73221316194464,65.00000000000001
136.0,72.5835815749735,74.77165594187538,64.99999999999999
137.0,72.5835815749735,74.80910976997934,65.00000000000001
138.0,72.5835815749735,74.84473637567869,64.99999999999999
139.0,72.5835815749735,74.87867965644035,65.00000000000001
140.0,72.5835815749735,74.91106812853162,64.99999999999999
141.0,72.5835815749735,74.9420169782899,65.00000000000001
142.0,72.5835815749735,74.97162978865155,64.99999999999999
143.0,72.5835815749735,75.0,65.00000000000001
144.0,72.5835815749735,75.02721215233571,64.99999999999999
145.0,72.5835815749735,75.05334294643085,65.00000000000001
146.0,72.5835815749735,75.07846215433895,64.99999999999999
147.0,72.5835815749735,75.10263340389898,65.00000000000001
148.0,72.5835815749735,75.12591485733672,64.99999999999999
149.0,72.5835815749735,75.1483598004549,65.00000000000001
150.0,72.5835815749735,75.17001715600874,64.99999999999999
151.0,72.5835815749735,75.19093193253342,65.00000000000001
152.0,72.5835815749735,75.21114561800016,64.99999999999999
153.0,72.5835815749735,75.23069652614124,65.00000000000001
154.0,72.5835815749735,75.24962010202526,64.99999999999999
155.0,72.5835815749735,75.26794919243112,65.00000000000001
156.0,72.5835815749735,75.28571428571428,64.99999999999999
157.0,72.5835815749735,75.30294372515229,65.00000000000001
158.0,72.5835815749735,75.31966389916639,64.99999999999999
159.0,72.5835815749735,75.33589941132432,65.00000000000001
160.0,72.5835815749735,75.35167323261572,64.99999999999999
161.0,72.5835815749735,75.36700683814455,65.00000000000001
162.0,72.5835815749735,75.38192033008822,64.99999999999999
163.0,72.5835815749735,75.39643254852545,65.00000000000001
164.0,72.5835815749735,75.41056117152193,64.99999999999999
165.0,72.5835815749735,75.42432280568333,65.00000000000001
166.0,72.5835815749735,75.43773306823012,64.99999999999999
167.0,75.07490314375458,75.45080666151703,65.00000000000001
168.0,75.07490314375458,75.47764498741888,64.99999999999999
169.0,75.07490314375458,75.504173569225,65.00000000000001
170.0,75.07490314375458,75.53040474780401,64.99999999999999
171.0,75.07490314375458,75.5563501864546,65.00000000000001
172.0,75.07490314375458,75.57398087591027,64.99999999999999
173.0,75.07490314375458,75.69942414904978,65.00000000000001
174.0,75.07490314375458,76.02071085482925,64.99999999999999
175.0,75.07490314375458,76.87480165996834,65.00000000000001
176.0,75.07490314375458,79.17763401532174,64.99999999999999
177.0,75.07490314375458,74.63267321935467,65.00000000000001
178.0,75.07490314375458,64.99999999999999,64.99999999999999
179.0,75.07490314375458,65.00000000000001,65.00000000000001
180.0,69.08203236301439,64.99999999999999,64.99999999999999
181.0,67.08634661364603,64.98200000000001,65.00000000000001
182.0,67.08634661364603,64.9579988,65.0
183.0,67.08634661364603,64.9339976,65.0
184.0,67.08634661364603,64.9099964,65.0
185.0,67.08634661364603,64.89626815678541,65.0
186.0,67.08634661364603,64.74787251073901,65.0
187.0,67.08634661364603,64.30287794543054,65.00000000000001
188.0,67.08634661364603,63.09325730478941,65.0
189.0,67.08634661364603,59.805167498005716,65.0
190.0,67.08634661364603,55.25167301093868,65.0
191.0,67.08634661364603,52.51468220435341,65.0
192.0,67.08634661364603,56.46410161513776,65.0
193.0,67.08634661364603,56.32820117735137,65.0
194.0,67.08634661364603,56.2071349029491,65.0
195.0,67.08634661364603,56.09838667696594,65.0
196.0,67.08634661364603,56.0,65.0
197.0,67.08634661364603,55.91042750043599,65.0
198.0,67.08634661364603,55.82842712474619,65.0
199.0,67.08634661364603,55.75298880644675,65.0
200.0,67.08634661364603,55.68328157299974,65.0
201.0,67.08634661364603,55.61861468283191,65.0
202.0,67.08634661364603,55.55840859626733,65.0
203.0,67.08634661364603,55.502172968684896,65.0
204.0,67.08634661364603,55.44948974278318,65.0
205.0,67.08634661364603,55.4,65.0
206.0,67.08634661364603,55.35339362165822,65.0
207.0,67.08634661364603,55.3094010767585,65.0
208.0,67.08634661364603,55.26778683805537,65.0
209.0,67.08634661364603,55.22834405812463,65.0
210.0,67.08634661364603,55.19089023002067,65.0
211.0,67.08634661364603,55.1552636243213,65.0
212.0,67.08634661364603,55.12132034355964,65.0
213.0,67.08634661364603,55.08893187146837,65.0
214.0,67.08634661364603,55.05798302171011,65.0
215.0,67.08634661364603,55.02837021134843,65.0
216.0,67.08634661364603,55.0,65.0
217.0,67.08634661364603,54.97278784766428,65.0
218.0,67.08634661364603,54.94665705356916,65.0
219.0,67.08634661364603,54.92153784566104,65.0
220.0,67.08634661364603,54.89736659610103,65.0
221.0,67.08634661364603,54.87408514266326,65.0
222.0,67.08634661364603,54.8516401995451,65.0
223.0,67.08634661364603,54.82998284399125,65.0
224.0,67.08634661364603,54.80906806746659,65.0
225.0,67.08634661364603,54.78885438199982,65.0
226.0,67.08634661364603,54.76930347385877,65.0
227.0,67.08634661364603,54.75037989797473,65.0
228.0,67.08634661364603,54.732050807568875,65.0
229.0,62.94521016151378,54.7142857142857,65.0
230.0,62.94521016151378,54.70700268500923,65.0
231.0,62.94521016151378,54.70022892115664,65.0
232.0,62.94521016151378,54.69393981916024,65.0
233.0,62.94521016151378,54.68811240803032,65.0
234.0,62.94521016151378,54.677048599231966,65.0
235.0,62.94521016151378,54.74271177715614,65.0
236.0,62.94521016151378,54.94722965621846,65.0
237.0,62.94521016151378,55.52848656714057,65.0
238.0,62.94521016151378,57.13315061075759,65.0
239.0,62.94521016151378,61.36334602802098,65.0
240.0,62.94521016151378,61.496647998476796,65.0
241.0,62.94521016151378,61.61157142859832,65.0
242.0,62.94521016151378,61.711773851351914,65.0
243.0,62.94521016151378,61.79997812121416,65.0
244.0,62.94521016151378,61.87825810084104,65.0
245.0,62.94521016151378,61.94822443620583,65.0
246.0,62.94521016151378,62.011149247875295,65.0
247.0,62.94521016151378,62.06805213589971,65.0
248.0,62.94521016151378,62.11976092515048,65.0
249.0,62.94521016151378,62.166955473219055,65.0
250.0,62.94521016151378,62.210199851847676,65.0
251.0,62.94521016151378,62.24996637974493,65.0
252.0,62.94521016151378,62.28665383708749,65.0
253.0,62.94521016151378,62.32060145552214,65.0
254.0,62.94521016151378,62.352099794136855,65.0
255.0,62.94521016151378,62.38139928819363,65.0
256.0,62.94521016151378,62.40871703666368,65.0
257.0,62.94521016151378,62.43424224151433,65.0
258.0,62.94521016151378,62.458140603897334,65.0
259.0,62.94521016151378,62.4805579054051,65.0
260.0,62.94521016151378,62.50162294687278,65.0
261.0,62.94521016151378,62.52144997642981,65.0
262.0,62.94521016151378,62.54014070832168,65.0
263.0,62.94521016151378,62.55778601144337,65.0
264.0,62.94521016151378,62.57446732947407,65.0
265.0,62.94521016151378,62.59025788150675,65.0
266.0,62.94521016151378,62.60522368207845,65.0
267.0,62.94521016151378,62.619424411768904,65.0
268.0,62.94521016151378,62.63291416349608,65.0
269.0,62.94521016151378,62.64574208489006,65.0
270.0,62.94521016151378,62.65795293337047,65.0
271.0,62.94521016151378,62.669587557561506,65.0
272.0,62.94521016151378,62.680683316283684,65.0
273.0,62.94521016151378,62.6912744444303,65.0
274.0,62.94521016151378,62.70139237347504,65.0
275.0,62.94521016151378,62.71106601308341,65.0
276.0,62.94521016151378,62.72032199926159,65.0
277.0,62.94521016151378,62.729184913619015,65.0
278.0,62.94521016151378,62.737677477617325,65.0
279.0,62.94521016151378,62.745820725090994,65.0
280.0,62.94521016151378,62.75363415583963,65.0
281.0,62.94521016151378,62.761135872683674,65.0
282.0,62.94521016151378,62.768342704035284,65.0
283.0,62.94521016151378,62.775270313747455,65.0
284.0,62.94521016151378,62.78193329976377,65.0
285.0,62.94521016151378,62.788345282883746,65.0
286.0,62.94521016151378,62.79451898678594,65.0
287.0,62.94521016151378,62.800466310300486,65.0
288.0,62.94521016151378,62.806198392796944,65.0
289.0,62.94521016151378,62.81172567344279,65.0
290.0,62.94521016151378,62.81705794499542,65.0
291.0,62.94521016151378,62.822204402708536,65.0
292.0,62.94521016151378,62.82717368886474,65.0
293.0,62.94521016151378,62.831973933384866,65.0
294.0,62.94521016151378,62.836612790913044,65.0
295.0,62.94521016151378,62.84109747472943,65.0
296.0,62.94521016151378,62.845434787804045,65.0
297.0,62.94521016151378,62.849631151268994,65.0
298.0,62.94521016151378,62.853692630556964,65.0
299.0,62.94521016151378,62.85762495942606,65.0
300.0,62.94521016151378,62.861433562068356,65.0
301.0,62.94521016151378,62.865123573477995,65.0
302.0,62.94521016151378,62.868699858237186,65.0
303.0,62.94521016151378,62.87216702786119,65.0
304.0,62.94521016151378,62.87552945683035,65.0
305.0,62.94521016151378,62.87879129742303,65.0
306.0,62.94521016151378,62.881956493453366,65.0
307.0,62.94521016151378,62.88502879300666,65.0
308.0,62.94521016151378,62.88801176025692,65.0
309.0,62.94521016151378,62.890908786442544,65.0
310.0,62.94521016151378,62.893723100069565,65.0
311.0,62.94521016151378,62.896457776404695,65.0
312.0,62.94521016151378,62.89911574631548,65.0
313.0,62.94521016151378,62.90169980450903,65.0
314.0,62.94521016151378,62.90421261721675,65.0
315.0,62.94521016151378,62.90665672936753,65.0
316.0,62.94521016151378,62.90903457128915,65.0
317.0,62.94521016151378,62.91134846497315,65.0
318.0,62.94521016151378,62.91360062993644,65.0
319.0,62.94521016151378,62.91579318870885,65.0
320.0,62.94521016151378,62.917928171974836,65.0
321.0,62.94521016151378,62.920007523393906,65.0
322.0,62.94521016151378,62.922033104123244,65.0
323.0,62.94521016151378,62.92400669706331,65.0
324.0,62.94521016151378,62.925930010846486,65.0
325.0,62.94521016151378,62.927804683586054,65.0
326.0,62.94521016151378,62.929632286402715,65.0
327.0,62.94521016151378,62.931414326743244,65.0
328.0,62.94521016151378,62.93315225150594,65.0
329.0,62.94521016151378,62.93484744998525,65.0
330.0,62.94521016151378,62.93650125664817,65.0
331.0,62.94521016151378,62.93811495375306,65.0
332.0,62.94521016151378,62.93968977382132,65.0
333.0,62.94521016151378,62.94122690197148,65.0
334.0,62.94521016151378,62.9427274781245,65.0
335.0,62.94521016151378,62.944192599088275,65.0
336.0,62.94521016151378,62.94562332052931,65.0
337.0,62.94521016151378,62.94702065883819,65.0
338.0,62.94521016151378,62.94838559289579,65.0
339.0,62.94521016151378,62.94971906574599,65.0
340.0,62.94521016151378,62.95102198618082,65.0
341.0,62.94521016151378,62.95229523024315,65.0
342.0,62.94521016151378,62.953539642651975,65.0
343.0,62.94521016151378,62.954756038154734,65.0
344.0,62.94521016151378,62.95594520281122,65.0
345.0,62.94521016151378,62.95710789521261,65.0
346.0,62.94521016151378,62.95824484764,65.0
347.0,62.94521016151378,62.95935676716518,65.0
348.0,62.94521016151378,62.960444336697755,65.0
349.0,62.94521016151378,62.96150821598075,65.0
350.0,62.94521016151378,62.96254904253846,65.0
351.0,62.94521016151378,62.963567432578486,65.0
352.0,62.94521016151378,62.96456398185095,65.0
353.0,62.94521016151378,62.96553926646698,65.0
354.0,62.94521016151378,62.966493843678876,65.0
355.0,62.94521016151378,62.96742825262373,65.0
356.0,62.94521016151378,62.96834301503288,65.0
357.0,62.94521016151378,62.96923863590852,65.0
358.0,62.94521016151378,62.9701156041697,65.0
359.0,62.94521016151378,62.97097439326884,65.0
360.0,62.94521016151378,62.97181546178078,65.0
361.0,62.94521016151378,62.97263925396525,65.0
362.0,62.94521016151378,62.973446200304636,65.0
363.0,62.94521016151378,62.97423671801792,65.0
364.0,62.94521016151378,62.97501121155225,65.0
365.0,62.94521016151378,62.97577007305299,65.0
366.0,62.94521016151378,62.97651368281378,65.0
367.0,62.94521016151378,62.977242409706946,65.0
368.0,62.94521016151378,62.97795661159591,65.0
369.0,62.94521016151378,62.97865663572991,65.0
370.0,62.94521016151378,62.97934281912236,65.0
371.0,62.94521016151378,62.98001548891316,65.0
372.0,62.94521016151378,62.9806749627163,65.0
373.0,62.94521016151378,62.98132154895273,65.0
374.0,62.94521016151378,62.98195554717004,65.0
375.0,62.94521016151378,62.98257724834877,65.0
376.0,62.94521016151378,62.98318693519658,65.0
377.0,62.94521016151378,62.9837848824304,65.0
378.0,62.94521016151378,62.984371357047515,65.0
379.0,62.94521016151378,62.984946618585695,65.0
380.0,62.94521016151378,62.98551091937323,65.0
381.0,62.94521016151378,62.98606450476897,65.0
382.0,62.94521016151378,62.98660761339331,65.0
383.0,62.94521016151378,62.98714047734976,65.0
384.0,62.94521016151378,62.98766332243857,65.0
385.0,62.94521016151378,62.98817636836159,65.0
386.0,62.94521016151378,62.988679828919764,65.0
387.0,62.94521016151378,62.98917391220289,65.0
388.0,62.94521016151378,62.98965882077246,65.0
389.0,62.94521016151378,62.99013475183739,65.0
390.0,62.94521016151378,62.99060189742347,65.0
391.0,62.94521016151378,62.991060444536345,65.0
392.0,62.94521016151378,62.9915105753187,65.0
393.0,62.94521016151378,62.991952467201465,65.0
394.0,62.94521016151378,62.99238629304978,65.0
395.0,62.94521016151378,62.99281222130336,65.0
396.0,62.94521016151378,62.993230416112205,65.0
397.0,62.94521016151378,62.993641037467036,65.0
398.0,62.94521016151378,62.99404424132549,65.0
399.0,62.94521016151378,62.99444017973348,65.0
400.0,62.94521016151378,62.994829000942566,65.0
401.0,62.94521016151378,62.99521084952308,65.0
402.0,62.94521016151378,62.99558586647331,65.0
403.0,62.94521016151378,62.99595418932498,65.0
404.0,62.94521016151378,62.996315952245006,65.0
405.0,62.94521016151378,62.99667128613379,65.0
406.0,62.94521016151378,62.99702031872018,65.0
407.0,62.94521016151378,62.99736317465323,65.0
408.0,62.94521016151378,62.99769997559082,65.0
409.0,62.94521016151378,62.99803084028523,65.0
410.0,62.94521016151378,62.998355884666076,65.0
411.0,62.94521016151378,62.99867522192019,65.0
412.0,62.94521016151378,62.99898896256915,65.0
413.0,62.94521016151378,62.99929721454401,65.0
414.0,62.94521016151378,62.999600083257775,65.0
415.0,62.94521016151378,62.99989767167536,65.0
416.0,62.94521016151378,63.00019008038143,65.0
417.0,62.94521016151378,63.00047740764583,65.0
418.0,62.94521016151378,63.00075974948725,65.0
419.0,62.94521016151378,63.00103719973444,64.99999999999999
420.0,62.94521016151378,63.001309850085875,65.0
421.0,62.94521016151378,63.00157779016721,65.0
422.0,62.94521016151378,63.00184110758721,65.0
423.0,62.94521016151378,63.002099887991555,65.0
424.0,62.94521016151378,63.00235421511545,65.0
425.0,62.94521016151378,63.00260417083414,65.0
426.0,62.94521016151378,63.00284983521217,65.0
427.0,62.94521016151378,63.00309128655088,65.0
428.0,62.94521016151378,63.00332860143482,65.0
429.0,62.94521016151378,63.00356185477623,65.0
430.0,62.94521016151378,63.00379111985868,65.0
431.0,62.94521016151378,63.004016468378985,65.0
432.0,62.94521016151378,63.00423797048819,65.0
433.0,62.94521016151378,63.004455694831,65.0
434.0,62.94521016151378,63.0046697085844,65.0
435.0,62.94521016151378,63.004880077494725,65.0
436.0,62.94521016151378,63.00508686591399,65.0
437.0,62.94521016151378,63.005290136834894,65.0
438.0,62.94521016151378,63.00548995192505,65.0
439.0,62.94521016151378,63.00568637155987,65.0
440.0,62.94521016151378,63.00587945485486,65.0
441.0,62.94521016151378,63.00606925969672,65.0
442.0,62.94521016151378,63.006255842773726,65.0
443.0,62.94521016151378,63.006439259605024,65.0
444.0,62.94521016151378,63.006619564569384,65.0
445.0,62.94521016151378,63.00679681093278,65.0
446.0,62.94521016151378,63.0069710508756,65.0
447.0,62.94521016151378,63.007142335518665,65.0
448.0,62.94521016151378,63.00731071494888,65.0
449.0,62.94521016151378,63.00747623824385,65.0
450.0,62.94521016151378,63.00763895349613,65.0
451.0,62.94521016151378,63.00779890783648,65.0
452.0,62.94521016151378,63.00795614745684,65.0
453.0,62.94521016151378,63.008110717632206,65.0
454.0,62.94521016151378,63.0082626627424,65.0
455.0,62.94521016151378,63.008412026292895,65.0
456.0,62.94521016151378,63.00855885093525,65.0
457.0,62.94521016151378,63.008703178486826,65.0
458.0,62.94521016151378,63.00884504995028,65.0
459.0,62.94521016151378,63.00898450553211,65.0
460.0,62.94521016151378,63.00912158466111,65.0
461.0,62.94521016151378,63.00925632600601,65.0
462.0,62.94521016151378,63.00938876749291,65.0
463.0,62.94521016151378,63.00951894632201,65.0
464.0,62.94521016151378,63.00964689898414,65.0
465.0,62.94521016151378,63.009772661276635,65.0
466.0,62.94521016151378,63.00989626831898,65.0
467.0,62.94521016151378,63.01001775456788,65.0
468.0,62.94521016151378,63.01013715383211,65.0
469.0,62.94521016151378,63.010254499286766,65.0
470.0,62.94521016151378,63.01036982348746,65.0
471.0,62.94521016151378,63.01048315838378,65.0
472.0,62.94521016151378,63.010594535332736,65.0
473.0,62.94521016151378,63.010703985111626,65.0
474.0,62.94521016151378,63.0108115379307,65.0
475.0,62.94521016151378,63.010917223445496,65.0
476.0,62.94521016151378,63.011021070768834,65.0
477.0,62.94521016151378,63.011123108482444,65.0
478.0,62.94521016151378,63.01122336464854,65.0
479.0,62.94521016151378,63.01132186682073,65.0
480.0,62.94521016151378,63.01141864205507,65.0
481.0,62.94521016151378,63.01151371692049,65.0
482.0,62.94521016151378,63.01160711750922,65.0
483.0,62.94521016151378,63.01169886944678,65.0
484.0,62.94521016151378,63.011788997901846,65.0
485.0,62.94521016151378,63.0118775275958,65.0
486.0,62.94521016151378,63.01196448281212,65.0
487.0,62.94521016151378,63.0120498874054,65.0
488.0,62.94521016151378,63.01213376481042,65.0
489.0,62.94521016151378,63.01221613805068,65.0
490.0,62.94521016151378,63.01229702974694,65.0
491.0,62.94521016151378,63.01237646212547,65.0
492.0,62.94521016151378,63.01245445702619,65.0
493.0,62.94521016151378,63.01253103591048,65.0
494.0,62.94521016151378,63.01260621986895,65.0
495.0,62.94521016151378,63.012680029628875,65.0
496.0,62.94521016151378,63.01275248556164,65.0
497.0,62.94521016151378,63.012823607689825,65.0
498.0,62.94521016151378,63.01289341569427,65.0
499.0,62.94521016151378,63.012961928920824,65.0
500.0,62.94521016151378,63.013029166387206,65.0
501.0,62.94521016151378,63.01309514678929,65.0
502.0,62.94521016151378,63.013159888507715,65.0
503.0,62.94521016151378,63.01322340961394,65.0
504.0,62.94521016151378,63.01328572787646,65.0
505.0,62.94521016151378,63.01334686076665,65.0
506.0,62.94521016151378,63.01340682546469,65.0
507.0,62.94521016151378,63.013465638865135,65.0
508.0,62.94521016151378,63.013523317582575,65.0
509.0,62.94521016151378,63.013579877956964,65.0
510.0,62.94521016151378,63.01363533605903,65.0
511.0,62.94521016151378,63.013689707695384,65.0
512.0,62.94521016151378,63.01374300841363,65.0
513.0,62.94521016151378,63.01379525350732,65.0
514.0,62.94521016151378,63.01384645802085,65.0
515.0,62.94521016151378,63.01389663675406,65.0
516.0,62.94521016151378,63.01394580426711,65.0
517.0,62.94521016151378,63.013993974884755,65.0
518.0,62.94521016151378,63.014041162701005,65.0
519.0,62.94521016151378,63.014087381583316,65.0
520.0,62.94521016151378,63.01413264517694,65.0
521.0,62.94521016151378,63.01417696690901,65.0
522.0,62.94521016151378,63.01422035999267,65.0
523.0,62.94521016151378,63.014262837430955,65.0
524.0,62.94521016151378,63.01430441202083,65.0
525.0,62.94521016151378,63.01434509635683,65.0
526.0,62.94521016151378,63.01438490283493,65.0
527.0,62.94521016151378,63.01442384365612,65.0
528.0,62.94521016151378,63.014461930830045,65.0
529.0,62.94521016151378,63.014499176178354,65.0
530.0,62.94521016151378,63.01453559133834,65.0
531.0,62.94521016151378,63.01457118776606,65.0
532.0,62.94521016151378,63.01460597673984,65.0
533.0,62.94521016151378,63.014639969363266,65.0
534.0,62.94521016151378,63.01467317656852,65.0
535.0,62.94521016151378,63.01470560911934,65.0
536.0,62.94521016151378,63.01473727761408,65.0
537.0,62.94521016151378,63.014768192488674,65.0
538.0,62.94521016151378,63.0147983640195,65.0
539.0,62.94521016151378,63.01482780232618,65.0
540.0,62.94521016151378,63.01485651737452,65.0
541.0,62.94521016151378,63.01488451897897,65.0
542.0,62.94521016151378,63.01491181680555,65.0
543.0,62.94521016151378,63.01493842037424,65.0
544.0,62.94521016151378,63.01496433906171,65.0
545.0,62.94521016151378,63.01498958210368,65.0
546.0,62.94521016151378,63.01501415859753,65.0
547.0,62.94521016151378,63.01503807750452,65.0
548.0,62.94521016151378,63.01506134765233,65.0
549.0,62.94521016151378,63.01508397773721,65.0
550.0,62.94521016151378,63.015105976326396,65.0
551.0,62.94521016151378,63.0151273518602,65.0
552.0,62.94521016151378,63.01514811265426,65.0
553.0,62.94521016151378,63.01516826690165,65.0
554.0,62.94521016151378,63.01518782267497,65.0
555.0,62.94521016151378,63.015206787928385,65.0
556.0,62.94521016151378,63.01522517049968,65.0
557.0,62.94521016151378,63.015242978112134,65.0
558.0,62.94521016151378,63.015260218376596,65.0
559.0,62.94521016151378,63.015276898793225,65.0
560.0,62.94521016151378,63.015293026753476,65.0
561.0,62.94521016151378,63.0153086095418,65.0
562.0,62.94521016151378,63.01532365433757,65.0
563.0,62.94521016151378,63.01533816821669,65.0
564.0,62.94521016151378,63.015352158153455,65.0
565.0,62.94521016151378,63.01536563102207,65.0
566.0,62.94521016151378,63.01537859359852,65.0
567.0,62.94521016151378,63.015391052561945,65.0
568.0,62.94521016151378,63.01540301449646,65.0
569.0,62.94521016151378,63.015414485892514,65.0
570.0,62.94521016151378,63.01542547314863,65.0
571.0,62.94521016151378,63.01543598257271,65.0
572.0,62.94521016151378,63.01544602038365,65.0
573.0,62.94521016151378,63.015455592712705,65.0
574.0,62.94521016151378,63.015464705604984,65.0
575.0,62.94521016151378,63.015473365020746,65.0
576.0,62.94521016151378,63.01548157683687,65.0
577.0,62.94521016151378,63.01548934684811,65.0
578.0,62.94521016151378,63.015496680768514,65.0
579.0,62.94521016151378,63.01550358423257,65.0
580.0,62.94521016151378,63.015510062796665,65.0
581.0,62.94521016151378,63.0155161219401,65.0
582.0,62.94521016151378,63.01552176706661,65.0
583.0,62.94521016151378,63.015527003505234,65.0
584.0,62.94521016151378,63.01553183651179,65.0
585.0,62.94521016151378,63.0155362712698,65.0
586.0,62.94521016151378,63.01554031289181,65.0
587.0,62.94521016151378,63.01554396642035,65.0
588.0,62.94521016151378,63.015547236829214,65.0
589.0,62.94521016151378,63.0155501290243,65.0
590.0,62.94521016151378,63.01555264784491,65.0
591.0,62.94521016151378,63.01555479806459,65.0
592.0,62.94521016151378,63.01555658439232,65.0
593.0,62.94521016151378,63.01555801147333,65.0
594.0,62.94521016151378,63.0155590838903,65.0
595.0,62.94521016151378,63.0155598061641,65.0
596.0,62.94521016151378,63.01556018275496,65.0
597.0,62.94521016151378,63.01556021806319,65.0
598.0,62.94521016151378,63.01555991643031,65.0
599.0,62.94521016151378,63.01555928213975,65.0
600.0,62.94521016151378,63.01555831941787,65.0
601.0,62.94521016151378,63.01555703243479,65.0
602.0,62.94521016151378,63.01555542530522,65.0
603.0,62.94521016151378,63.015553502089325,65.0
604.0,62.94521016151378,63.01555126679359,65.0
605.0,62.94521016151378,63.015548723371495,65.0
606.0,62.94521016151378,63.01554587572446,65.0
607.0,62.94521016151378,63.015542727702574,65.0
608.0,62.94521016151378,63.01553928310535,65.0
609.0,62.94521016151378,63.01553554568244,65.0
610.0,62.94521016151378,63.015531519134534,65.0
611.0,62.94521016151378,63.01552720711387,65.0
612.0,62.94521016151378,63.01552261322516,65.0
613.0,62.94521016151378,63.01551774102614,65.0
614.0,62.94521016151378,63.015512594028344,65.0
615.0,62.94521016151378,63.01550717569779,65.0
616.0,62.94521016151378,63.01550148945562,65.0
617.0,62.94521016151378,63.01549553867874,65.0
618.0,62.94521016151378,63.01548932670057,65.0
619.0,62.94521016151378,63.01548285681148,65.0
620.0,62.94521016151378,63.015476132259714,65.0
621.0,62.94521016151378,63.01546915625169,65.0
622.0,62.94521016151378,63.01546193195284,65.0
623.0,62.94521016151378,63.015454462488094,65.0
624.0,62.94521016151378,63.01544675094249,65.0
