"tick","donation-normed-big","donation-big group","donation-valued-big"
1.0,55.0,60.121475197315824,95.0
2.0,55.0,60.0800050800076,95.0
3.0,55.0,60.039526306789725,95.0
4.0,55.0,60.0,95.0
5.0,55.0,59.961389383568374,95.0
6.0,55.0,59.92365963917336,95.0
7.0,55.0,59.88677777425214,95.0
8.0,55.0,59.850712500726665,95.0
9.0,55.0,59.8154341234308,95.0
10.0,55.0,59.7809144373376,95.0
11.0,55.0,59.74712663277538,95.0
12.0,55.0,59.714045207910246,95.0
13.0,55.0,59.681645887845214,95.0
14.0,55.0,59.6499055497528,95.0
15.0,55.0,59.61880215351705,95.0
16.0,55.0,59.58831467741128,95.0
17.0,55.0,59.55842305838545,95.0
18.0,55.0,59.529108136578415,95.0
19.0,55.0,59.50035160370408,95.0
20.0,55.0,59.47213595499955,95.0
21.0,55.0,59.44444444444438,95.0
22.0,55.0,59.41726104299383,95.0
23.0,55.0,59.390570399587574,95.0
24.0,55.0,59.364357804719894,95.0
25.0,55.0,59.338609156373096,95.0
26.0,55.0,59.31331092813753,95.0
27.0,55.0,59.28845013935113,95.0
28.0,55.0,59.264014327112235,95.0
29.0,55.0,59.23999152002538,95.0
30.0,55.0,59.216370213557795,95.0
31.0,55.0,59.19313934688763,95.0
32.0,55.0,59.170288281141445,95.0
33.0,55.0,59.147806778921684,95.0
34.0,55.0,59.12568498503516,95.0
35.0,55.0,59.10391340834064,95.0
36.0,55.0,59.082482904638674,95.0
37.0,55.0,59.061384660534415,95.0
38.0,55.0,59.04061017820881,95.0
39.0,55.0,59.02015126103685,95.0
40.0,55.0,59.0,95.0
41.0,55.0,58.98014876084001,95.0
42.0,55.0,58.96059017190676,95.0
43.0,55.0,58.941317112657124,95.0
44.0,55.0,58.922322702763715,95.0
45.0,55.0,58.903600291794184,95.0
46.0,55.0,58.88514344942905,95.0
47.0,55.0,58.866945956182605,95.0
48.0,55.0,58.84900179459749,95.0
49.0,55.147953144357665,53.942243535766686,86.81818181818181
50.0,55.147953144357665,53.931068958090925,86.81818181818181
51.0,55.147953144357665,53.92010929853301,86.81818181818181
52.0,55.147953144357665,53.9093597490249,86.81818181818181
53.0,55.147953144357665,53.896137029954474,86.81818181818181
54.0,55.147953144357665,53.91912213349899,86.81818181818181
55.0,55.147953144357665,54.0076357461449,86.81818181818181
56.0,55.147953144357665,54.273932326861576,86.81818181818181
57.0,55.147953144357665,55.02315855362597,86.81818181818181
58.0,55.147953144357665,57.01131138068685,86.81818181818181
59.0,55.147953144357665,57.06628656125331,86.81818181818181
60.0,55.147953144357665,57.112613699339214,86.81818181818181
61.0,55.147953144357665,57.152021185072684,86.81818181818181
62.0,55.147953144357665,57.18579612337783,86.81818181818181
63.0,55.147953144357665,57.21491916123529,86.81818181818181
64.0,55.147953144357665,57.240152167845935,86.81818181818181
65.0,55.147953144357665,57.262097089485636,86.81818181818181
66.0,55.147953144357665,57.281236547910325,86.81818181818181
67.0,55.147953144357665,57.297962518176995,86.81818181818181
68.0,55.147953144357665,57.31259701296978,86.81818181818181
69.0,55.147953144357665,57.325407279635435,86.81818181818181
70.0,55.147953144357665,57.33661715112992,86.81818181818181
71.0,55.147953144357665,57.346415650571096,86.81818181818181
72.0,55.147953144357665,57.35496360155332,86.81818181818181
73.0,55.147953144357665,57.36239876830108,86.81818181818181
74.0,55.147953144357665,57.36883989699062,86.81818181818181
75.0,55.147953144357665,57.374389925401175,86.81818181818181
76.0,55.147953144357665,57.379138555809206,86.81818181818181
77.0,55.147953144357665,57.38316433516521,86.81818181818181
78.0,55.147953144357665,57.38653635026639,86.81818181818181
79.0,55.147953144357665,57.38931561934857,86.81818181818181
80.0,55.147953144357665,57.39155624228565,86.81818181818181
81.0,55.147953144357665,57.393306357330765,86.81818181818181
82.0,55.147953144357665,57.394608941682286,86.81818181818181
83.0,55.147953144357665,57.39550248510307,86.81818181818181
84.0,55.147953144357665,57.39602155969203,86.81818181818181
85.0,55.147953144357665,57.39619730418645,86.81818181818181
86.0,55.147953144357665,57.39605783752441,86.81818181818181
87.0,55.147953144357665,57.395628613541845,86.81818181818181
88.0,55.147953144357665,57.39493272644097,86.81818181818181
89.0,55.147953144357665,57.39399117488661,86.81818181818181
90.0,55.147953144357665,57.3928230911826,86.81818181818181
91.0,55.147953144357665,57.39144594084105,86.81818181818181
92.0,55.147953144357665,57.389875696949936,86.81818181818181
93.0,55.147953144357665,57.388126993004434,86.81818181818181
94.0,55.147953144357665,57.38621325726801,86.81818181818181
95.0,55.147953144357665,57.38414683123255,86.81818181818181
96.0,55.147953144357665,57.38193907434958,86.81818181818181
97.0,55.147953144357665,57.37960045686412,86.81818181818181
98.0,55.147953144357665,57.37714064231068,86.81818181818181
99.0,55.147953144357665,57.374568560996806,86.81818181818181
100.0,55.147953144357665,57.37189247561209,86.81818181818181
101.0,55.147953144357665,57.369120039931566,86.81818181818181
102.0,55.147953144357665,57.366258351455706,86.81818181818181
103.0,55.147953144357665,57.36331399870468,86.81818181818181
104.0,55.147953144357665,57.36029310379662,86.81818181818181
105.0,55.147953144357665,57.35720136084863,86.81818181818181
106.0,55.147953144357665,57.35404407067512,86.81818181818181
107.0,55.147953144357665,57.35082617219249,86.81818181818181
108.0,55.147953144357665,57.347552270893694,86.81818181818181
109.0,55.147953144357665,57.344226664703775,86.81818181818181
110.0,55.147953144357665,57.34085336749641,86.81818181818181
111.0,55.147953144357665,57.337436130513844,86.81818181818181
112.0,55.147953144357665,57.333978461905815,86.81818181818181
113.0,55.147953144357665,57.33048364457718,86.81818181818181
114.0,55.147953144357665,57.32695475251357,86.81818181818181
115.0,55.147953144357665,57.3233946657319,86.81818181818181
116.0,55.147953144357665,57.319806083992475,86.81818181818181
117.0,55.164179300393464,52.9607041333561,80.0
118.0,55.164179300393464,52.9615644017546,80.0
119.0,55.164179300393464,52.96240509352481,80.0
120.0,55.164179300393464,52.96322812900367,80.0
121.0,55.164179300393464,52.96164101599618,80.0
122.0,55.164179300393464,52.99222465452796,80.0
123.0,55.164179300393464,53.08119297150809,80.0
124.0,55.164179300393464,53.32889038295766,80.0
125.0,55.164179300393464,54.00807862565536,80.0
126.0,55.164179300393464,55.794513664165535,80.0
127.0,55.164179300393464,55.85280146011936,80.0
128.0,55.164179300393464,55.90319545625583,80.00000000000001
129.0,55.164179300393464,55.94724495750495,79.99999999999999
130.0,55.164179300393464,55.98610466588169,80.0
131.0,55.164179300393464,56.02065520373748,80.0
132.0,55.164179300393464,56.05158149396008,80.0
133.0,55.164179300393464,56.07942537415947,79.99999999999999
134.0,55.164179300393464,56.10462189188345,79.99999999999999
135.0,55.164179300393464,56.12752494422958,80.0
136.0,55.164179300393464,56.14842577211993,80.0
137.0,55.164179300393464,56.16756654944188,80.0
138.0,55.164179300393464,56.185150534066764,80.0
139.0,55.164179300393464,56.201349763734655,80.0
140.0,55.164179300393464,56.21631096913661,79.99999999999999
141.0,55.164179300393464,56.23016017265798,80.00000000000001
142.0,55.164179300393464,56.243006304713624,80.0
143.0,55.164179300393464,56.25494407648835,80.0
144.0,55.164179300393464,56.266056283320786,80.00000000000001
145.0,55.164179300393464,56.27641566749177,80.0
146.0,55.164179300393464,56.28608643670808,80.0
147.0,55.164179300393464,56.295125511071284,80.0
148.0,55.164179300393464,56.30358355412861,80.0
149.0,55.164179300393464,56.311505830860455,79.99999999999999
150.0,55.164179300393464,56.3189329259379,80.00000000000001
151.0,55.164179300393464,56.32590134838429,80.0
152.0,55.164179300393464,56.33244404329294,80.0
153.0,55.164179300393464,56.33859082703844,80.0
154.0,55.164179300393464,56.34436875914988,80.0
155.0,55.164179300393464,56.34980246146991,80.0
156.0,55.164179300393464,56.35491439321257,80.00000000000001
157.0,55.164179300393464,56.35972508895602,80.0
158.0,55.164179300393464,56.364253365333724,80.0
159.0,55.164179300393464,56.36851650118236,80.0
160.0,55.164179300393464,56.37253039508778,80.0
161.0,55.164179300393464,56.37630970360775,80.0
162.0,55.164179300393464,56.37986796291681,79.99999999999999
163.0,55.164179300393464,56.3832176961727,80.00000000000001
164.0,55.164179300393464,56.38637050855029,80.0
165.0,55.164179300393464,56.389337171580884,80.0
166.0,55.164179300393464,56.39212769819616,80.0
167.0,55.164179300393464,56.394751409663606,79.99999999999999
168.0,55.164179300393464,56.39721699543057,80.00000000000001
169.0,55.164179300393464,56.39953256675047,80.0
170.0,55.164179300393464,56.40170570484065,80.0
171.0,55.164179300393464,56.40374350422023,80.0
172.0,55.164179300393464,56.405652611789264,80.0
173.0,55.164179300393464,56.40743926213597,80.0
174.0,55.164179300393464,56.409109309494276,79.99999999999999
175.0,55.164179300393464,56.41066825672382,80.00000000000001
176.0,55.164179300393464,56.41212128163302,80.00000000000001
177.0,55.164179300393464,56.41347326093179,80.0
178.0,55.164179300393464,56.4147287920581,80.00000000000001
179.0,55.164179300393464,56.415892213104456,80.0
180.0,55.164179300393464,56.41696762103004,80.0
181.0,55.164179300393464,56.41795888833742,80.0
182.0,55.164179300393464,56.418869678358924,80.00000000000001
183.0,55.164179300393464,56.41970345929175,80.0
184.0,55.164179300393464,56.420463517099606,80.0
185.0,55.164179300393464,56.42115296738784,80.00000000000001
186.0,55.164179300393464,56.421774766348065,79.99999999999999
187.0,55.164179300393464,56.42233172085603,80.0
188.0,55.164179300393464,56.422826497801694,80.0
189.0,55.164179300393464,56.42326163271552,80.0
190.0,55.164179300393464,56.42363953775884,79.99999999999999
191.0,55.164179300393464,56.42396250912646,80.0
192.0,55.164179300393464,56.42423273391774,80.0
193.0,55.164179300393464,56.424452296516876,79.99999999999999
194.0,55.164179300393464,56.42462318452569,79.99999999999999
195.0,55.164179300393464,56.4247472942834,80.0
196.0,55.164179300393464,56.424826436010264,80.00000000000001
197.0,55.12332752628127,52.47292162841888,74.23076923076923
198.0,55.12332752628127,52.476734312434374,74.23076923076924
199.0,55.12332752628127,52.48051006624385,74.23076923076924
200.0,55.12332752628127,52.48425028425021,74.23076923076921
201.0,55.12332752628127,52.48577733171077,74.23076923076921
202.0,55.12332752628127,52.51656186137923,74.23076923076924
203.0,55.12332752628127,52.60046006223721,74.23076923076923
204.0,55.12332752628127,52.82879183337371,74.23076923076923
205.0,55.12332752628127,53.44978833436391,74.23076923076924
206.0,55.12332752628127,55.07843230234592,74.23076923076923
207.0,55.12332752628127,55.13432649229061,74.23076923076923
208.0,55.12332752628127,55.18301586176897,74.23076923076923
209.0,55.12332752628127,55.22591032446119,74.23076923076923
210.0,55.12332752628127,55.264060699953475,74.23076923076921
211.0,55.12332752628127,55.29826839617334,74.23076923076923
212.0,55.12332752628127,55.32915673898729,74.23076923076923
213.0,55.12332752628127,55.35721885313742,74.23076923076923
214.0,55.12332752628127,55.38285069194843,74.23076923076921
215.0,55.12332752628127,55.40637436983261,74.23076923076924
216.0,55.12332752628127,55.428054992160604,74.23076923076923
217.0,55.12332752628127,55.44811302122374,74.23076923076923
218.0,55.12332752628127,55.46673351335951,74.23076923076921
219.0,55.12332752628127,55.484073121815605,74.23076923076923
220.0,55.12332752628127,55.500265477216935,74.23076923076921
221.0,55.12332752628127,55.51542537195816,74.23076923076921
222.0,55.12332752628127,55.52965205060039,74.23076923076923
223.0,55.12332752628127,55.54303182359855,74.23076923076923
224.0,55.12332752628127,55.555640162928995,74.23076923076923
225.0,55.12332752628127,55.567543396789596,74.23076923076924
226.0,55.12332752628127,55.57880009100242,74.23076923076921
227.0,55.12332752628127,55.58946218336001,74.23076923076924
228.0,55.12332752628127,55.599575921506464,74.23076923076923
229.0,55.12332752628127,55.609182643353186,74.23076923076923
230.0,55.12332752628127,55.61831943036142,74.23076923076923
231.0,55.12332752628127,55.62701965747413,74.23076923076921
232.0,55.12332752628127,55.63531345848858,74.23076923076921
233.0,55.12332752628127,55.64322812182677,74.23076923076923
234.0,55.12332752628127,55.650788428688344,74.23076923076923
235.0,55.12332752628127,55.65801694324768,74.23076923076923
236.0,55.12332752628127,55.66493426273944,74.23076923076923
237.0,55.12332752628127,55.67155923382712,74.23076923076923
238.0,55.12332752628127,55.677909140502464,74.23076923076923
239.0,55.12332752628127,55.68399986784545,74.23076923076923
240.0,55.12332752628127,55.68984604522789,74.23076923076923
241.0,55.12332752628127,55.695461171945354,74.23076923076923
242.0,55.12332752628127,55.70085772777414,74.23076923076923
243.0,55.12332752628127,55.706047270546996,74.23076923076923
244.0,55.12332752628127,55.711040522513066,74.23076923076923
245.0,55.12332752628127,55.715847446977904,74.23076923076924
246.0,55.12332752628127,55.72047731649177,74.23076923076923
247.0,55.12332752628127,55.72493877366709,74.23076923076923
248.0,55.12332752628127,55.72923988555125,74.23076923076921
249.0,55.12332752628127,55.733388192346894,74.23076923076923
250.0,55.12332752628127,55.73739075116326,74.23076923076921
251.0,55.12332752628127,55.74125417538785,74.23076923076923
252.0,55.12332752628127,55.74498467018728,74.23076923076921
253.0,55.12332752628127,55.74858806458089,74.23076923076923
254.0,55.12332752628127,55.752069840473126,74.23076923076923
255.0,55.12332752628127,55.75543515897824,74.23076923076923
256.0,55.12332752628127,55.75868888433327,74.23076923076921
257.0,55.12332752628127,55.76183560565695,74.23076923076923
258.0,55.12332752628127,55.76487965677928,74.23076923076924
259.0,55.12332752628127,55.76782513434194,74.23076923076923
260.0,55.12332752628127,55.77067591434712,74.23076923076923
261.0,55.12332752628127,55.77343566730668,74.23076923076923
262.0,55.12332752628127,55.776107872132904,74.23076923076921
263.0,55.12332752628127,55.778695828891024,74.23076923076924
264.0,55.12332752628127,55.781202670523776,74.23076923076923
265.0,55.12332752628127,55.783631373644035,74.23076923076921
266.0,55.12332752628127,55.785984768481775,74.23076923076924
267.0,55.12332752628127,55.78826554806367,74.23076923076923
268.0,55.12332752628127,55.79047627669532,74.23076923076923
269.0,55.12332752628127,55.79261939780476,74.23076923076923
270.0,55.12332752628127,55.794697241208624,74.23076923076923
271.0,55.12332752628127,55.79671202984518,74.23076923076923
272.0,55.12332752628127,55.7986658860251,74.23076923076923
273.0,55.12332752628127,55.800560837236624,74.23076923076923
274.0,55.12332752628127,55.80239882154467,74.23076923076921
275.0,55.12332752628127,55.80418169261572,74.23076923076924
276.0,55.12332752628127,55.80591122440003,74.23076923076923
277.0,55.05481860487151,52.18198733600702,69.28571428571429
278.0,55.05481860487151,52.1870106655214,69.28571428571429
279.0,55.05481860487151,52.19198900249723,69.28571428571429
280.0,55.05481860487151,52.19692373603199,69.28571428571429
281.0,55.05481860487151,52.19981198576358,69.28571428571428
282.0,55.05481860487151,52.22960052638475,69.28571428571429
283.0,55.05481860487151,52.30823235661619,69.28571428571428
284.0,55.05481860487151,52.51970351693565,69.28571428571429
285.0,55.05481860487151,53.092336843241235,69.28571428571429
286.0,55.05481860487151,54.59179284845529,69.28571428571429
287.0,55.05481860487151,54.64462522261829,69.28571428571429
288.0,55.05481860487151,54.6908205106016,69.28571428571429
289.0,55.05481860487151,54.73167564706425,69.28571428571429
290.0,55.05481860487151,54.76815727134249,69.28571428571428
291.0,55.05481860487151,54.8010026132298,69.28571428571429
292.0,55.05481860487151,54.830785101859895,69.28571428571429
293.0,55.05481860487151,54.85795840654166,69.28571428571429
294.0,55.05481860487151,54.882886817447755,69.28571428571429
295.0,55.05481860487151,54.905866706831354,69.28571428571429
296.0,55.05481860487151,54.927142009125696,69.28571428571429
297.0,55.05481860487151,54.94691559514724,69.28571428571429
298.0,55.05481860487151,54.96535776839894,69.28571428571429
299.0,55.05481860487151,54.982612706302355,69.28571428571429
300.0,55.05481860487151,54.998803409150575,69.28571428571429
301.0,55.05481860487151,55.01403554891527,69.28571428571429
302.0,55.05481860487151,55.02840049575515,69.28571428571428
303.0,55.05481860487151,55.04197772212815,69.28571428571429
304.0,55.05481860487151,55.05483673035252,69.28571428571429
305.0,55.05481860487151,55.067038611399624,69.28571428571429
306.0,55.05481860487151,55.07863731551228,69.28571428571429
307.0,55.05481860487151,55.08968069558435,69.28571428571429
308.0,55.05481860487151,55.10021136982932,69.28571428571429
309.0,55.05481860487151,55.11026743961497,69.28571428571429
310.0,55.05481860487151,55.11988309035968,69.28571428571429
311.0,55.05481860487151,55.12908909736683,69.28571428571429
312.0,55.05481860487151,55.13791325388309,69.28571428571429
313.0,55.05481860487151,55.146380735135516,69.28571428571429
314.0,55.05481860487151,55.15451440937269,69.28571428571429
315.0,55.05481860487151,55.16233510479637,69.28571428571429
316.0,55.05481860487151,55.169861839598234,69.28571428571429
317.0,55.05481860487151,55.17711202098375,69.28571428571429
318.0,55.05481860487151,55.18410161801083,69.28571428571429
319.0,55.05481860487151,55.19084531222436,69.28571428571429
320.0,55.05481860487151,55.1973566293833,69.28571428571429
321.0,55.05481860487151,55.20364805502551,69.28571428571428
322.0,55.05481860487151,55.20973113616593,69.28571428571429
323.0,55.05481860487151,55.215616571055705,69.28571428571429
324.0,55.05481860487151,55.221314288624406,69.28571428571429
325.0,55.05481860487151,55.22683351898133,69.28571428571428
326.0,55.05481860487151,55.232182856144284,69.28571428571429
327.0,55.05481860487151,55.23737031398687,69.28571428571429
328.0,55.05481860487151,55.242403376259595,69.28571428571429
329.0,55.05481860487151,55.247289041410546,69.28571428571429
330.0,55.05481860487151,55.25203386283685,69.28571428571428
331.0,55.05481860487151,55.2566439851056,69.28571428571429
332.0,55.05481860487151,55.26112517661652,69.28571428571429
333.0,55.05481860487151,55.26548285911139,69.28571428571429
334.0,55.05481860487151,55.269722134385596,69.28571428571429
335.0,55.05481860487151,55.27384780850931,69.28571428571429
336.0,55.05481860487151,55.27786441383136,69.28571428571429
337.0,55.05481860487151,55.281776229000165,69.28571428571429
338.0,55.05481860487151,55.28558729721045,69.28571428571429
339.0,55.05481860487151,55.28930144286062,69.28571428571429
340.0,55.05481860487151,55.29292228678129,69.28571428571429
341.0,55.05481860487151,55.29645326017697,69.28571428571429
342.0,55.05481860487151,55.299897617410366,69.28571428571429
343.0,55.05481860487151,55.303258447739786,69.28571428571429
344.0,55.05481860487151,55.306538686110414,69.28571428571429
345.0,55.05481860487151,55.309741123088074,69.28571428571428
346.0,55.05481860487151,55.31286841401691,69.28571428571429
347.0,55.05481860487151,55.31592308746864,69.28571428571429
348.0,55.05481860487151,55.31890755305203,69.28571428571429
349.0,54.97136631014413,51.97028937033749,65.0
350.0,54.97136631014413,51.97620368845328,64.99999999999999
351.0,54.97136631014413,51.98205862489581,65.0
352.0,54.97136631014413,51.98785604714273,65.0
353.0,54.97136631014413,51.991740883508584,65.0
354.0,54.97136631014413,52.020532175284536,65.0
355.0,54.97136631014413,52.09456010100945,65.0
356.0,54.97136631014413,52.291645525296005,65.0
357.0,54.97136631014413,52.82332473350232,65.0
358.0,54.97136631014413,54.21366955849635,65.0
359.0,54.97136631014413,54.26373720327066,64.99999999999999
360.0,54.97136631014413,54.307642342868576,65.0
361.0,54.97136631014413,54.34658692892606,65.0
362.0,54.97136631014413,54.381466885411264,65.0
363.0,54.97136631014413,54.41296557794722,65.00000000000001
364.0,54.97136631014413,54.44161459983484,65.0
365.0,54.97136631014413,54.467834575715514,64.99999999999999
366.0,54.97136631014413,54.49196330936511,65.00000000000001
367.0,54.97136631014413,54.514275667749516,65.0
368.0,54.97136631014413,54.5349979236651,65.0
369.0,54.97136631014413,54.554318294314804,65.0
370.0,54.97136631014413,54.57239481353469,65.0
371.0,54.97136631014413,54.58936130000551,65.0
372.0,54.97136631014413,54.60533194286753,65.0
373.0,54.97136631014413,54.62040486804,65.0
374.0,54.97136631014413,54.634664942672295,65.0
375.0,54.97136631014413,54.64818600292747,65.0
376.0,54.97136631014413,54.66103264022873,64.99999999999999
377.0,54.97136631014413,54.67326164582304,64.99999999999999
378.0,54.97136631014413,54.68492318833851,65.0
379.0,54.97136631014413,54.696061780784696,65.0
380.0,54.97136631014413,54.70671708011294,65.0
381.0,54.97136631014413,54.71692455256894,65.0
382.0,54.97136631014413,54.72671603069073,65.0
383.0,54.97136631014413,54.73612018221613,65.0
384.0,54.97136631014413,54.745162906917464,65.0
385.0,54.97136631014413,54.75386767410873,65.0
386.0,54.97136631014413,54.76225581103999,65.0
387.0,54.97136631014413,54.770346750413424,65.0
388.0,54.97136631014413,54.77815824370424,65.0
389.0,54.97136631014413,54.78570654574009,65.0
390.0,54.97136631014413,54.793006575009265,65.0
391.0,54.97136631014413,54.80007205338803,65.00000000000001
392.0,54.97136631014413,54.80691562834157,65.0
393.0,54.97136631014413,54.813548980143544,65.00000000000001
394.0,54.97136631014413,54.819982916240164,65.0
395.0,54.97136631014413,54.82622745454494,65.0
396.0,54.97136631014413,54.83229189716927,64.99999999999999
397.0,54.97136631014413,54.838184895863755,65.0
398.0,54.97136631014413,54.84391451024877,65.0
399.0,54.97136631014413,54.84948825976151,65.0
400.0,54.97136631014413,54.854913170102385,65.0
401.0,54.97136631014413,54.86019581486191,64.99999999999999
402.0,54.97136631014413,54.8653423529066,65.0
403.0,54.97136631014413,54.870358562028514,65.00000000000001
404.0,54.97136631014413,54.875249869292325,65.0
405.0,54.97136631014413,54.880021378457364,64.99999999999999
406.0,54.97136631014413,54.88467789480397,64.99999999999999
407.0,54.97136631014413,54.88922394764841,65.0
408.0,54.97136631014413,54.89366381080102,65.0
409.0,54.87852471296687,51.78240679490555,61.25
410.0,54.87852471296687,51.78941157740165,61.25
411.0,54.87852471296687,51.79632755690604,61.25
412.0,54.87852471296687,51.80315794184546,61.25
413.0,54.87852471296687,51.80817628290631,61.250000000000014
414.0,54.87852471296687,51.83636334325929,61.25
415.0,54.87852471296687,51.90665603112749,61.25
416.0,54.87852471296687,52.09153846316374,61.249999999999986
417.0,54.87852471296687,52.58803829026184,61.250000000000014
418.0,54.87852471296687,53.88428118241059,61.25
419.0,54.87852471296687,53.932155393626125,61.25
420.0,54.87852471296687,53.97426679271863,61.25
421.0,54.87852471296687,54.01173574831322,61.25
422.0,54.87852471296687,54.04539754644509,61.25
423.0,54.87852471296687,54.07588945170189,61.25
424.0,54.87852471296687,54.10370732664177,61.250000000000014
425.0,54.87852471296687,54.1292436392563,61.25
426.0,54.87852471296687,54.15281368246099,61.249999999999986
427.0,54.87852471296687,54.174674096486356,61.25
428.0,54.87852471296687,54.19503622978569,61.250000000000014
429.0,54.87852471296687,54.21407595665291,61.25
430.0,54.87852471296687,54.23194101124197,61.249999999999986
431.0,54.87852471296687,54.24875654804354,61.25
432.0,54.87852471296687,54.26462941448091,61.25
433.0,54.87852471296687,54.279651474021286,61.249999999999986
434.0,54.87852471296687,54.29390221957501,61.25
435.0,54.87852471296687,54.3074508496927,61.25
436.0,54.87852471296687,54.32035793342686,61.25
437.0,54.87852471296687,54.33267675687117,61.250000000000014
438.0,54.87852471296687,54.34445442093492,61.249999999999986
439.0,54.87852471296687,54.35573274293996,61.25
440.0,54.87852471296687,54.36654900219975,61.249999999999986
441.0,54.87852471296687,54.37693656054233,61.25
442.0,54.87852471296687,54.386925381857395,61.249999999999986
443.0,54.87852471296687,54.39654246954791,61.25
444.0,54.87852471296687,54.40581223680853,61.249999999999986
445.0,54.87852471296687,54.414756821604286,61.25
446.0,54.87852471296687,54.423396355866544,61.25
447.0,54.87852471296687,54.431749196579666,61.249999999999986
448.0,54.87852471296687,54.43983212498498,61.25
449.0,54.87852471296687,54.44766051898328,61.25
450.0,54.87852471296687,54.45524850290292,61.25
451.0,54.87852471296687,54.462609078072205,61.249999999999986
452.0,54.87852471296687,54.469754237041855,61.25
453.0,54.87852471296687,54.47669506383164,61.25
454.0,54.87852471296687,54.48344182218042,61.25
455.0,54.87852471296687,54.49000403346734,61.25
456.0,54.87852471296687,54.496390545704685,61.249999999999986
457.0,54.87852471296687,54.502609594792396,61.250000000000014
458.0,54.87852471296687,54.50866885904202,61.25
459.0,54.87852471296687,54.51457550782899,61.25
460.0,54.87852471296687,54.52033624511076,61.249999999999986
461.0,54.87852471296687,54.52595734843921,61.25
462.0,54.87852471296687,54.53144470401271,61.25
463.0,54.87852471296687,54.536803838234654,61.25
464.0,54.87852471296687,54.54203994618496,61.249999999999986
465.0,54.87852471296687,54.54715791735757,61.25
466.0,54.87852471296687,54.55216235896789,61.25
467.0,54.87852471296687,54.557057617102394,61.25
468.0,54.87852471296687,54.56184779593811,61.250000000000014
469.0,54.87852471296687,54.56653677524249,61.25
470.0,54.87852471296687,54.57112822633237,61.249999999999986
471.0,54.87852471296687,54.57562562664837,61.249999999999986
472.0,54.87852471296687,54.58003227308869,61.25
473.0,54.87852471296687,54.58435129422425,61.249999999999986
474.0,54.87852471296687,54.58858566150434,61.25
475.0,54.87852471296687,54.59273819955299,61.25
476.0,54.87852471296687,54.596811595638954,61.250000000000014
477.0,54.784554633526824,51.6859538569289,57.941176470588246
478.0,54.784554633526824,51.69248584006405,57.94117647058823
479.0,54.784554633526824,51.698950227563394,57.94117647058823
480.0,54.784554633526824,51.705349107542325,57.94117647058823
481.0,54.784554633526824,51.710063595087085,57.94117647058823
482.0,54.784554633526824,51.73650485413886,57.94117647058823
483.0,54.784554633526824,51.802419801836336,57.94117647058823
484.0,54.784554633526824,51.975739832334725,57.94117647058823
485.0,54.784554633526824,52.441118549739045,57.941176470588246
486.0,54.784554633526824,53.656026581192876,57.941176470588246
487.0,54.784554633526824,53.700973597782706,57.941176470588225
488.0,54.784554633526824,53.74052893077378,57.94117647058823
489.0,54.784554633526824,53.77574208201006,57.94117647058823
490.0,54.784554633526824,53.80739540449447,57.94117647058823
491.0,54.784554633526824,53.836085693914846,57.94117647058823
492.0,54.784554633526824,53.862277250367946,57.94117647058823
493.0,54.784554633526824,53.8863374971278,57.941176470588225
494.0,54.784554633526824,53.90856155187128,57.94117647058823
495.0,54.784554633526824,53.92918958431905,57.94117647058823
496.0,54.784554633526824,53.948419336654354,57.94117647058823
497.0,54.784554633526824,53.96641532328198,57.94117647058823
498.0,54.784554633526824,53.98331570305857,57.94117647058823
499.0,54.784554633526824,53.999237489450934,57.94117647058823
500.0,54.784554633526824,54.01428055377606,57.941176470588225
501.0,54.784554633526824,54.028530738661004,57.941176470588246
502.0,54.784554633526824,54.04206230642968,57.94117647058823
503.0,54.784554633526824,54.0549398840904,57.94117647058823
504.0,54.784554633526824,54.067220022876384,57.94117647058823
505.0,54.784554633526824,54.07895245950977,57.94117647058823
506.0,54.784554633526824,54.09018114437353,57.94117647058823
507.0,54.784554633526824,54.10094508587051,57.94117647058823
508.0,54.784554633526824,54.11127904860621,57.94117647058823
509.0,54.784554633526824,54.12121413440643,57.941176470588225
510.0,54.784554633526824,54.13077826873729,57.941176470588225
511.0,54.784554633526824,54.139996610218134,57.94117647058823
512.0,54.784554633526824,54.14889189721061,57.94117647058823
513.0,54.784554633526824,54.157484742609675,57.94117647058823
514.0,54.784554633526824,54.165793885751704,57.94117647058823
515.0,54.784554633526824,54.17383640863269,57.94117647058823
516.0,54.784554633526824,54.181627922268476,57.94117647058823
517.0,54.784554633526824,54.18918272795579,57.94117647058823
518.0,54.784554633526824,54.1965139573422,57.94117647058823
519.0,54.784554633526824,54.20363369452188,57.941176470588246
520.0,54.784554633526824,54.210553082826934,57.94117647058823
521.0,54.784554633526824,54.2172824185345,57.941176470588225
522.0,54.784554633526824,54.22383123334622,57.94117647058823
523.0,54.784554633526824,54.23020836720092,57.94117647058823
524.0,54.784554633526824,54.23642203273287,57.94117647058823
525.0,54.784554633526824,54.242479872487884,57.94117647058823
526.0,54.784554633526824,54.24838900984411,57.94117647058823
527.0,54.784554633526824,54.25415609444011,57.941176470588225
528.0,54.784554633526824,54.259787342799655,57.941176470588246
529.0,54.784554633526824,54.26528857474442,57.94117647058823
530.0,54.784554633526824,54.2706652461019,57.94117647058823
531.0,54.784554633526824,54.275922478148395,57.94117647058823
532.0,54.784554633526824,54.2810650841654,57.94117647058823
533.0,54.784554633526824,54.286097593440715,57.941176470588246
534.0,54.784554633526824,54.29102427299945,57.94117647058823
535.0,54.784554633526824,54.295849147317334,57.94117647058823
536.0,54.784554633526824,54.30057601623222,57.94117647058823
537.0,54.784554633526824,54.30520847124885,57.94117647058823
538.0,54.784554633526824,54.30974991040402,57.941176470588225
539.0,54.784554633526824,54.31420355183994,57.94117647058823
540.0,54.784554633526824,54.31857244621869,57.94117647058823
541.0,54.784554633526824,54.32285948809183,57.94117647058823
542.0,54.784554633526824,54.327067426330444,57.94117647058823
543.0,54.784554633526824,54.33119887370279,57.94117647058823
544.0,54.784554633526824,54.335256315685356,57.94117647058823
545.0,54.784554633526824,54.33924211857576,57.94117647058823
546.0,54.784554633526824,54.343158536974975,57.94117647058823
547.0,54.784554633526824,54.347007720694286,57.941176470588225
548.0,54.784554633526824,54.35079172113998,57.94117647058823
549.0,54.69182303228469,51.61526821325528,55.0
550.0,54.69182303228469,51.621397412540624,55.0
551.0,54.69182303228469,51.6274703583238,55.0
552.0,54.69182303228469,51.63348866816674,55.0
553.0,54.69182303228469,51.63792831280707,55.0
554.0,54.69182303228469,51.66282366710666,55.0
555.0,54.69182303228469,51.724877910432,55.0
556.0,54.69182303228469,51.88802807596114,55.0
557.0,54.69182303228469,52.32607063978957,55.0
558.0,54.69182303228469,53.46957860535395,55.0
559.0,54.69182303228469,53.51191948000649,55.0
560.0,54.69182303228469,53.54919052497274,55.0
561.0,54.69182303228469,53.58237932430838,55.0
562.0,54.69182303228469,53.61222203114486,55.0
563.0,54.69182303228469,53.63928016131354,55.0
564.0,54.69182303228469,53.66399053465049,55.0
565.0,54.69182303228469,53.68669879896224,55.0
566.0,54.69182303228469,53.707682556039984,55.0
567.0,54.69182303228469,53.727167698255286,55.0
568.0,54.69182303228469,53.74534019237456,55.0
569.0,54.69182303228469,53.76235473798888,55.0
570.0,54.69182303228469,53.77834123529067,55.0
571.0,54.69182303228469,53.79340968852873,55.0
572.0,54.69182303228469,53.807653973532354,55.0
573.0,54.69182303228469,53.82115476779118,55.0
574.0,54.69182303228469,53.83398185458827,55.0
575.0,54.69182303228469,53.84619595334989,55.0
576.0,54.69182303228469,53.85785018722955,55.0
577.0,54.69182303228469,53.868991269968866,55.0
578.0,54.69182303228469,53.879660473387354,55.0
579.0,54.69182303228469,53.889894421880236,55.0
580.0,54.69182303228469,53.899725749347596,55.0
581.0,54.69182303228469,53.909183645860956,55.0
582.0,54.69182303228469,53.91829431530368,55.0
583.0,54.69182303228469,53.92708136063826,55.0
584.0,54.69182303228469,53.935566109958444,55.0
585.0,54.69182303228469,53.94376789379781,55.0
586.0,54.69182303228469,53.95170428208683,55.0
587.0,54.69182303228469,53.959391287524724,55.0
588.0,54.69182303228469,53.96684354085736,55.0
589.0,54.69182303228469,53.97407444253854,55.0
590.0,54.69182303228469,53.98109629445227,55.0
591.0,54.69182303228469,53.987920414724925,55.0
592.0,54.69182303228469,53.994557238136856,55.0
593.0,54.69182303228469,54.0010164042256,55.0
594.0,54.69182303228469,54.007306834827105,55.0
595.0,54.69182303228469,54.013436802521596,55.0
596.0,54.69182303228469,54.01941399122182,55.0
597.0,54.69182303228469,54.025245549949645,55.0
598.0,54.69182303228469,54.030938140689884,55.0
599.0,54.69182303228469,54.036497981078696,55.0
600.0,54.69182303228469,54.04193088257592,55.0
601.0,54.69182303228469,54.047242284673466,55.0
602.0,54.69182303228469,54.05243728562259,55.0
603.0,54.69182303228469,54.05752067008901,55.0
604.0,54.69182303228469,54.06249693409566,55.0
605.0,54.69182303228469,54.06737030756135,55.0
606.0,54.69182303228469,54.07214477470631,55.0
607.0,54.69182303228469,54.07682409256035,55.0
608.0,54.69182303228469,54.0814118077777,55.0
609.0,54.69182303228469,54.08591127194188,55.0
610.0,54.69182303228469,54.090325655516615,55.0
611.0,54.69182303228469,54.094657960583454,55.0
612.0,54.69182303228469,54.09891103249016,55.0
613.0,54.69182303228469,54.10308757051826,55.0
614.0,54.69182303228469,54.107190137665,55.0
615.0,54.69182303228469,54.111221169628436,55.0
616.0,54.69182303228469,54.115182983069026,55.0
617.0,54.60021551211781,51.536386914635145,52.36842105263158
618.0,54.60021551211781,51.54253898085911,52.36842105263158
619.0,54.60021551211781,51.54863144851353,52.36842105263158
620.0,54.60021551211781,51.554666127943136,52.36842105263158
621.0,54.60021551211781,51.559204392566414,52.36842105263158
622.0,54.60021551211781,51.583049967253466,52.36842105263158
623.0,54.60021551211781,51.64197318199544,52.36842105263158
624.0,54.60021551211781,51.796339594600056,52.36842105263158
625.0,54.60021551211781,52.21023714378829,52.36842105263158
626.0,54.60021551211781,53.29018604371506,52.36842105263158
627.0,54.60021551211781,53.33047742867231,52.36842105263158
628.0,54.60021551211781,53.365977741431756,52.36842105263158
629.0,54.60021551211781,53.39761956435916,52.36842105263159
630.0,54.60021551211781,53.42609808561808,52.36842105263158
631.0,54.60021551211781,53.451943603468116,52.36842105263158
632.0,54.60021551211781,53.475568678243945,52.36842105263158
633.0,54.60021551211781,53.49729978407405,52.36842105263158
634.0,54.60021551211781,53.51739914346875,52.36842105263158
635.0,54.60021551211781,53.53608015173139,52.36842105263158
636.0,54.60021551211781,53.55351850289057,52.36842105263158
637.0,54.60021551211781,53.569860364809344,52.36842105263158
638.0,54.60021551211781,53.585228485993646,52.36842105263157
639.0,54.60021551211781,53.59972682544264,52.36842105263158
640.0,54.60021551211781,53.613444109999996,52.36842105263157
641.0,54.60021551211781,53.62645660102685,52.36842105263158
642.0,54.60021551211781,53.6388302700725,52.36842105263158
643.0,54.60021551211781,53.6506225272144,52.36842105263157
644.0,54.60021551211781,53.66188360688047,52.36842105263158
645.0,54.60021551211781,53.67265768861603,52.36842105263159
646.0,54.60021551211781,53.68298381072014,52.36842105263158
647.0,54.60021551211781,53.69289662054256,52.36842105263157
648.0,54.60021551211781,53.70242699488426,52.36842105263158
649.0,54.60021551211781,53.71160255628462,52.36842105263158
650.0,54.60021551211781,53.720448105246156,52.36842105263158
651.0,54.60021551211781,53.728985984119284,52.36842105263158
652.0,54.60021551211781,53.73723638507137,52.36842105263157
653.0,54.60021551211781,53.745217612027425,52.36842105263158
654.0,54.60021551211781,53.75294630450566,52.36842105263159
655.0,54.60021551211781,53.76043762973769,52.36842105263158
656.0,54.60021551211781,53.76770544825649,52.36842105263157
657.0,54.60021551211781,53.774762457183336,52.36842105263157
658.0,54.60021551211781,53.78162031468112,52.36842105263158
659.0,54.60021551211781,53.788289748438444,52.36842105263158
660.0,54.60021551211781,53.79478065055366,52.36842105263157
661.0,54.60021551211781,53.80110216079166,52.36842105263158
662.0,54.60021551211781,53.807262739865386,52.36842105263158
663.0,54.60021551211781,53.813270234125696,52.36842105263157
664.0,54.60021551211781,53.81913193282983,52.36842105263158
665.0,54.60021551211781,53.824854618973866,52.36842105263157
666.0,54.60021551211781,53.8304446145303,52.36842105263158
667.0,54.60021551211781,53.83590782080712,52.36842105263159
668.0,54.60021551211781,53.84124975453747,52.36842105263159
669.0,54.60021551211781,53.84647558022672,52.36842105263157
670.0,54.60021551211781,53.85159013920901,52.36842105263159
671.0,54.60021551211781,53.85659797580122,52.36842105263158
672.0,54.60021551211781,53.861503360893224,52.36842105263158
673.0,54.60021551211781,53.86631031326676,52.36842105263157
674.0,54.60021551211781,53.8710226188992,52.36842105263158
675.0,54.60021551211781,53.87564384847225,52.36842105263159
676.0,54.60021551211781,53.880177373281185,52.36842105263158
677.0,54.60021551211781,53.88462637971726,52.36842105263157
678.0,54.60021551211781,53.888993882468284,52.36842105263158
679.0,54.60021551211781,53.89328273657542,52.36842105263158
680.0,54.60021551211781,53.8974956484568,52.36842105263158
681.0,54.60021551211781,53.90163518600561,52.36842105263158
682.0,54.60021551211781,53.90570378785099,52.36842105263159
683.0,54.60021551211781,53.909703771864,52.36842105263159
684.0,54.60021551211781,53.913637342981595,52.36842105263158
685.0,54.60021551211781,53.91750660040953,52.36842105263158
686.0,54.60021551211781,53.92131354426649,52.36842105263159
687.0,54.60021551211781,53.92506008171657,52.36842105263159
688.0,54.60021551211781,53.92874803263717,52.36842105263157
689.0,54.51160703716979,51.4881515804232,50.0
690.0,54.51160703716979,51.49394010120743,50.0
691.0,54.51160703716979,51.49967770194175,50.0
692.0,54.51160703716979,51.50536582614559,50.0
693.0,54.51160703716979,51.50964103527433,50.0
694.0,54.51160703716979,51.532215835289435,50.0
695.0,54.51160703716979,51.5880333099577,50.00000000000001
696.0,54.51160703716979,51.73429314379184,50.00000000000001
697.0,54.51160703716979,52.12647805841487,50.0
698.0,54.51160703716979,53.14978955311797,49.99999999999999
699.0,54.51160703716979,53.18796849175632,50.0
700.0,54.51160703716979,53.221611211939575,50.0
701.0,54.51160703716979,53.25160122917241,50.0
702.0,54.51160703716979,53.27859712262454,50.0
703.0,54.51160703716979,53.30310123664421,50.0
704.0,54.51160703716979,53.32550435950887,50.0
705.0,54.51160703716979,53.34611571480882,50.0
706.0,54.51160703716979,53.36518365056072,50.0
707.0,54.51160703716979,53.38291025433513,50.00000000000001
708.0,54.51160703716979,53.39946189535178,50.0
709.0,54.51160703716979,53.41497697052592,50.0
710.0,54.51160703716979,53.42957169070178,49.99999999999999
711.0,54.51160703716979,53.443344467404394,50.0
712.0,54.51160703716979,53.45637928335814,50.0
713.0,54.51160703716979,53.46874831380761,50.0
714.0,54.51160703716979,53.48051398785099,50.0
715.0,54.51160703716979,53.49173062591295,49.99999999999999
716.0,54.51160703716979,53.50244575268153,50.0
717.0,54.51160703716979,53.512701158899766,50.0
718.0,54.51160703716979,53.522533766904935,50.0
719.0,54.51160703716979,53.53197634140315,50.0
720.0,54.51160703716979,53.54105807717303,50.0
721.0,54.51160703716979,53.549805088125204,50.0
722.0,54.51160703716979,53.55824081671637,50.0
723.0,54.51160703716979,53.56638637861697,50.0
724.0,54.51160703716979,53.5742608544042,50.00000000000001
725.0,54.51160703716979,53.581881537646765,50.0
726.0,54.51160703716979,53.58926414689092,50.0
727.0,54.51160703716979,53.596423007600144,50.00000000000001
728.0,54.51160703716979,53.603371208961626,50.0
729.0,54.51160703716979,53.6101207395641,50.0
730.0,54.51160703716979,53.61668260523877,50.00000000000001
731.0,54.51160703716979,53.6230669317709,49.99999999999999
732.0,54.51160703716979,53.62928305472976,49.99999999999999
733.0,54.51160703716979,53.6353395982858,50.00000000000001
734.0,54.51160703716979,53.641244544579884,50.0
735.0,54.51160703716979,53.64700529495536,50.0
736.0,54.51160703716979,53.65262872415984,50.00000000000001
737.0,54.51160703716979,53.65812122845444,50.0
738.0,54.51160703716979,53.663488768423406,50.0
739.0,54.51160703716979,53.66873690716338,50.0
740.0,54.51160703716979,53.67387084443093,50.0
741.0,54.51160703716979,53.6788954472467,50.0
742.0,54.51160703716979,53.68381527738238,50.00000000000001
743.0,54.51160703716979,53.688634616101545,49.99999999999999
744.0,54.51160703716979,53.69335748647199,50.0
745.0,54.51160703716979,53.69798767352881,50.0
746.0,54.51160703716979,53.702528742529054,49.99999999999999
747.0,54.51160703716979,53.706984055508144,50.0
748.0,54.51160703716979,53.71135678632189,50.0
749.0,54.51160703716979,53.71564993433841,50.0
750.0,54.51160703716979,53.71986633691644,50.0
751.0,54.51160703716979,53.724008680802044,50.00000000000001
752.0,54.51160703716979,53.72807951254683,50.00000000000001
753.0,54.51160703716979,53.732081248051635,50.0
754.0,54.51160703716979,53.73601618131645,49.99999999999999
755.0,54.51160703716979,53.739886492478426,50.0
756.0,54.51160703716979,53.74369425520143,50.00000000000001
757.0,54.51160703716979,53.747441443482366,50.00000000000001
758.0,54.51160703716979,53.7511299379251,50.0
759.0,54.51160703716979,53.75476153153264,50.0
760.0,54.51160703716979,53.758337935060105,49.99999999999999
761.0,54.51160703716979,53.76186078196768,49.99999999999999
762.0,54.51160703716979,53.765331633008536,49.99999999999999
763.0,54.51160703716979,53.76875198048444,50.00000000000001
764.0,54.51160703716979,53.77212325219441,50.0
765.0,54.51160703716979,53.77544681510658,50.00000000000001
766.0,54.51160703716979,53.778723978771914,50.0
767.0,54.51160703716979,53.78195599850421,49.99999999999999
768.0,54.51160703716979,53.78514407834285,49.99999999999999
769.0,54.51160703716979,53.78828937381861,50.0
770.0,54.51160703716979,53.79139299453432,50.00000000000001
771.0,54.51160703716979,53.79445600657768,49.99999999999999
772.0,54.51160703716979,53.79747943477914,50.00000000000001
773.0,54.51160703716979,53.80046426482366,50.0
774.0,54.51160703716979,53.80341144523145,50.0
775.0,54.51160703716979,53.8063218892137,50.0
776.0,54.51160703716979,53.80919647641596,49.99999999999999
777.0,54.51160703716979,53.81203605455367,50.00000000000001
778.0,54.51160703716979,53.81484144095065,50.00000000000001
779.0,54.51160703716979,53.817613423985634,49.99999999999999
780.0,54.51160703716979,53.820352764454164,50.0
781.0,54.51160703716979,53.8230601968514,50.0
782.0,54.51160703716979,53.82573643058055,50.0
783.0,54.51160703716979,53.828382151094345,50.0
784.0,54.51160703716979,53.83099802097033,50.0
785.0,54.51160703716979,53.83358468092768,50.0
786.0,54.51160703716979,53.8361427507887,49.99999999999999
787.0,54.51160703716979,53.83867283038628,50.00000000000001
788.0,54.51160703716979,53.84117550042365,50.0
789.0,54.51160703716979,53.84365132328879,49.99999999999999
790.0,54.51160703716979,53.846100843824914,49.99999999999999
791.0,54.51160703716979,53.848524590061125,50.0
792.0,54.51160703716979,53.85092307390607,49.99999999999999
793.0,54.51160703716979,53.85329679180482,50.0
794.0,54.51160703716979,53.85564622536322,50.0
795.0,54.51160703716979,53.85797184194205,50.0
796.0,54.51160703716979,53.860274095218884,50.0
797.0,54.51160703716979,53.86255342572592,50.0
798.0,54.51160703716979,53.86481026135867,50.00000000000001
799.0,54.51160703716979,53.8670450178615,50.00000000000001
800.0,54.51160703716979,53.86925809928997,50.0
801.0,54.51160703716979,53.87144989845147,50.0
802.0,54.51160703716979,53.8736207973243,50.00000000000001
803.0,54.51160703716979,53.87577116745797,50.00000000000001
804.0,54.51160703716979,53.87790137035534,50.0
805.0,54.51160703716979,53.880011757837075,50.0
806.0,54.51160703716979,53.88210267238905,50.00000000000001
807.0,54.51160703716979,53.88417444749529,50.0
808.0,54.51160703716979,53.88622740795573,50.0
809.0,54.51160703716979,53.888261870188956,49.99999999999999
810.0,54.51160703716979,53.890278142523755,50.00000000000001
811.0,54.51160703716979,53.89227652547678,50.0
812.0,54.51160703716979,53.89425731201758,50.00000000000001
813.0,54.51160703716979,53.89622078782474,50.00000000000001
814.0,54.51160703716979,53.89816723152877,50.0
815.0,54.51160703716979,53.900096914946545,50.0
816.0,54.51160703716979,53.90201010330513,50.0
817.0,54.51160703716979,53.90390705545663,50.0
818.0,54.51160703716979,53.90578802408443,49.99999999999999
819.0,54.51160703716979,53.90765325590117,50.00000000000001
820.0,54.51160703716979,53.90950299183847,50.00000000000001
821.0,54.51160703716979,53.91133746722905,50.00000000000001
822.0,54.51160703716979,53.91315691198254,50.0
823.0,54.51160703716979,53.91496155075327,49.99999999999999
824.0,54.51160703716979,53.91675160310222,50.00000000000001
825.0,54.51160703716979,53.91852728365253,50.0
826.0,54.51160703716979,53.92028880223929,50.0
827.0,54.51160703716979,53.92203636405283,50.0
828.0,54.51160703716979,53.923770169778415,50.0
829.0,54.51160703716979,53.925490415728575,49.99999999999999
830.0,54.51160703716979,53.92719729397156,50.0
831.0,54.51160703716979,53.928890992455855,49.99999999999999
832.0,54.51160703716979,53.930571695128585,50.0
833.0,54.51160703716979,53.93223958205038,50.0
834.0,54.51160703716979,53.93389482950663,50.00000000000001
835.0,54.51160703716979,53.93553761011365,49.99999999999999
836.0,54.51160703716979,53.93716809292233,50.0
837.0,54.51160703716979,53.93878644351679,50.0
838.0,54.51160703716979,53.94039282411053,50.0
839.0,54.51160703716979,53.94198739363962,50.0
840.0,54.51160703716979,53.94357030785072,49.99999999999999
841.0,54.51160703716979,53.94514171938893,49.99999999999999
842.0,54.51160703716979,53.94670177787979,49.99999999999999
843.0,54.51160703716979,53.94825063001093,50.0
844.0,54.51160703716979,53.94978841960945,50.0
845.0,54.51160703716979,53.95131528771717,49.99999999999999
846.0,54.51160703716979,53.95283137266334,50.0
847.0,54.51160703716979,53.954336810135686,50.0
848.0,54.51160703716979,53.95583173324784,50.0
849.0,54.51160703716979,53.957316272605375,50.0
850.0,54.51160703716979,53.95879055636982,50.0
851.0,54.51160703716979,53.960254710320015,50.0
852.0,54.51160703716979,53.96170885791269,50.0
853.0,54.51160703716979,53.96315312033919,49.99999999999999
854.0,54.51160703716979,53.9645876165829,50.0
855.0,54.51160703716979,53.966012463472254,50.0
856.0,54.51160703716979,53.96742777573441,50.00000000000001
857.0,54.51160703716979,53.968833666045946,50.0
858.0,54.51160703716979,53.97023024508241,50.0
859.0,54.51160703716979,53.971617621565684,50.0
860.0,54.51160703716979,53.972995902311496,50.00000000000001
861.0,54.51160703716979,53.974365192274306,49.99999999999999
862.0,54.51160703716979,53.97572559459053,50.0
863.0,54.51160703716979,53.97707721062143,50.0
864.0,54.51160703716979,53.97842013999464,50.00000000000001
865.0,54.51160703716979,53.97975448064384,50.0
866.0,54.51160703716979,53.981080328847526,50.00000000000001
867.0,54.51160703716979,53.98239777926724,49.99999999999999
868.0,54.51160703716979,53.983706924983835,49.99999999999999
869.0,54.51160703716979,53.98500785753318,49.99999999999999
870.0,54.51160703716979,53.98630066694098,50.0
871.0,54.51160703716979,53.98758544175621,50.0
872.0,54.51160703716979,53.9888622690841,50.0
873.0,54.51160703716979,53.990131234617,50.0
874.0,54.51160703716979,53.991392422666706,50.00000000000001
875.0,54.51160703716979,53.99264591619359,50.0
876.0,54.51160703716979,53.99389179683586,50.0
877.0,54.51160703716979,53.99513014493814,50.0
878.0,54.51160703716979,53.99636103957915,50.0
879.0,54.51160703716979,53.997584558598845,49.99999999999999
880.0,54.51160703716979,53.99880077862408,50.0
881.0,54.51160703716979,54.00000977509451,50.0
882.0,54.51160703716979,54.00121162228742,50.0
883.0,54.51160703716979,54.00240639334171,50.00000000000001
884.0,54.51160703716979,54.00359416028132,49.99999999999999
885.0,54.51160703716979,54.004774994038605,50.00000000000001
886.0,54.51160703716979,54.00594896447608,50.0
887.0,54.51160703716979,54.00711614040867,50.0
888.0,54.51160703716979,54.00827658962469,50.0
889.0,54.51160703716979,54.00943037890674,50.00000000000001
890.0,54.51160703716979,54.0105775740511,50.0
891.0,54.51160703716979,54.01171823988832,50.0
892.0,54.51160703716979,54.01285244030166,50.00000000000001
893.0,54.51160703716979,54.01398023824604,50.00000000000001
894.0,54.51160703716979,54.01510169576626,50.00000000000001
895.0,54.51160703716979,54.01621687401446,50.00000000000001
896.0,54.51160703716979,54.01732583326803,50.0
897.0,54.51160703716979,54.018428632945344,50.00000000000001
898.0,54.51160703716979,54.01952533162386,50.0
899.0,54.51160703716979,54.02061598705431,50.0
900.0,54.51160703716979,54.0217006561784,50.0
901.0,54.51160703716979,54.02277939514229,50.0
902.0,54.51160703716979,54.023852259312704,50.0
903.0,54.51160703716979,54.02491930329101,50.0
904.0,54.51160703716979,54.02598058092761,50.0
905.0,54.51160703716979,54.02703614533606,49.99999999999999
906.0,54.51160703716979,54.0280860489062,50.0
907.0,54.51160703716979,54.02913034331791,50.0
908.0,54.51160703716979,54.03016907955346,50.00000000000001
909.0,54.51160703716979,54.03120230791068,50.0
910.0,54.51160703716979,54.03223007801568,49.99999999999999
911.0,54.51160703716979,54.03325243883364,50.0
912.0,54.51160703716979,54.034269438682266,50.0
913.0,54.51160703716979,54.0352811252417,50.0
914.0,54.51160703716979,54.036287545567504,50.0
915.0,54.51160703716979,54.03728874610023,50.0
916.0,54.51160703716979,54.038284772676995,50.0
917.0,54.51160703716979,54.03927567054161,50.0
918.0,54.51160703716979,54.04026148435587,50.00000000000001
919.0,54.51160703716979,54.041242258208186,50.0
920.0,54.51160703716979,54.04221803562424,49.99999999999999
921.0,54.51160703716979,54.04318885957721,49.99999999999999
922.0,54.51160703716979,54.04415477249588,50.00000000000001
923.0,54.51160703716979,54.0451158162752,50.0
924.0,54.51160703716979,54.04607203228446,50.0
925.0,54.51160703716979,54.047023461376384,50.0
926.0,54.51160703716979,54.04797014389588,49.99999999999999
927.0,54.51160703716979,54.048912119688914,49.99999999999999
928.0,54.51160703716979,54.049849428109574,50.0
929.0,54.51160703716979,54.05078210802978,50.0
930.0,54.51160703716979,54.051710197846205,50.0
931.0,54.51160703716979,54.052633735488236,50.0
932.0,54.51160703716979,54.05355275842564,50.0
933.0,54.51160703716979,54.05446730367666,50.0
934.0,54.51160703716979,54.055377407814056,50.0
935.0,54.51160703716979,54.05628310697345,49.99999999999999
936.0,54.51160703716979,54.05718443686018,50.00000000000001
937.0,54.51160703716979,54.05808143275508,50.0
938.0,54.51160703716979,54.058974129523016,50.00000000000001
939.0,54.51160703716979,54.05986256161789,50.00000000000001
940.0,54.51160703716979,54.060746763090265,50.0
941.0,54.51160703716979,54.06162676759255,50.0
942.0,54.51160703716979,54.062502608386566,49.99999999999999
943.0,54.51160703716979,54.063374318348735,50.0
944.0,54.51160703716979,54.06424192997633,50.0
945.0,54.51160703716979,54.065105475393274,49.99999999999999
946.0,54.51160703716979,54.06596498635583,50.0
947.0,54.51160703716979,54.06682049425862,50.0
948.0,54.51160703716979,54.067672030139704,49.99999999999999
949.0,54.51160703716979,54.06851962468591,50.0
950.0,54.51160703716979,54.069363308238806,50.00000000000001
951.0,54.51160703716979,54.07020311079955,50.0
952.0,54.51160703716979,54.07103906203351,50.0
953.0,54.51160703716979,54.071871191276216,50.00000000000001
954.0,54.51160703716979,54.072699527537644,49.99999999999999
955.0,54.51160703716979,54.073524099507125,49.99999999999999
956.0,54.51160703716979,54.07434493555846,50.0
957.0,54.51160703716979,54.07516206375388,50.0
958.0,54.51160703716979,54.07597551184931,50.0
959.0,54.51160703716979,54.07678530729877,50.0
960.0,54.51160703716979,54.07759147725801,50.00000000000001
961.0,54.51160703716979,54.078394048589935,49.99999999999999
962.0,54.51160703716979,54.07919304786779,49.99999999999999
963.0,54.51160703716979,54.079988501380576,50.00000000000001
964.0,54.51160703716979,54.08078043513576,50.0
965.0,54.51160703716979,54.081568874864004,50.0
966.0,54.51160703716979,54.082353846023295,50.0
967.0,54.51160703716979,54.08313537380254,50.0
968.0,54.51160703716979,54.08391348312482,50.0
969.0,54.51160703716979,54.084688198652614,49.99999999999999
970.0,54.51160703716979,54.08545954478964,49.99999999999999
971.0,54.51160703716979,54.086227545685894,50.0
972.0,54.51160703716979,54.08699222524034,50.0
973.0,54.51160703716979,54.08775360710514,49.99999999999999
974.0,54.51160703716979,54.08851171468797,50.0
975.0,54.51160703716979,54.08926657115664,50.00000000000001
976.0,54.51160703716979,54.09001819944151,50.0
977.0,54.51160703716979,54.09076662223878,50.0
978.0,54.51160703716979,54.09151186201426,50.0
979.0,54.51160703716979,54.09225394100592,50.0
980.0,54.51160703716979,54.09299288122742,50.0
981.0,54.51160703716979,54.09372870447077,50.0
982.0,54.51160703716979,54.09446143230937,50.0
983.0,54.51160703716979,54.095191086100876,50.00000000000001
984.0,54.51160703716979,54.095917686990475,50.0
985.0,54.51160703716979,54.096641255913454,50.0
986.0,54.51160703716979,54.097361813597665,50.0
987.0,54.51160703716979,54.098079380566645,50.0
988.0,54.51160703716979,54.09879397714252,50.0
989.0,54.51160703716979,54.099505623447925,50.0
990.0,54.51160703716979,54.100214339409156,50.00000000000001
991.0,54.51160703716979,54.10092014475855,50.0
992.0,54.51160703716979,54.10162305903728,50.0
993.0,54.51160703716979,54.10232310159715,50.0
994.0,54.51160703716979,54.10302029160367,50.0
995.0,54.51160703716979,54.1037146480385,50.0
996.0,54.51160703716979,54.10440618970119,49.99999999999999
997.0,54.51160703716979,54.105094935211774,50.0
998.0,54.51160703716979,54.105780903013375,50.0
999.0,54.51160703716979,54.10646411137425,50.0
1000.0,54.51160703716979,54.10714457838977,49.99999999999999
1001.0,54.51160703716979,54.10782232198477,50.0
1002.0,54.51160703716979,54.1084973599156,50.0
1003.0,54.51160703716979,54.109169709772615,49.99999999999999
1004.0,54.51160703716979,54.10983938898157,50.0
1005.0,54.51160703716979,54.11050641480661,50.0
1006.0,54.51160703716979,54.11117080435087,50.00000000000001
1007.0,54.51160703716979,54.11183257455997,49.99999999999999
1008.0,54.51160703716979,54.112491742223135,50.0
1009.0,54.51160703716979,54.11314832397491,50.0
1010.0,54.51160703716979,54.11380233629777,50.0
1011.0,54.51160703716979,54.11445379552317,50.00000000000001
1012.0,54.51160703716979,54.115102717834404,49.99999999999999
1013.0,54.51160703716979,54.11574911926712,49.99999999999999
1014.0,54.51160703716979,54.116393015712454,50.0
1015.0,54.51160703716979,54.11703442291728,50.0
1016.0,54.51160703716979,54.117673356487586,50.0
1017.0,54.51160703716979,54.118309831888524,50.0
1018.0,54.51160703716979,54.11894386444742,50.00000000000001
1019.0,54.51160703716979,54.11957546935473,49.99999999999999
1020.0,54.51160703716979,54.12020466166568,49.99999999999999
1021.0,54.51160703716979,54.12083145630213,50.0
1022.0,54.51160703716979,54.121455868053964,50.0
1023.0,54.51160703716979,54.12207791158041,49.99999999999999
1024.0,54.51160703716979,54.12269760141212,50.0
1025.0,54.51160703716979,54.123314951952324,50.0
1026.0,54.51160703716979,54.12392997747831,49.99999999999999
1027.0,54.51160703716979,54.124542692142974,50.0
1028.0,54.51160703716979,54.12515310997616,50.0
1029.0,54.51160703716979,54.12576124488592,50.0
1030.0,54.51160703716979,54.12636711066065,50.0
1031.0,54.51160703716979,54.126970720969574,49.99999999999999
1032.0,54.51160703716979,54.12757208936441,50.0
1033.0,54.51160703716979,54.128171229281016,50.0
1034.0,54.51160703716979,54.128768154040074,50.0
1035.0,54.51160703716979,54.12936287684914,50.00000000000001
1036.0,54.51160703716979,54.12995541080361,49.99999999999999
1037.0,54.51160703716979,54.1305457688873,50.0
1038.0,54.51160703716979,54.13113396397518,50.00000000000001
1039.0,54.51160703716979,54.131720008833,50.0
1040.0,54.51160703716979,54.132303916119675,50.0
1041.0,54.51160703716979,54.132885698387575,50.0
1042.0,54.51160703716979,54.13346536808492,50.00000000000001
1043.0,54.51160703716979,54.13404293755551,50.0
1044.0,54.51160703716979,54.13461841904072,50.0
1045.0,54.51160703716979,54.13519182468072,50.0
1046.0,54.51160703716979,54.135763166514764,50.00000000000001
1047.0,54.51160703716979,54.13633245648333,49.99999999999999
1048.0,54.51160703716979,54.13689970642863,49.99999999999999
1049.0,54.51160703716979,54.13746492809553,50.00000000000001
1050.0,54.51160703716979,54.138028133133155,50.0
1051.0,54.51160703716979,54.13858933309508,50.0
1052.0,54.51160703716979,54.13914853944152,50.0
1053.0,54.51160703716979,54.13970576353929,50.00000000000001
1054.0,54.51160703716979,54.14026101666335,49.99999999999999
1055.0,54.51160703716979,54.1408143099975,49.99999999999999
1056.0,54.51160703716979,54.14136565463559,50.0
1057.0,54.51160703716979,54.14191506158249,50.0
1058.0,54.51160703716979,54.1424625417548,50.0
1059.0,54.51160703716979,54.14300810598217,50.0
1060.0,54.51160703716979,54.14355176500729,50.0
1061.0,54.51160703716979,54.14409352948806,50.00000000000001
1062.0,54.51160703716979,54.14463340999793,50.0
1063.0,54.51160703716979,54.145171417026376,50.00000000000001
1064.0,54.51160703716979,54.14570756098017,50.0
1065.0,54.51160703716979,54.14624185218476,50.0
1066.0,54.51160703716979,54.146774300883834,49.99999999999999
1067.0,54.51160703716979,54.14730491724124,50.00000000000001
1068.0,54.51160703716979,54.147833711341626,50.0
1069.0,54.51160703716979,54.14836069319085,50.0
1070.0,54.51160703716979,54.148885872717244,50.0
1071.0,54.51160703716979,54.14940925977168,50.0
1072.0,54.51160703716979,54.1499308641298,50.0
1073.0,54.51160703716979,54.15045069549086,50.0
1074.0,54.51160703716979,54.15096876348012,50.00000000000001
1075.0,54.51160703716979,54.15148507764902,50.00000000000001
1076.0,54.51160703716979,54.15199964747547,50.00000000000001
1077.0,54.51160703716979,54.152512482365495,50.0
1078.0,54.51160703716979,54.15302359165296,50.0
1079.0,54.51160703716979,54.15353298460123,50.0
1080.0,54.51160703716979,54.154040670403226,49.99999999999999
1081.0,54.51160703716979,54.15454665818259,50.0
1082.0,54.51160703716979,54.15505095699373,50.0
1083.0,54.51160703716979,54.15555357582317,50.0
1084.0,54.51160703716979,54.156054523590036,49.99999999999999
1085.0,54.51160703716979,54.15655380914668,50.0
1086.0,54.51160703716979,54.15705144127892,50.0
1087.0,54.51160703716979,54.15754742870732,50.00000000000001
1088.0,54.51160703716979,54.158041780087885,50.0
1089.0,54.51160703716979,54.15853450401207,50.0
1090.0,54.51160703716979,54.15902560900775,49.99999999999999
1091.0,54.51160703716979,54.159515103539825,49.99999999999999
1092.0,54.51160703716979,54.16000299601092,50.0
1093.0,54.51160703716979,54.16048929476188,49.99999999999999
1094.0,54.51160703716979,54.16097400807237,50.0
1095.0,54.51160703716979,54.1614571441615,50.0
1096.0,54.51160703716979,54.16193871118844,50.0
1097.0,54.51160703716979,54.16241871725294,49.99999999999999
1098.0,54.51160703716979,54.1628971703956,49.99999999999999
1099.0,54.51160703716979,54.16337407859917,49.99999999999999
1100.0,54.51160703716979,54.16384944978843,50.0
1101.0,54.51160703716979,54.16432329183106,50.0
1102.0,54.51160703716979,54.16479561253814,50.0
1103.0,54.51160703716979,54.16526641966424,49.99999999999999
1104.0,54.51160703716979,54.16573572090904,50.00000000000001
1105.0,54.51160703716979,54.16620352391669,50.0
1106.0,54.51160703716979,54.16666983627701,50.0
1107.0,54.51160703716979,54.16713466552542,50.0
1108.0,54.51160703716979,54.16759801914438,49.99999999999999
1109.0,54.51160703716979,54.16805990456292,49.99999999999999
1110.0,54.51160703716979,54.16852032915759,50.0
1111.0,54.51160703716979,54.168979300252985,50.0
1112.0,54.51160703716979,54.16943682512229,50.0
1113.0,54.51160703716979,54.16989291098731,50.0
1114.0,54.51160703716979,54.17034756501935,50.0
1115.0,54.51160703716979,54.17080079433946,50.0
1116.0,54.51160703716979,54.17125260601919,50.0
1117.0,54.51160703716979,54.17170300708083,49.99999999999999
1118.0,54.51160703716979,54.172152004497754,50.0
1119.0,54.51160703716979,54.17259960519501,50.0
1120.0,54.51160703716979,54.17304581604964,50.0
1121.0,54.51160703716979,54.173490643891704,50.0
1122.0,54.51160703716979,54.17393409550351,50.0
1123.0,54.51160703716979,54.17437617762117,50.0
1124.0,54.51160703716979,54.174816896934644,50.0
1125.0,54.51160703716979,54.17525626008807,50.0
1126.0,54.51160703716979,54.1756942736798,49.99999999999999
1127.0,54.51160703716979,54.176130944263676,50.00000000000001
1128.0,54.51160703716979,54.17656627834892,50.0
1129.0,54.51160703716979,54.17700028240049,50.0
1130.0,54.51160703716979,54.17743296283953,50.0
1131.0,54.51160703716979,54.177864326043974,50.0
1132.0,54.51160703716979,54.178294378348326,50.0
1133.0,54.51160703716979,54.178723126044936,50.00000000000001
1134.0,54.51160703716979,54.17915057538353,50.0
1135.0,54.51160703716979,54.17957673257241,50.0
1136.0,54.51160703716979,54.180001603777825,49.99999999999999
1137.0,54.51160703716979,54.18042519512518,50.00000000000001
1138.0,54.51160703716979,54.180847512699266,50.0
1139.0,54.51160703716979,54.181268562543764,50.0
1140.0,54.51160703716979,54.18168835066299,50.00000000000001
1141.0,54.51160703716979,54.1821068830213,50.0
1142.0,54.51160703716979,54.18252416554336,50.0
1143.0,54.51160703716979,54.18294020411498,50.0
1144.0,54.51160703716979,54.18335500458359,50.0
1145.0,54.51160703716979,54.18376857275757,50.0
1146.0,54.51160703716979,54.18418091440763,50.0
1147.0,54.51160703716979,54.18459203526696,50.0
1148.0,54.51160703716979,54.18500194103065,49.99999999999999
1149.0,54.51160703716979,54.1854106373575,50.0
1150.0,54.51160703716979,54.185818129868984,49.99999999999999
1151.0,54.51160703716979,54.18622442415027,49.99999999999999
1152.0,54.51160703716979,54.18662952575047,49.99999999999999
1153.0,54.51160703716979,54.187033440182596,50.00000000000001
1154.0,54.51160703716979,54.18743617292457,50.0
1155.0,54.51160703716979,54.18783772941829,50.0
1156.0,54.51160703716979,54.188238115071535,50.0
1157.0,54.51160703716979,54.18863733525702,50.0
1158.0,54.51160703716979,54.18903539531301,49.99999999999999
1159.0,54.51160703716979,54.18943230054397,50.0
1160.0,54.51160703716979,54.18982805622016,50.0
1161.0,54.51160703716979,54.1902226675786,50.0
1162.0,54.51160703716979,54.190616139823206,50.0
1163.0,54.51160703716979,54.19100847812455,50.0
1164.0,54.51160703716979,54.19139968762078,50.0
1165.0,54.51160703716979,54.19178977341744,50.0
1166.0,54.51160703716979,54.19217874058826,50.0
1167.0,54.51160703716979,54.19256659417446,49.99999999999999
1168.0,54.51160703716979,54.19295333918639,50.0
1169.0,54.51160703716979,54.19333898060233,50.0
1170.0,54.51160703716979,54.19372352336983,49.99999999999999
1171.0,54.51160703716979,54.194106972405415,50.0
1172.0,54.51160703716979,54.194489332595076,50.0
1173.0,54.51160703716979,54.19487060879458,50.00000000000001
1174.0,54.51160703716979,54.195250805829254,49.99999999999999
1175.0,54.51160703716979,54.19562992849464,50.0
1176.0,54.51160703716979,54.19600798155677,50.0
1177.0,54.51160703716979,54.196384969752316,50.0
1178.0,54.51160703716979,54.1967608977886,49.99999999999999
1179.0,54.51160703716979,54.19713577034399,50.0
1180.0,54.51160703716979,54.19750959206839,50.0
1181.0,54.51160703716979,54.1978823675832,50.0
1182.0,54.51160703716979,54.19825410148107,50.0
1183.0,54.51160703716979,54.198624798327536,50.0
1184.0,54.51160703716979,54.19899446265951,50.0
1185.0,54.51160703716979,54.19936309898679,50.0
1186.0,54.51160703716979,54.199730711791524,50.0
1187.0,54.51160703716979,54.200097305529326,50.0
1188.0,54.51160703716979,54.20046288462793,50.0
1189.0,54.51160703716979,54.20082745348912,50.0
1190.0,54.51160703716979,54.2011910164877,50.0
1191.0,54.51160703716979,54.20155357797275,50.0
1192.0,54.51160703716979,54.20191514226664,50.0
1193.0,54.51160703716979,54.202275713665884,50.0
1194.0,54.51160703716979,54.2026352964421,50.00000000000001
1195.0,54.51160703716979,54.20299389484039,49.99999999999999
1196.0,54.51160703716979,54.203351513081024,50.0
1197.0,54.51160703716979,54.20370815535943,50.0
1198.0,54.51160703716979,54.20406382584549,50.0
1199.0,54.51160703716979,54.204418528685146,50.0
1200.0,54.51160703716979,54.20477226799917,50.0
