"tick","donation-big group","donation-small","donation-normed-big","donation-normed-small","donation-valued-big","donation-valued-small"
1.0,91.57166304236186,89.85749456354276,55.0,55.0,95.0,95.0
2.0,95.0,95.0,55.0,55.0,95.0,95.0
3.0,95.0,95.0,55.0,55.0,95.0,95.0
4.0,95.0,95.0,55.0,55.0,95.0,95.0
5.0,66.88537851412691,65.01183333333334,62.379230853277335,64.75,66.875,65.0
6.0,66.89575702825384,65.02366666666667,62.379230853277335,64.75,66.875,65.0
7.0,66.90613554238075,65.0355,62.379230853277335,64.75,66.875,65.0
8.0,66.91651405650767,65.04733333333333,62.379230853277335,64.75,66.875,65.0
9.0,66.92096934690557,65.05241314877996,62.379230853277335,64.75,66.875,65.0
10.0,67.00504652580166,65.14827593524797,62.379230853277335,64.75,66.875,65.0
11.0,67.23359199338306,65.40885800572937,62.379230853277335,64.75,66.875,65.0
12.0,67.85484298488625,66.11719351274122,62.379230853277335,64.75,66.875,65.0
13.0,69.54357826600148,68.04264904990387,62.379230853277335,64.75,66.875,65.0
14.0,73.97153978998927,73.09130476880075,62.379230853277335,64.75,66.875,65.0
15.0,74.12427437779239,73.26544908916314,62.379230853277335,64.75,66.875,65.0
16.0,74.25749516443653,73.41734424062804,62.379230853277335,64.75,66.875,65.0
17.0,74.37503221555491,73.55135717233406,62.379230853277335,64.75,66.875,65.0
18.0,74.47973955215303,73.67074197070298,62.379230853277335,64.75,66.875,65.0
19.0,74.57379330212335,73.7779798046586,62.379230853277335,64.75,66.875,65.0
20.0,74.6588855951893,73.875,62.379230853277335,64.75,66.875,65.0
21.0,74.73635471619833,73.96332843707006,62.379230853277335,64.75,66.875,65.0
22.0,74.80727488765746,74.04418991865306,62.379230853277335,64.75,66.875,65.0
23.0,74.87251969200592,74.1185804825317,62.379230853277335,64.75,66.875,65.0
24.0,74.93280781759579,74.18731955995858,62.379230853277335,64.75,66.875,65.0
25.0,74.98873667035835,74.2510882988741,62.379230853277335,64.75,66.875,65.0
26.0,75.04080748035311,74.31045818979193,62.379230853277335,64.75,66.875,65.0
27.0,75.08944433496147,74.36591276699129,62.379230853277335,64.75,66.875,65.0
28.0,75.1350088019842,74.41786428142214,62.379230853277335,64.75,66.875,65.0
29.0,75.17781130153526,74.46666666666667,62.379230853277335,64.75,66.875,65.0
30.0,75.21812004787066,74.51262573419815,62.379230853277335,64.75,66.875,65.0
31.0,75.25616815193071,74.55600727152982,62.379230853277335,64.75,66.875,65.0
32.0,75.29215931561917,74.5970435346954,62.379230853277335,64.75,66.875,65.0
33.0,75.32627243634552,74.63593849823822,62.379230853277335,64.75,66.875,65.0
34.0,75.3586653600192,74.67287213428517,62.379230853277335,64.75,66.875,65.0
35.0,75.38947796256461,74.7080039260165,62.379230853277335,64.75,66.875,65.0
36.0,75.41883469747286,74.74147577232313,62.379230853277335,64.75,66.875,65.0
37.0,75.4468467154019,74.77341440452425,62.379230853277335,64.75,66.875,65.0
38.0,75.47361363827092,74.80393340914698,62.379230853277335,64.75,66.875,65.0
39.0,75.49922505249394,74.83313493047585,62.379230853277335,64.75,66.875,65.0
40.0,75.52376177243256,74.8611111111111,62.379230853277335,64.75,66.875,65.0
41.0,75.54729691471923,74.88794531688661,62.379230853277335,64.75,66.875,65.0
42.0,75.56989681602457,74.91371318328598,62.379230853277335,64.75,66.875,65.0
43.0,75.5916218205355,74.93848351330648,62.379230853277335,64.75,66.875,65.0
44.0,75.61252695845417,74.96231905106704,62.379230853277335,64.75,66.875,65.0
45.0,75.63266253290408,74.98527715098483,62.379230853277335,64.75,66.875,65.0
46.0,75.65207462950656,75.00741035878191,62.379230853277335,64.75,66.875,65.0
47.0,75.67080556038717,75.02876691773085,62.379230853277335,64.75,66.875,65.0
48.0,75.68889425235572,75.04939121124822,62.379230853277335,64.75,66.875,65.0
49.0,75.7063765873702,75.0693241510835,62.379230853277335,64.75,66.875,65.0
50.0,75.7232857020649,75.08860351883372,62.379230853277335,64.75,66.875,65.0
51.0,75.73965225203523,75.10726426727491,62.379230853277335,64.75,66.875,65.0
52.0,75.75550464567782,75.12533878698069,71.79536084347583,64.75,66.875,65.0
53.0,75.7619520483018,75.14285714285715,76.50626701680626,64.75,66.875,65.0
54.0,75.76348041618252,75.15984728452517,76.50626701680626,64.75,66.875,65.0
55.0,75.7645683325302,75.17633523390019,76.50626701680626,64.75,66.875,65.0
56.0,75.76523707638444,75.19234525283369,75.51412505029793,64.75,66.875,65.0
57.0,75.77580977868188,75.20789999327386,75.51412505029793,64.75,66.875,65.0
58.0,75.72013373579695,75.2230206320592,75.51412505029793,64.75,66.875,65.0
59.0,75.50578371069508,75.23772699217032,75.51412505029793,64.75,66.875,65.0
60.0,74.89165073628895,75.25203765201816,75.51412505029793,64.75,66.875,65.0
61.0,73.18843090225938,75.2659700441397,75.51412505029793,64.75,66.875,65.0
62.0,68.71305757138767,75.27954054449329,75.51412505029793,70.19243545105992,66.875,65.0
63.0,66.80720824811758,75.28487365551132,75.51412505029793,75.63971824659778,66.875,65.0
64.0,65.78958441908989,75.28198872269361,75.51412505029793,75.63971824659778,66.875,65.0
65.0,65.7342263278214,75.27878545940499,75.51412505029793,75.63971824659778,66.875,65.0
66.0,65.75981404603397,75.27527675402193,75.51412505029793,75.63971824659778,66.875,65.0
67.0,65.80285572576646,75.2759782678423,75.51412505029793,75.63971824659778,66.875,65.0
68.0,65.71029111433434,75.22036134242181,75.51412505029793,75.63971824659778,66.875,65.0
69.0,65.78028609708278,74.99413249877716,75.51412505029793,75.63971824659778,66.875,65.0
70.0,65.85934671834602,74.3592914095362,75.51412505029793,75.63971824659778,66.875,65.0
71.0,65.79293341822374,72.61418460781884,75.51412505029793,75.63971824659778,66.875,65.0
72.0,65.73210730796713,67.9750511239671,75.51412505029793,75.63971824659778,66.875,65.0
73.0,65.83341840544414,56.850938396481276,75.51412505029793,75.63971824659778,66.875,65.0
74.0,65.7828711691988,65.0,75.51412505029793,75.63971824659778,66.875,65.0
75.0,65.73605659678623,65.0,75.51412505029793,75.63971824659778,66.875,65.0
76.0,65.8528725787229,65.0,75.51412505029793,75.63971824659778,66.875,65.0
77.0,65.81324078666114,65.0,75.51412505029793,75.63971824659778,66.875,65.0
78.0,65.7762242780282,65.0,75.51412505029793,75.63971824659778,66.875,65.0
79.0,65.74156666709703,65.0,75.51412505029793,75.63971824659778,66.875,65.0
80.0,65.70904469989564,65.0,75.51412505029793,75.63971824659778,66.875,65.0
81.0,65.8427301585037,65.0,75.51412505029793,75.63971824659778,66.875,65.0
82.0,65.81458261769448,65.0,75.51412505029793,75.63971824659778,66.875,65.0
83.0,65.78801819177436,65.0,75.51412505029793,75.63971824659778,66.875,65.0
84.0,65.76290504107583,65.0,75.51412505029793,75.63971824659778,66.875,65.0
85.0,65.73912580311152,65.0,75.51412505029793,75.63971824659778,66.875,65.0
86.0,65.7165756302829,65.0,75.51412505029793,75.63971824659778,66.875,65.0
87.0,65.8629368572392,65.0,75.31056119459595,75.63971824659778,66.875,65.0
88.0,65.8437111237168,65.0,75.31056119459595,75.63971824659778,66.875,65.0
89.0,65.82543879101836,65.0,75.31056119459595,75.63971824659778,66.875,65.0
90.0,65.80805236529808,65.0,75.31056119459595,75.63971824659778,66.875,65.0
91.0,65.79149064764644,65.0,75.31056119459595,75.63971824659778,66.875,65.0
92.0,65.77533329301227,65.0,75.31056119459595,75.63971824659778,66.875,65.0
93.0,65.76479695246427,65.0,75.31056119459595,75.63971824659778,66.875,65.0
94.0,65.76382817843391,65.0,75.31056119459595,75.63971824659778,66.875,65.0
95.0,65.78766952220322,65.0,75.31056119459595,75.63971824659778,66.875,65.0
96.0,65.87783083499369,65.0,75.31056119459595,75.63971824659778,66.875,65.0
97.0,66.13721193832167,65.0,75.31056119459595,75.63971824659778,66.875,65.0
98.0,66.1338734173378,65.0,75.31056119459595,75.63971824659778,66.875,65.0
99.0,66.12982542447415,65.0,75.31056119459595,75.63971824659778,66.875,65.0
100.0,66.12527581083437,65.0,75.31056119459595,75.63971824659778,66.875,65.0
101.0,66.12037442268318,65.0,75.31056119459595,75.63971824659778,66.875,65.0
102.0,66.11523126594741,65.0,75.12337690097793,75.63971824659778,66.875,65.0
103.0,66.11057160627676,65.0,74.78388967299192,75.63971824659778,66.875,65.0
104.0,66.10710038243529,65.0,74.78388967299192,75.63971824659778,66.875,65.0
105.0,66.10357793479336,65.0,74.48890472600891,75.63971824659778,66.875,65.0
106.0,66.10132651916604,65.0,74.35742335500184,75.63971824659778,66.875,65.0
107.0,66.09936326363989,65.0,74.23629004517791,75.63971824659778,66.875,65.0
108.0,66.1022777636922,65.0,74.23629004517791,75.63971824659778,66.875,65.0
109.0,66.12406716250354,65.0,74.23629004517791,75.63971824659778,66.875,65.0
110.0,66.1874357804606,65.0,74.23629004517791,75.63971824659778,66.875,65.0
111.0,66.3752290336087,65.0,74.23629004517791,75.63971824659778,66.875,65.0
112.0,66.88770009457625,65.0,74.23629004517791,75.63971824659778,66.875,65.0
113.0,67.5373721392189,65.0,74.23629004517791,75.63971824659778,66.875,65.0
114.0,67.82155396862068,65.0,74.23629004517791,73.05638491326445,66.875,65.0
115.0,68.5324490469411,65.012,74.23629004517791,73.05638491326445,66.875,65.0
116.0,68.9466980790418,65.024,74.23629004517791,73.05638491326445,66.875,65.0
117.0,69.26118480159913,65.03599999999999,74.23629004517791,73.05638491326445,66.875,65.0
118.0,69.30578524825818,65.048,74.23629004517791,73.05638491326445,66.875,65.0
119.0,69.34512310013399,65.05315136214305,74.23629004517791,73.05638491326445,66.875,65.0
120.0,69.38011416102877,65.15036432870217,74.23629004517791,73.05638491326445,66.875,65.0
121.0,69.4114662684723,65.41461656919034,74.23629004517791,73.05638491326445,66.875,65.0
122.0,69.43973668207707,66.132928632639,74.23629004517791,73.05638491326445,66.875,65.0
123.0,69.46537110131185,68.08550326187434,74.23629004517791,73.05638491326445,66.875,65.0
124.0,69.4887309227208,73.20526680779794,74.23629004517791,73.05638491326445,66.875,65.0
125.0,69.51011273203373,73.38186386506683,74.23629004517791,73.05638491326445,66.875,65.0
126.0,69.5297625305332,73.53589838486225,74.23629004517791,73.05638491326445,66.875,65.0
127.0,69.54788630632156,73.67179882264863,74.23629004517791,73.05638491326445,66.875,65.0
128.0,69.56465801576554,73.7928650970509,74.23629004517791,73.05638491326445,66.875,65.0
129.0,69.58022569606534,73.90161332303406,74.23629004517791,73.05638491326445,66.875,65.0
130.0,69.59471620694212,74.0,74.23629004517791,73.05638491326445,66.875,65.0
131.0,69.60823895180259,74.089572499564,74.23629004517791,73.05638491326445,66.875,65.0
132.0,69.62088882897598,74.17157287525382,74.23629004517791,73.05638491326445,66.875,65.0
133.0,69.63274859497942,74.24701119355325,74.23629004517791,73.05638491326445,66.875,65.0
134.0,69.64389077374177,74.31671842700025,74.23629004517791,73.05638491326445,66.875,65.0
135.0,69.65437921161069,74.38138531716808,74.23629004517791,73.05638491326445,66.875,65.0
136.0,69.6642703534081,74.44159140373267,74.23629004517791,73.05638491326445,66.875,65.0
137.0,69.67361429688596,74.4978270313151,74.23629004517791,73.05638491326445,66.875,65.0
138.0,69.68245566971645,74.55051025721683,74.23629004517791,73.05638491326445,66.875,65.0
139.0,69.69083436329112,74.6,74.23629004517791,73.05638491326445,66.875,65.0
140.0,69.69878615017139,74.64660637834179,74.23629004517791,73.05638491326445,66.875,65.0
141.0,69.70634320638092,74.6905989232415,74.23629004517791,73.05638491326445,66.875,65.0
142.0,69.71353455539237,74.73221316194464,74.23629004517791,73.05638491326445,66.875,65.0
143.0,69.72038644730556,74.77165594187538,74.23629004517791,73.05638491326445,66.875,65.0
144.0,69.72692268409457,74.80910976997934,74.23629004517791,73.05638491326445,66.875,65.0
145.0,69.73316489974805,74.84473637567869,74.23629004517791,73.05638491326445,66.875,65.0
146.0,69.73913280250075,74.87867965644035,74.23629004517791,73.05638491326445,66.875,65.0
147.0,69.74484438505893,74.91106812853162,74.23629004517791,73.05638491326445,66.875,65.0
148.0,69.75031610768833,74.9420169782899,74.23629004517791,73.05638491326445,66.875,65.0
149.0,69.75556305819728,74.97162978865155,74.23629004517791,73.05638491326445,66.875,65.0
150.0,69.76059909217203,75.0,74.23629004517791,73.05638491326445,66.875,65.0
151.0,69.76543695627204,75.02721215233571,74.23629004517791,73.05638491326445,66.875,65.0
152.0,69.7700883969405,75.05334294643085,74.23629004517791,73.05638491326445,66.875,65.0
153.0,69.77456425651897,75.07846215433895,74.23629004517791,73.05638491326445,66.875,65.0
154.0,69.77887455844488,75.10263340389898,74.23629004517791,73.05638491326445,66.875,65.0
155.0,69.7830285829629,75.12591485733672,74.23629004517791,73.05638491326445,66.875,65.0
156.0,69.78703493456372,75.1483598004549,74.23629004517791,73.05638491326445,66.875,65.0
157.0,69.79090160219444,75.17001715600874,74.23629004517791,73.05638491326445,66.875,65.0
158.0,69.79463601313074,75.19093193253342,74.23629004517791,73.05638491326445,66.875,65.0
159.0,69.79824508128077,75.21114561800016,74.23629004517791,73.05638491326445,66.875,65.0
160.0,69.80173525058287,75.23069652614124,74.23629004517791,73.05638491326445,66.875,65.0
161.0,69.80511253407145,75.24962010202526,74.23629004517791,73.05638491326445,66.875,65.0
162.0,69.80838254910951,75.26794919243112,74.23629004517791,73.05638491326445,66.875,65.0
163.0,69.81155054921972,75.28571428571428,74.23629004517791,73.05638491326445,66.875,65.0
164.0,69.81462145289389,75.30294372515229,74.23629004517791,73.05638491326445,66.875,65.0
165.0,69.8175998697095,75.31966389916639,74.23629004517791,73.05638491326445,66.875,65.0
166.0,69.8204901240447,75.33589941132432,74.23629004517791,73.05638491326445,66.875,65.0
167.0,69.8232962766447,75.35167323261572,74.23629004517791,73.05638491326445,66.875,65.0
168.0,69.8260221442651,75.36700683814455,74.23629004517791,73.05638491326445,66.875,65.0
169.0,69.82867131758775,75.38192033008822,74.23629004517791,73.05638491326445,66.875,65.0
170.0,69.83124717758598,75.39643254852545,74.23629004517791,73.05638491326445,66.875,65.0
171.0,69.83375291049231,75.41056117152193,74.23629004517791,73.05638491326445,66.875,65.0
172.0,69.83619152150679,75.42432280568333,74.23629004517791,73.05638491326445,66.875,65.0
173.0,69.83856584736702,75.43773306823012,74.23629004517791,73.05638491326445,66.875,65.0
174.0,69.84087856789024,75.45080666151703,74.23629004517791,75.31059819357714,66.875,65.0
175.0,69.84313221658205,75.47764498741888,74.23629004517791,75.31059819357714,66.875,65.0
176.0,69.84532919040062,75.504173569225,74.23629004517791,75.31059819357714,66.875,65.0
177.0,69.84747175875272,75.53040474780401,74.23629004517791,75.31059819357714,66.875,65.0
178.0,69.84956207179084,75.5563501864546,74.23629004517791,75.31059819357714,66.875,65.0
179.0,69.85160216807496,75.57398087591027,74.23629004517791,75.31059819357714,66.875,65.0
180.0,69.85359398165379,75.69942414904978,74.23629004517791,75.31059819357714,66.875,65.0
181.0,69.85553934861679,76.02071085482925,74.23629004517791,75.31059819357714,66.875,65.0
182.0,69.85744001316208,76.87480165996834,74.23629004517791,75.31059819357714,66.875,65.0
183.0,69.85929763322171,79.17763401532174,74.23629004517791,75.31059819357714,66.875,65.0
184.0,69.86111378568096,74.63267321935467,74.23629004517791,75.31059819357714,66.875,65.0
185.0,69.86288997122611,65.0,74.23629004517791,75.31059819357714,66.875,65.0
186.0,69.86462761885002,65.0,74.23629004517791,75.31059819357714,66.875,65.0
187.0,69.86632809004438,65.0,74.23629004517791,67.08754661364601,66.875,65.0
188.0,69.86799268270299,64.976,74.23629004517791,67.08754661364601,66.875,65.0
189.0,69.86962263475904,64.952,74.23629004517791,67.08754661364601,66.875,65.0
190.0,69.87121912757762,64.92800000000001,74.23629004517791,67.08754661364601,66.875,65.0
191.0,69.87278328912204,64.90400000000001,74.23629004517791,67.08754661364601,66.875,65.0
192.0,69.87431619691127,64.89369727571388,74.23629004517791,67.08754661364601,66.875,65.0
193.0,69.87581888078456,64.69927134259568,74.23629004517791,67.08754661364601,66.875,65.0
194.0,69.8772923254875,64.1707668616193,74.23629004517791,67.08754661364601,66.875,65.00000000000001
195.0,69.87873747309304,62.73414273472201,74.23629004517791,67.08754661364601,66.875,65.0
196.0,69.88015522526904,58.828993476251306,74.23629004517791,67.08754661364601,66.875,65.0
197.0,69.88154644540435,52.692099788303075,74.23629004517791,67.08754661364601,66.875,65.0
198.0,69.88291196060258,56.61813613493316,74.23629004517791,67.08754661364601,66.875,64.99999999999999
199.0,69.88425256355394,56.46410161513776,74.23629004517791,67.08754661364601,66.875,65.0
200.0,69.88556901429308,56.32820117735138,74.23629004517791,67.08754661364601,66.875,65.0
201.0,69.88686204185127,56.2071349029491,74.23629004517791,67.08754661364601,66.875,65.0
202.0,69.88813234580992,56.09838667696594,74.23629004517791,67.08754661364601,66.875,65.0
203.0,69.88938059776244,56.0,74.23629004517791,67.08754661364601,66.875,65.0
204.0,69.89060744269075,55.91042750043599,74.23629004517791,67.08754661364601,66.875,65.0
205.0,69.89181350026178,55.82842712474619,74.23629004517791,67.08754661364601,66.875,65.0
206.0,69.89299936604964,55.75298880644675,74.23629004517791,67.08754661364601,66.875,65.0
207.0,69.89416561268807,55.68328157299974,74.23629004517791,67.08754661364601,66.875,65.0
208.0,69.89531279095819,55.61861468283191,74.23629004517791,67.08754661364601,66.875,65.0
209.0,69.89644143081517,55.55840859626733,74.23629004517791,67.08754661364601,66.875,65.0
210.0,69.89755204235834,55.502172968684896,74.23629004517791,67.08754661364601,66.875,65.0
211.0,69.89864511674747,55.44948974278318,74.23629004517791,67.08754661364601,66.875,65.0
212.0,69.8997211270699,55.4,74.23629004517791,67.08754661364601,66.875,65.0
213.0,69.90078052916037,55.35339362165822,74.23629004517791,67.08754661364601,66.875,65.0
214.0,69.90182376237694,55.30940107675851,74.23629004517791,67.08754661364601,66.875,65.0
215.0,69.90285125033597,55.26778683805537,74.23629004517791,67.08754661364601,66.875,65.0
216.0,69.90386340160863,55.22834405812463,74.23629004517791,67.08754661364601,66.875,65.0
217.0,69.90486061038017,55.19089023002067,74.23629004517791,67.08754661364601,66.875,65.0
218.0,69.90584325707626,55.1552636243213,74.23629004517791,67.08754661364601,66.875,65.0
219.0,69.90681170895625,55.12132034355964,74.23629004517791,67.08754661364601,66.875,65.0
220.0,69.9077663206768,55.08893187146837,74.23629004517791,67.08754661364601,66.875,65.0
221.0,69.90870743482633,55.05798302171011,74.23629004517791,67.08754661364601,66.875,65.0
222.0,69.9096353824337,55.02837021134843,74.23629004517791,67.08754661364601,66.875,65.0
223.0,69.91055048345073,55.0,74.23629004517791,67.08754661364601,66.875,65.0
224.0,69.91145304721117,54.97278784766428,74.23629004517791,67.08754661364601,66.875,65.0
225.0,69.91234337286741,54.94665705356916,74.23629004517791,67.08754661364601,66.875,65.0
226.0,69.91322174980576,54.92153784566104,74.23629004517791,67.08754661364601,66.875,65.0
227.0,69.9140884580418,54.89736659610103,74.23629004517791,67.08754661364601,66.875,65.0
228.0,69.9149437685967,54.87408514266326,74.23629004517791,67.08754661364601,66.875,65.0
229.0,69.9157879438559,54.8516401995451,74.23629004517791,67.08754661364601,66.875,65.0
230.0,69.91662123791055,54.82998284399125,74.23629004517791,67.08754661364601,66.875,65.0
231.0,69.91744389688346,54.80906806746659,74.23629004517791,67.08754661364601,66.875,65.0
232.0,69.91825615923925,54.78885438199982,74.23629004517791,67.08754661364601,66.875,65.0
233.0,69.91905825608079,54.76930347385877,74.23629004517791,67.08754661364601,66.875,65.0
234.0,69.91985041143201,54.75037989797473,74.23629004517791,67.08754661364601,66.875,65.0
235.0,69.92063284250742,54.732050807568875,74.23629004517791,67.08754661364601,66.875,65.0
236.0,69.92140575996977,54.7142857142857,74.23629004517791,62.94285714285714,66.875,65.0
237.0,69.92216936817644,54.706999131990564,74.23629004517791,62.94285714285714,66.875,65.0
238.0,69.92292386541445,54.700221815119335,74.23629004517791,62.94285714285714,66.875,65.0
239.0,69.92366944412485,54.69392916010426,74.23629004517791,62.94285714285714,66.875,65.0
240.0,69.92440629111839,54.688098195955696,74.23629004517791,62.94285714285714,66.875,65.0
241.0,69.92513458778053,54.67703286191685,74.23629004517791,62.94285714285714,66.875,65.0
242.0,69.9258545102682,54.74266725655071,74.23629004517791,62.94285714285714,66.875,65.0
243.0,69.9265662296979,54.94710689451799,74.23629004517791,62.94285714285714,66.875,65.0
244.0,69.92726991232632,55.52815112409322,74.23629004517791,62.94285714285714,66.875,65.0
245.0,69.92796571972234,57.1322370398697,74.23629004517791,62.94285714285714,66.875,65.0
246.0,69.92865380893278,61.36091657251675,74.23629004517791,62.94285714285714,66.875,65.0
247.0,69.92933433264017,61.49416625525263,74.23629004517791,62.94285714285714,66.875,65.0
248.0,69.9300074393152,61.60904407808061,74.23629004517791,62.94285714285714,66.875,65.0
249.0,69.93067327336185,61.709206262768284,74.23629004517791,62.94285714285714,66.875,65.0
250.0,69.93133197525698,61.79737468673623,74.23629004517791,62.94285714285714,66.875,65.0
251.0,69.93198368168423,61.8756224676568,74.23629004517791,62.94285714285714,66.875,65.0
252.0,69.93262852566247,61.945559672213356,74.23629004517791,62.94285714285714,66.875,65.0
253.0,69.93326663666915,62.00845796281931,74.23629004517791,62.94285714285714,66.875,65.0
254.0,69.93389814075833,62.065336571771674,74.23629004517791,62.94285714285714,66.875,65.0
255.0,69.934523160675,62.11702302487641,74.23629004517791,62.94285714285714,66.875,65.0
256.0,69.93514181596329,62.16419693368658,74.23629004517791,62.94285714285714,66.875,65.0
257.0,69.93575422307238,62.20742216542626,74.23629004517791,62.94285714285714,66.875,65.0
258.0,69.93636049545638,62.24717086721112,74.23629004517791,62.94285714285714,66.875,65.0
259.0,69.93696074367192,62.28384167403417,74.23629004517791,62.94285714285714,66.875,65.0
260.0,69.93755507547088,62.31777369376178,74.23629004517791,62.94285714285714,66.875,65.0
261.0,69.93814359589025,62.349257379211544,74.23629004517791,62.94285714285714,66.875,65.0
262.0,69.93872640733805,62.378543073824005,74.23629004517791,62.94285714285714,66.875,65.0
263.0,69.93930360967644,62.405847796766324,74.23629004517791,62.94285714285714,66.875,65.0
264.0,69.93987530030167,62.43136068026977,74.23629004517791,62.94285714285714,66.875,65.0
265.0,69.94044157422061,62.45524736424169,74.23629004517791,62.94285714285714,66.875,65.0
266.0,69.94100252412485,62.47765357623697,74.23629004517791,62.94285714285714,66.875,65.0
267.0,69.94155824046214,62.49870806920509,74.23629004517791,62.94285714285714,66.875,65.0
268.0,69.9421088115046,62.51852504866963,74.23629004517791,62.94285714285714,66.875,65.0
269.0,69.94265432341534,62.53720619082436,74.23629004517791,62.94285714285714,66.875,65.0
270.0,69.9431948603118,62.55484233045934,74.23629004517791,62.94285714285714,66.875,65.0
271.0,69.94373050432758,62.57151488058438,74.23629004517791,62.94285714285714,66.875,65.0
272.0,69.94426133567113,62.587297032626225,74.23629004517791,62.94285714285714,66.875,65.0
273.0,69.9447874326835,62.60225477609085,74.23629004517791,62.94285714285714,66.875,65.0
274.0,69.94530887189295,62.616447768848055,74.23629004517791,62.94285714285714,66.875,65.0
275.0,69.94582572806837,62.62993008315737,74.23629004517791,62.94285714285714,66.875,65.0
276.0,69.94633807427041,62.64275084780963,74.23629004517791,62.94285714285714,66.875,65.0
277.0,69.94684598190112,62.6549548030035,74.23629004517791,62.94285714285714,66.875,65.0
278.0,69.94734952075176,62.66658278158607,74.23629004517791,62.94285714285714,66.875,65.0
279.0,69.94784875904877,62.67767212789255,74.23629004517791,62.94285714285714,66.875,65.0
280.0,69.94834376349853,62.68825706348991,74.23629004517791,62.94285714285714,66.875,65.0
281.0,69.94883459933033,62.698369007567834,74.23629004517791,62.94285714285714,66.875,65.0
282.0,69.94932133033792,62.70803685844777,74.23629004517791,62.94285714285714,66.875,65.0
283.0,69.94980401891964,62.717287241641095,74.23629004517791,62.94285714285714,66.875,65.0
284.0,69.95028272611749,62.72614472903184,74.23629004517791,62.94285714285714,66.875,65.0
285.0,69.9507575116545,62.73463203305449,74.23629004517791,62.94285714285714,66.875,65.0
286.0,69.9512284339711,62.74277017915151,74.23629004517791,62.94285714285714,66.875,65.0
287.0,69.95169555026008,62.7505786593093,74.23629004517791,62.94285714285714,66.875,65.0
288.0,69.9521589165007,62.75807556906355,74.23629004517791,62.94285714285714,66.875,65.0
289.0,69.9526185874916,62.76527773002504,74.23629004517791,62.94285714285714,66.875,65.0
290.0,69.95307461688226,62.77220079968834,74.23629004517791,62.94285714285714,66.875,65.0
291.0,69.95352705720416,62.77885937004506,74.23629004517791,62.94285714285714,66.875,65.0
292.0,69.95397595990015,62.785267056316464,74.23629004517791,62.94285714285714,66.875,65.0
293.0,69.95442137535356,62.7914365769469,74.23629004517791,62.94285714285714,66.875,65.0
294.0,69.95486335291606,62.79737982584955,74.23629004517791,62.94285714285714,66.875,65.0
295.0,69.95530194093455,62.803107937769916,74.23629004517791,62.94285714285714,66.875,65.0
296.0,69.95573718677726,62.80863134752235,74.23629004517791,62.94285714285714,66.875,65.0
297.0,69.95616913685943,62.81395984376192,74.23629004517791,62.94285714285714,66.875,65.0
298.0,69.95659783666751,62.81910261787254,74.23629004517791,62.94285714285714,66.875,65.0
299.0,69.9570233307833,62.824068308482815,74.23629004517791,62.94285714285714,66.875,65.0
300.0,69.9574456629066,62.82886504206032,74.23629004517791,62.94285714285714,66.875,65.0
301.0,69.95786487587783,62.833500469982475,74.23629004517791,62.94285714285714,66.875,65.0
302.0,69.9582810116999,62.83798180243672,74.23629004517791,62.94285714285714,66.875,65.0
303.0,69.95869411155871,62.84231583946248,74.23629004517791,62.94285714285714,66.875,65.0
304.0,69.95910421584396,62.84650899941269,74.23629004517791,62.94285714285714,66.875,65.0
305.0,69.95951136416889,62.85056734508234,74.23629004517791,62.94285714285714,66.875,65.0
306.0,69.9599155953891,62.85449660772423,74.23629004517791,62.94285714285714,66.875,65.0
307.0,69.96031694762162,62.85830220914901,74.23629004517791,62.94285714285714,66.875,65.0
308.0,69.96071545826267,62.86198928208566,74.23629004517791,62.94285714285714,66.875,65.0
309.0,69.96111116400535,62.86556268896012,74.23629004517791,62.94285714285714,66.875,65.0
310.0,69.96150410085637,62.8690270392338,74.23629004517791,62.94285714285714,66.875,65.0
311.0,69.96189430415306,62.87238670542928,74.23629004517791,62.94285714285714,66.875,65.0
312.0,69.96228180857888,62.87564583795768,74.23629004517791,62.94285714285714,66.875,65.0
313.0,69.96266664817941,62.87880837885101,74.23629004517791,62.94285714285714,66.875,65.0
314.0,69.96304885637718,62.88187807449271,74.23629004517791,62.94285714285714,66.875,65.0
315.0,69.96342846598655,62.88485848743053,74.23629004517791,62.94285714285714,66.875,65.0
316.0,69.96380550922784,62.88775300734799,74.23629004517791,62.94285714285714,66.875,65.0
317.0,69.9641800177414,62.89056486126367,74.23629004517791,62.94285714285714,66.875,65.0
318.0,69.96455202260077,62.89329712302048,74.23629004517791,62.94285714285714,66.875,65.0
319.0,69.96492155432612,62.895952722122416,74.23629004517791,62.94285714285714,66.875,65.0
320.0,69.96528864289682,62.89853445197,74.23629004517791,62.94285714285714,66.875,65.0
321.0,69.96565331776378,62.90104497754203,74.23629004517791,62.94285714285714,66.875,65.0
322.0,69.96601560786159,62.90348684256588,74.23629004517791,62.94285714285714,66.875,65.0
323.0,69.96637554162012,62.90586247621633,74.23629004517791,62.94285714285714,66.875,65.0
324.0,69.96673314697597,62.90817419937793,74.23629004517791,62.94285714285714,66.875,65.0
325.0,69.96708845138362,62.91042423050417,74.23629004517791,62.94285714285714,66.875,65.0
326.0,69.96744148182593,62.912614691103016,74.23629004517791,62.94285714285714,66.875,65.0
327.0,69.96779226482502,62.914747610876425,74.23629004517791,62.94285714285714,66.875,65.0
328.0,69.96814082645206,62.91682493253893,74.23629004517791,62.94285714285714,66.875,65.0
329.0,69.96848719233752,62.91884851633835,74.23629004517791,62.94285714285714,66.875,65.0
330.0,69.96883138768062,62.92082014429976,74.23629004517791,62.94285714285714,66.875,65.0
331.0,69.9691734372588,62.922741524212476,74.23629004517791,62.94285714285714,66.875,65.0
332.0,69.96951336543705,62.924614293377566,74.23629004517791,62.94285714285714,66.875,65.0
333.0,69.96985119617635,62.92644002213283,74.23629004517791,62.94285714285714,66.875,65.0
334.0,69.97018695304297,62.9282202171703,74.23629004517791,62.94285714285714,66.875,65.0
335.0,69.97052065921642,62.92995632466013,74.23629004517791,62.94285714285714,66.875,65.0
336.0,69.97085233749799,62.93164973319427,74.23629004517791,62.94285714285714,66.875,65.0
337.0,69.9711820103185,62.93330177656162,74.23629004517791,62.94285714285714,66.875,65.0
338.0,69.97150969974639,62.93491373636572,74.23629004517791,62.94285714285714,66.875,65.0
339.0,69.97183542749521,62.936486844495505,74.23629004517791,62.94285714285714,66.875,65.0
340.0,69.97215921493104,62.93802228545835,74.23629004517791,62.94285714285714,66.875,65.0
341.0,69.97248108307973,62.93952119858449,74.23629004517791,62.94285714285714,66.875,65.0
342.0,69.97280105263391,62.940984680110624,74.23629004517791,62.94285714285714,66.875,65.0
343.0,69.9731191439599,62.942413785150826,74.23629004517791,62.94285714285714,66.875,65.0
344.0,69.97343537710442,62.943809529561186,74.23629004517791,62.94285714285714,66.875,65.0
345.0,69.97374977180108,62.945172891705276,74.23629004517791,62.94285714285714,66.875,65.0
346.0,69.97406234747685,62.94650481412615,74.23629004517791,62.94285714285714,66.875,65.0
347.0,69.9743731232581,62.947806205130895,74.23629004517791,62.94285714285714,66.875,65.0
348.0,69.97468211797681,62.94907794029256,74.23629004517791,62.94285714285714,66.875,65.0
349.0,69.9749893501763,62.95032086387494,74.23629004517791,62.94285714285714,66.875,65.0
350.0,69.97529483811738,62.951535790184316,74.23629004517791,62.94285714285714,66.875,65.0
351.0,69.97559859978344,62.95272350485269,74.23629004517791,62.94285714285714,66.875,65.0
352.0,69.97590065288632,62.95388476605648,74.23629004517791,62.94285714285714,66.875,65.0
353.0,69.97620101487159,62.95502030567436,74.23629004517791,62.94285714285714,66.875,65.0
354.0,69.9764997029237,62.95613083038777,74.23629004517791,62.94285714285714,66.875,65.0
355.0,69.97679673397103,62.957217022727356,74.23629004517791,62.94285714285714,66.875,65.0
356.0,69.97709212469121,62.95827954206836,74.23629004517791,62.94285714285714,66.875,65.0
357.0,69.97738589151547,62.959319025577884,74.23629004517791,62.94285714285714,66.875,65.0
358.0,69.97767805063377,62.96033608911663,74.23629004517791,62.94285714285714,66.875,65.0
359.0,69.9779686179993,62.96133132809772,74.23629004517791,62.94285714285714,66.875,65.0
360.0,69.97825760933311,62.96230531830482,74.23629004517791,62.94285714285714,66.875,65.0
361.0,69.97854504012825,62.96325861667191,74.23629004517791,62.94285714285714,66.875,65.0
362.0,69.97883092565452,62.96419176202668,74.23629004517791,62.94285714285714,66.875,65.0
363.0,69.97911528096223,62.96510527579955,74.23629004517791,62.94285714285714,66.875,65.0
364.0,69.97939812088667,62.965999662700106,74.23629004517791,62.94285714285714,66.875,65.0
365.0,69.97967946005197,62.9668754113627,74.23629004517791,62.94285714285714,66.875,65.0
366.0,69.97995931287512,62.967732994962766,74.23629004517791,62.94285714285714,66.875,65.0
367.0,69.98023769356966,62.96857287180551,74.23629004517791,62.94285714285714,66.875,65.0
368.0,69.98051461614962,62.96939548588827,74.23629004517791,62.94285714285714,66.875,65.0
369.0,69.98079009443315,62.970201267437915,74.23629004517791,62.94285714285714,66.875,65.0
370.0,69.98106414204597,62.970990633424584,74.23629004517791,62.94285714285714,66.875,65.0
371.0,69.98133677242502,62.97176398805308,74.23629004517791,62.94285714285714,66.875,65.0
372.0,69.98160799882193,62.97252172323266,74.23629004517791,62.94285714285714,66.875,65.0
373.0,69.98187783430619,62.97326421902688,74.23629004517791,62.94285714285714,66.875,65.0
374.0,69.98214629176864,62.973991844083855,74.23629004517791,62.94285714285714,66.875,65.0
375.0,69.98241338392448,62.97470495604842,74.23629004517791,62.94285714285714,66.875,65.0
376.0,69.98267912331653,62.97540390195675,74.23629004517791,62.94285714285714,66.875,65.0
377.0,69.98294352231828,62.97608901861444,74.23629004517791,62.94285714285714,66.875,65.0
378.0,69.98320659313696,62.976760632958765,74.23629004517791,62.94285714285714,66.875,65.0
379.0,69.98346834781624,62.977419062405964,74.23629004517791,62.94285714285714,66.875,65.0
380.0,69.98372879823943,62.97806461518414,74.23629004517791,62.94285714285714,66.875,65.0
381.0,69.983987956132,62.978697590652665,74.23629004517791,62.94285714285714,66.875,65.0
382.0,69.98424583306443,62.979318279608385,74.23629004517791,62.94285714285714,66.875,65.0
383.0,69.98450244045507,62.979926964579626,74.23629004517791,62.94285714285714,66.875,65.0
384.0,69.98475778957253,62.98052392010828,74.23629004517791,62.94285714285714,66.875,65.0
385.0,69.98501189153835,62.981109413020654,74.23629004517791,62.94285714285714,66.875,65.0
386.0,69.98526475732952,62.981683702687576,74.23629004517791,62.94285714285714,66.875,65.0
387.0,69.98551639778103,62.98224704127424,74.23629004517791,62.94285714285714,66.875,65.0
388.0,69.98576682358811,62.98279967398023,74.23629004517791,62.94285714285714,66.875,65.0
389.0,69.9860160453089,62.983341839270224,74.23629004517791,62.94285714285714,66.875,65.0
390.0,69.98626407336637,62.98387376909565,74.23629004517791,62.94285714285714,66.875,65.0
391.0,69.9865109180508,62.984395689108034,74.23629004517791,62.94285714285714,66.875,65.0
392.0,69.98675658952212,62.98490781886392,74.23629004517791,62.94285714285714,66.875,65.0
393.0,69.98700109781203,62.98541037202214,74.23629004517791,62.94285714285714,66.875,65.0
394.0,69.98724445282583,62.985903556533565,74.23629004517791,62.94285714285714,66.875,65.0
395.0,69.98748666434496,62.9863875748238,74.23629004517791,62.94285714285714,66.875,65.0
396.0,69.98772774202867,62.98686262396887,74.23629004517791,62.94285714285714,66.875,65.0
397.0,69.98796769541632,62.98732889586452,74.23629004517791,62.94285714285714,66.875,65.0
398.0,69.98820653392913,62.987786577389244,74.23629004517791,62.94285714285714,66.875,65.0
399.0,69.98844426687232,62.988235850561246,74.23629004517791,62.94285714285714,66.875,65.0
400.0,69.9886809034367,62.98867689268968,74.23629004517791,62.94285714285714,66.875,65.0
401.0,69.98891645270076,62.98910987652042,74.23629004517791,62.94285714285714,66.875,65.0
402.0,69.98915092363252,62.98953497037655,74.23629004517791,62.94285714285714,66.875,65.0
403.0,69.989384325091,62.98995233829378,74.23629004517791,62.94285714285714,66.875,65.0
404.0,69.98961666582831,62.99036214015101,74.23629004517791,62.94285714285714,66.875,65.0
405.0,69.9898479544911,62.99076453179629,74.23629004517791,62.94285714285714,66.875,65.0
406.0,69.99007819962232,62.99115966516828,74.23629004517791,62.94285714285714,66.875,65.0
407.0,69.99030740966307,62.991547688413455,74.23629004517791,62.94285714285714,66.875,65.0
408.0,69.99053559295375,62.991928745999196,74.23629004517791,62.94285714285714,66.875,65.0
409.0,69.99076275773602,62.99230297882295,74.23629004517791,62.94285714285714,66.875,65.0
410.0,69.99098891215439,62.992670524317596,74.23629004517791,62.94285714285714,66.875,65.0
411.0,69.99121406425724,62.9930315165532,74.23629004517791,62.94285714285714,66.875,65.0
412.0,69.99143822199892,62.99338608633527,74.23629004517791,62.94285714285714,66.875,65.0
413.0,69.99166139324076,62.99373436129962,74.23629004517791,62.94285714285714,66.875,65.0
414.0,69.9918835857528,62.99407646600407,74.23629004517791,62.94285714285714,66.875,65.0
415.0,69.99210480721501,62.99441252201711,74.23629004517791,62.94285714285714,66.875,65.0
416.0,69.99232506521865,62.99474264800332,74.23629004517791,62.94285714285714,66.875,65.0
417.0,69.99254436726785,62.99506695980634,74.23629004517791,62.94285714285714,66.875,65.0
418.0,69.99276272078058,62.995385570528676,74.23629004517791,62.94285714285714,66.875,65.0
419.0,69.99298013309038,62.99569859060921,74.23629004517791,62.94285714285714,66.875,65.0
420.0,69.9931966114472,62.996006127897864,74.23629004517791,62.94285714285714,66.875,65.0
421.0,69.99341216301899,62.996308287728034,74.23629004517791,62.94285714285714,66.875,65.0
422.0,69.9936267948928,62.99660517298654,74.23629004517791,62.94285714285714,66.875,65.0
423.0,69.9938405140759,62.99689688418139,74.23629004517791,62.94285714285714,66.875,65.0
424.0,69.99405332749718,62.997183519507274,74.23629004517791,62.94285714285714,66.875,65.0
425.0,69.99426524200791,62.99746517490902,74.23629004517791,62.94285714285714,66.875,65.0
426.0,69.99447626438355,62.997741944142966,74.23629004517791,62.94285714285714,66.875,65.0
427.0,69.99468640132423,62.99801391883644,74.23629004517791,62.94285714285714,66.875,65.0
428.0,69.99489565945605,62.99828118854532,74.23629004517791,62.94285714285714,66.875,65.0
429.0,69.99510404533243,62.99854384080974,74.23629004517791,62.94285714285714,66.875,65.0
430.0,69.99531156543473,62.99880196120814,74.23629004517791,62.94285714285714,66.875,65.0
431.0,69.99551822617367,62.9990556334096,74.23629004517791,62.94285714285714,66.875,65.0
432.0,69.99572403389006,62.99930493922441,74.23629004517791,62.94285714285714,66.875,65.0
433.0,69.99592899485607,62.99954995865337,74.23629004517791,62.94285714285714,66.875,65.0
434.0,69.99613311527601,62.999790769935196,74.23629004517791,62.94285714285714,66.875,65.0
435.0,69.99633640128727,63.00002744959286,74.23629004517791,62.94285714285714,66.875,65.0
436.0,69.99653885896164,63.00026007247818,74.23629004517791,62.94285714285714,66.875,65.0
437.0,69.99674049430578,63.00048871181529,74.23629004517791,62.94285714285714,66.875,65.0
438.0,69.99694131326231,63.000713439242666,74.23629004517791,62.94285714285714,66.875,65.0
439.0,69.99714132171097,63.000934324853965,74.23629004517791,62.94285714285714,66.875,65.0
440.0,69.99734052546903,63.001151437237525,74.23629004517791,62.94285714285714,66.875,65.0
441.0,69.99753893029258,63.0013648435149,74.23629004517791,62.94285714285714,66.875,65.0
442.0,69.99773654187709,63.00157460937794,74.23629004517791,62.94285714285714,66.875,65.0
443.0,69.99793336585859,63.00178079912512,74.23629004517791,62.94285714285714,66.875,65.0
444.0,69.99812940781398,63.00198347569651,74.23629004517791,62.94285714285714,66.875,65.0
445.0,69.9983246732624,63.00218270070794,74.23629004517791,62.94285714285714,66.875,65.0
446.0,69.99851916766573,63.00237853448389,74.23629004517791,62.94285714285714,66.875,65.0
447.0,69.99871289642932,63.002571036089854,74.23629004517791,62.94285714285714,66.875,65.0
448.0,69.99890586490302,63.002760263363285,74.23629004517791,62.94285714285714,66.875,65.0
449.0,69.99909807838169,63.00294627294403,74.23629004517791,62.94285714285714,66.875,65.0
450.0,69.999289542106,63.003129120303605,74.23629004517791,62.94285714285714,66.875,65.0
451.0,69.99948026126332,63.00330885977393,74.23629004517791,62.94285714285714,66.875,65.0
452.0,69.99967024098831,63.003485544574914,74.23629004517791,62.94285714285714,66.875,65.0
453.0,69.99985948636355,63.003659226841556,74.23629004517791,62.94285714285714,66.875,65.0
454.0,70.00004800242037,63.00382995765009,74.23629004517791,62.94285714285714,66.875,65.0
455.0,70.00023579413964,63.00399778704349,74.23629004517791,62.94285714285714,66.875,65.0
456.0,70.0004228664521,63.00416276405618,74.23629004517791,62.94285714285714,66.875,65.0
457.0,70.00060922423935,63.00432493673818,74.23629004517791,62.94285714285714,66.875,65.0
458.0,70.00079487233434,63.00448435217842,74.23629004517791,62.94285714285714,66.875,65.0
459.0,70.00097981552194,63.00464105652762,74.23629004517791,62.94285714285714,66.875,65.0
460.0,70.00116405853998,63.00479509502025,74.23629004517791,62.94285714285714,66.875,65.0
461.0,70.00134760607934,63.004946511996216,74.23629004517791,62.94285714285714,66.875,65.0
462.0,70.00153046278477,63.00509535092167,74.23629004517791,62.94285714285714,66.875,65.0
463.0,70.00171263325562,63.005241654409495,74.23629004517791,62.94285714285714,66.875,65.0
464.0,70.00189412204634,63.005385464239,74.23629004517791,62.94285714285714,66.875,65.0
465.0,70.00207493366689,63.00552682137525,74.23629004517791,62.94285714285714,66.875,65.0
466.0,70.00225507258365,63.00566576598786,74.23629004517791,62.94285714285714,66.875,65.0
467.0,70.00243454321969,63.00580233746921,74.23629004517791,62.94285714285714,66.875,65.0
468.0,70.0026133499555,63.005936574452214,74.23629004517791,62.94285714285714,66.875,65.0
469.0,70.00279149712946,63.00606851482768,74.23629004517791,62.94285714285714,66.875,65.0
470.0,70.00296898903825,63.006198195761044,74.23629004517791,62.94285714285714,66.875,65.0
471.0,70.00314582993772,63.00632565370889,74.23629004517791,62.94285714285714,66.875,65.0
472.0,70.00332202404307,63.00645092443481,74.23629004517791,62.94285714285714,66.875,65.0
473.0,70.00349757552962,63.00657404302505,74.23629004517791,62.94285714285714,66.875,65.0
474.0,70.00367248853307,63.00669504390356,74.23629004517791,62.94285714285714,66.875,65.0
475.0,70.00384676715012,63.00681396084684,74.23629004517791,62.94285714285714,66.875,65.0
476.0,70.00402041543894,63.00693082699823,74.23629004517791,62.94285714285714,66.875,65.0
477.0,70.00419343741977,63.007045674881965,74.23629004517791,62.94285714285714,66.875,65.0
478.0,70.00436583707518,63.00715853641677,74.23629004517791,62.94285714285714,66.875,65.0
479.0,70.00453761835077,63.00726944292919,74.23629004517791,62.94285714285714,66.875,65.0
480.0,70.00470878515526,63.00737842516656,74.23629004517791,62.94285714285714,66.875,65.0
481.0,70.00487934136147,63.00748551330954,74.23629004517791,62.94285714285714,66.875,65.0
482.0,70.00504929080624,63.00759073698452,74.23629004517791,62.94285714285714,66.875,65.0
483.0,70.00521863729125,63.00769412527557,74.23629004517791,62.94285714285714,66.875,65.0
484.0,70.00538738458319,63.007795706736125,74.23629004517791,62.94285714285714,66.875,65.0
485.0,70.0055555364144,63.00789550940042,74.23629004517791,62.94285714285714,66.875,65.0
486.0,70.00572309648311,63.007993560794574,74.23629004517791,62.94285714285714,66.875,65.0
487.0,70.00589006845394,63.00808988794745,74.23629004517791,62.94285714285714,66.875,65.0
488.0,70.0060564559583,63.00818451740122,74.23629004517791,62.94285714285714,66.875,65.0
489.0,70.00622226259487,63.00827747522168,74.23629004517791,62.94285714285714,66.875,65.0
490.0,70.00638749192983,63.00836878700833,74.23629004517791,62.94285714285714,66.875,65.0
491.0,70.00655214749716,63.00845847790416,74.23629004517791,62.94285714285714,66.875,65.0
492.0,70.00671623279949,63.00854657260521,74.23629004517791,62.94285714285714,66.875,65.0
493.0,70.00687975130796,63.00863309536996,74.23629004517791,62.94285714285714,66.875,65.0
494.0,70.00704270646284,63.00871807002838,74.23629004517791,62.94285714285714,66.875,65.0
495.0,70.00720510167385,63.00880151999092,74.23629004517791,62.94285714285714,66.875,65.0
496.0,70.00736694032064,63.008883468257075,74.23629004517791,62.94285714285714,66.875,65.0
497.0,70.0075282257529,63.00896393742397,74.23629004517791,62.94285714285714,66.875,65.0
498.0,70.00768896129087,63.0090429496945,74.23629004517791,62.94285714285714,66.875,65.0
499.0,70.00784915022571,63.00912052688557,74.23629004517791,62.94285714285714,66.875,65.0
500.0,70.00800879581955,63.00919669043581,74.23629004517791,62.94285714285714,66.875,65.0
501.0,70.00816790130646,63.00927146141339,74.23629004517791,62.94285714285714,66.875,65.0
502.0,70.00832646989205,63.00934486052347,74.23629004517791,62.94285714285714,66.875,65.0
503.0,70.00848450475424,63.00941690811558,74.23629004517791,62.94285714285714,66.875,65.0
504.0,70.00864200904347,63.00948762419073,74.23629004517791,62.94285714285714,66.875,65.0
505.0,70.00879898588293,63.00955702840847,74.23629004517791,62.94285714285714,66.875,65.0
506.0,70.00895543836897,63.009625140093696,74.23629004517791,62.94285714285714,66.875,65.0
507.0,70.0091113695715,63.009691978243325,74.23629004517791,62.94285714285714,66.875,65.0
508.0,70.00926678253407,63.009757561532815,74.23629004517791,62.94285714285714,66.875,65.0
509.0,70.0094216802742,63.009821908322586,74.23629004517791,62.94285714285714,66.875,65.0
510.0,70.0095760657839,63.00988503666415,74.23629004517791,62.94285714285714,66.875,65.0
511.0,70.00972994202978,63.009946964306316,74.23629004517791,62.94285714285714,66.875,65.0
512.0,70.00988331195322,63.01000770870102,74.23629004517791,62.94285714285714,66.875,65.0
513.0,70.01003617847101,63.010067287009235,74.23629004517791,62.94285714285714,66.875,65.0
514.0,70.01018854447514,63.01012571610658,74.23629004517791,62.94285714285714,66.875,65.0
515.0,70.01034041283363,63.01018301258892,74.23629004517791,62.94285714285714,66.875,65.0
516.0,70.01049178639038,63.010239192777725,74.23629004517791,62.94285714285714,66.875,65.0
517.0,70.01064266796541,63.01029427272548,74.23629004517791,62.94285714285714,66.875,65.0
518.0,70.01079306035562,63.01034826822076,74.23629004517791,62.94285714285714,66.875,65.0
519.0,70.0109429663345,63.010401194793396,74.23629004517791,62.94285714285714,66.875,65.0
520.0,70.0110923886525,63.01045306771934,74.23629004517791,62.94285714285714,66.875,65.0
521.0,70.0112413300377,63.0105039020256,74.23629004517791,62.94285714285714,66.875,65.0
522.0,70.01138979319539,63.01055371249492,74.23629004517791,62.94285714285714,66.875,65.0
523.0,70.01153778080887,63.010602513670456,74.23629004517791,62.94285714285714,66.875,65.0
524.0,70.01168529553937,63.01065031986027,74.23629004517791,62.94285714285714,66.875,65.0
525.0,70.01183234002656,63.01069714514182,74.23629004517791,62.94285714285714,66.875,65.0
526.0,70.0119789168884,63.01074300336623,74.23629004517791,62.94285714285714,66.875,65.0
527.0,70.01212502872175,63.01078790816262,74.23629004517791,62.94285714285714,66.875,65.0
528.0,70.01227067810247,63.01083187294217,74.23629004517791,62.94285714285714,66.875,65.0
529.0,70.0124158675855,63.01087491090227,74.23629004517791,62.94285714285714,66.875,65.0
530.0,70.01256059970528,63.01091703503041,74.23629004517791,62.94285714285714,66.875,65.0
531.0,70.01270487697592,63.01095825810813,74.23629004517791,62.94285714285714,66.875,65.0
532.0,70.01284870189134,63.010998592714806,74.23629004517791,62.94285714285714,66.875,65.0
533.0,70.01299207692546,63.011038051231395,74.23629004517791,62.94285714285714,66.875,65.0
534.0,70.01313500453269,63.011076645844035,74.23629004517791,62.94285714285714,66.875,65.0
535.0,70.01327748714779,63.011114388547675,74.23629004517791,62.94285714285714,66.875,65.0
536.0,70.0134195271862,63.0111512911495,74.23629004517791,62.94285714285714,66.875,65.0
537.0,70.01356112704431,63.01118736527246,74.23629004517791,62.94285714285714,66.875,65.0
538.0,70.0137022890997,63.01122262235847,74.23629004517791,62.94285714285714,66.875,65.0
539.0,70.01384301571099,63.01125707367181,74.23629004517791,62.94285714285714,66.875,65.0
540.0,70.0139833092187,63.01129073030228,74.23629004517791,62.94285714285714,66.875,65.0
541.0,70.01412317194453,63.01132360316834,74.23629004517791,62.94285714285714,66.875,65.0
542.0,70.01426260619255,63.011355703020236,74.23629004517791,62.94285714285714,66.875,65.0
543.0,70.01440161424854,63.01138704044295,74.23629004517791,62.94285714285714,66.875,65.0
544.0,70.01454019838077,63.011417625859174,74.23629004517791,62.94285714285714,66.875,65.0
545.0,70.0146783608397,63.01144746953224,74.23629004517791,62.94285714285714,66.875,65.0
546.0,70.0148161038586,63.01147658156888,74.23629004517791,62.94285714285714,66.875,65.0
547.0,70.01495342965362,63.01150497192207,74.23629004517791,62.94285714285714,66.875,65.0
548.0,70.0150903404235,63.01153265039367,74.23629004517791,62.94285714285714,66.875,65.0
549.0,70.01522683835046,63.011559626637194,74.23629004517791,62.94285714285714,66.875,65.0
550.0,70.01536292559983,63.011585910160285,74.23629004517791,62.94285714285714,66.875,65.0
551.0,70.0154986043206,63.01161151032739,74.23629004517791,62.94285714285714,66.875,65.0
552.0,70.0156338766453,63.011636436362174,74.23629004517791,62.94285714285714,66.875,65.0
553.0,70.01576874469022,63.01166069735003,74.23629004517791,62.94285714285714,66.875,65.0
554.0,70.01590321055576,63.01168430224045,74.23629004517791,62.94285714285714,66.875,65.0
555.0,70.01603727632637,63.0117072598494,74.23629004517791,62.94285714285714,66.875,65.0
556.0,70.01617094407071,63.01172957886161,74.23629004517791,62.94285714285714,66.875,65.0
557.0,70.01630421584217,63.01175126783287,74.23629004517791,62.94285714285714,66.875,65.0
558.0,70.01643709367839,63.0117723351922,74.23629004517791,62.94285714285714,66.875,65.0
559.0,70.01656957960215,63.011792789244026,74.23629004517791,62.94285714285714,66.875,65.0
560.0,70.01670167562072,63.01181263817039,74.23629004517791,62.94285714285714,66.875,65.0
561.0,70.01683338372676,63.01183189003294,74.23629004517791,62.94285714285714,66.875,65.0
562.0,70.01696470589808,63.01185055277503,74.23629004517791,62.94285714285714,66.875,65.0
563.0,70.0170956440976,63.01186863422371,74.23629004517791,62.94285714285714,66.875,65.0
564.0,70.01722620027408,63.01188614209172,74.23629004517791,62.94285714285714,66.875,65.0
565.0,70.01735637636163,63.01190308397937,74.23629004517791,62.94285714285714,66.875,65.0
566.0,70.01748617428044,63.01191946737648,74.23629004517791,62.94285714285714,66.875,65.0
567.0,70.01761559593628,63.01193529966424,74.23629004517791,62.94285714285714,66.875,65.0
568.0,70.01774464322118,63.01195058811695,74.23629004517791,62.94285714285714,66.875,65.0
569.0,70.01787331801336,63.011965339903945,74.23629004517791,62.94285714285714,66.875,65.0
570.0,70.01800162217717,63.01197956209118,74.23629004517791,62.94285714285714,66.875,65.0
571.0,70.01812955756368,63.01199326164312,74.23629004517791,62.94285714285714,66.875,65.0
572.0,70.01825712601043,63.01200644542425,74.23629004517791,62.94285714285714,66.875,65.0
573.0,70.01838432934159,63.01201912020088,74.23629004517791,62.94285714285714,66.875,65.0
574.0,70.01851116936822,63.01203129264269,74.23629004517791,62.94285714285714,66.875,65.0
575.0,70.01863764788851,63.012042969324284,74.23629004517791,62.94285714285714,66.875,65.0
576.0,70.01876376668737,63.01205415672684,74.23629004517791,62.94285714285714,66.875,65.0
577.0,70.01888952753735,63.012064861239594,74.23629004517791,62.94285714285714,66.875,65.0
578.0,70.01901493219802,63.012075089161335,74.23629004517791,62.94285714285714,66.875,65.0
579.0,70.0191399824166,63.012084846701896,74.23629004517791,62.94285714285714,66.875,65.0
580.0,70.01926467992773,63.01209413998357,74.23629004517791,62.94285714285714,66.875,65.0
581.0,70.01938902645378,63.01210297504259,74.23629004517791,62.94285714285714,66.875,65.0
582.0,70.01951302370499,63.012111357830456,74.23629004517791,62.94285714285714,66.875,65.0
583.0,70.01963667337948,63.01211929421533,74.23629004517791,62.94285714285714,66.875,65.0
584.0,70.01975997716339,63.0121267899834,74.23629004517791,62.94285714285714,66.875,65.0
585.0,70.01988293673098,63.01213385084015,74.23629004517791,62.94285714285714,66.875,65.0
586.0,70.0200055537448,63.01214048241169,74.23629004517791,62.94285714285714,66.875,65.0
587.0,70.02012782985587,63.012146690246,74.23629004517791,62.94285714285714,66.875,65.0
588.0,70.02024976670339,63.01215247981418,74.23629004517791,62.94285714285714,66.875,65.0
589.0,70.02037136591547,63.01215785651173,74.23629004517791,62.94285714285714,66.875,65.0
590.0,70.02049262910866,63.01216282565963,74.23629004517791,62.94285714285714,66.875,65.0
591.0,70.02061355788832,63.01216739250563,74.23629004517791,62.94285714285714,66.875,65.0
592.0,70.02073415384893,63.01217156222535,74.23629004517791,62.94285714285714,66.875,65.0
593.0,70.02085441857366,63.01217533992345,74.23629004517791,62.94285714285714,66.875,65.0
594.0,70.020974353635,63.01217873063471,74.23629004517791,62.94285714285714,66.875,65.0
595.0,70.02109396059437,63.01218173932514,74.23629004517791,62.94285714285714,66.875,65.0
596.0,70.02121324100285,63.012184370893074,74.23629004517791,62.94285714285714,66.875,65.0
597.0,70.02133219640056,63.0121866301702,74.23629004517791,62.94285714285714,66.875,65.0
598.0,70.02145082831731,63.01218852192262,74.23629004517791,62.94285714285714,66.875,65.0
599.0,70.02156913827234,63.01219005085185,74.23629004517791,62.94285714285714,66.875,65.0
600.0,70.02168712777474,63.01219122159582,74.23629004517791,62.94285714285714,66.875,65.0
601.0,70.0218047983232,63.01219203872989,74.23629004517791,62.94285714285714,66.875,65.0
602.0,70.02192215140632,63.01219250676777,74.23629004517791,62.94285714285714,66.875,65.0
603.0,70.02203918850273,63.01219263016251,74.23629004517791,62.94285714285714,66.875,65.0
604.0,70.02215591108094,63.01219241330739,74.23629004517791,62.94285714285714,66.875,65.0
605.0,70.02227232059975,63.012191860536895,74.23629004517791,62.94285714285714,66.875,65.0
606.0,70.02238841850799,63.012190976127535,74.23629004517791,62.94285714285714,66.875,65.0
607.0,70.02250420624488,63.01218976429882,74.23629004517791,62.94285714285714,66.875,65.0
608.0,70.02261968524017,63.012188229214026,74.23629004517791,62.94285714285714,66.875,65.0
609.0,70.02273485691389,63.01218637498115,74.23629004517791,62.94285714285714,66.875,65.0
610.0,70.0228497226766,63.01218420565366,74.23629004517791,62.94285714285714,66.875,65.0
611.0,70.02296428392968,63.012181725231436,74.23629004517791,62.94285714285714,66.875,65.0
612.0,70.02307854206506,63.012178937661396,74.23629004517791,62.94285714285714,66.875,65.0
613.0,70.02319249846556,63.01217584683849,74.23629004517791,62.94285714285714,66.875,65.0
614.0,70.02330615450482,63.01217245660634,74.23629004517791,62.94285714285714,66.875,65.0
615.0,70.0234195115476,63.0121687707581,74.23629004517791,62.94285714285714,66.875,65.0
616.0,70.02353257094941,63.01216479303712,74.23629004517791,62.94285714285714,66.875,65.0
617.0,70.02364533405724,63.01216052713781,74.23629004517791,62.94285714285714,66.875,65.0
618.0,70.02375780220885,63.01215597670623,74.23629004517791,62.94285714285714,66.875,65.0
619.0,70.02386997673365,63.01215114534094,74.23629004517791,62.94285714285714,66.875,65.0
620.0,70.02398185895225,63.01214603659357,74.23629004517791,62.94285714285714,66.875,65.0
621.0,70.02409345017658,63.01214065396966,74.23629004517791,62.94285714285714,66.875,65.0
622.0,70.02420475171024,63.01213500092922,74.23629004517791,62.94285714285714,66.875,65.0
623.0,70.02431576484832,63.01212908088748,74.23629004517791,62.94285714285714,66.875,65.0
624.0,70.02442649087742,63.0121228972155,74.23629004517791,62.94285714285714,66.875,65.0
625.0,70.02453693107613,63.01211645324082,74.23629004517791,62.94285714285714,66.875,65.0
626.0,70.02464708671457,63.01210975224813,74.23629004517791,62.94285714285714,66.875,65.0
627.0,70.02475695905476,63.01210279747988,74.23629004517791,62.94285714285714,66.875,65.0
628.0,70.02486654935073,63.012095592136895,74.23629004517791,62.94285714285714,66.875,65.0
629.0,70.02497585884849,63.01208813937896,74.23629004517791,62.94285714285714,66.875,65.0
630.0,70.025084888786,63.01208044232544,74.23629004517791,62.94285714285714,66.875,65.0
631.0,70.02519364039338,63.01207250405588,74.23629004517791,62.94285714285714,66.875,65.0
632.0,70.02530211489304,63.012064327610524,74.23629004517791,62.94285714285714,66.875,65.0
633.0,70.02541031349942,63.01205591599098,74.23629004517791,62.94285714285714,66.875,65.0
634.0,70.02551823741958,63.012047272160636,74.23629004517791,62.94285714285714,66.875,65.0
635.0,70.02562588785274,63.012038399045345,74.23629004517791,62.94285714285714,66.875,65.0
636.0,70.02573326599058,63.0120292995339,74.23629004517791,62.94285714285714,66.875,65.0
637.0,70.02584037301742,63.01201997647854,74.23629004517791,62.94285714285714,66.875,65.0
638.0,70.02594721011009,63.012010432695526,74.23629004517791,62.94285714285714,66.875,65.0
639.0,70.02605377843784,63.01200067096565,74.23629004517791,62.94285714285714,66.875,65.0
640.0,70.02616007916298,63.01199069403467,74.23629004517791,62.94285714285714,66.875,65.0
641.0,70.02626611344037,63.01198050461391,74.23629004517791,62.94285714285714,66.875,65.0
642.0,70.0263718824177,63.01197010538064,74.23629004517791,62.94285714285714,66.875,65.0
643.0,70.02647738723547,63.011959498978676,74.23629004517791,62.94285714285714,66.875,65.0
