"tick","donation-normed-big","donation-big group","donation-valued-big"
1.0,55.0,59.08248290463868,95.0
2.0,55.0,59.06138466053437,95.0
3.0,55.0,59.04061017820878,95.0
4.0,55.0,59.02015126103688,95.0
5.0,55.04538050264407,51.901361169976326,83.15789473684211
6.0,55.04538050264407,51.89074626384007,83.15789473684211
7.0,55.04538050264407,51.88038550132173,83.15789473684211
8.0,55.04538050264407,51.87027269879176,83.15789473684211
9.0,55.04538050264407,51.85662124600953,83.15789473684211
10.0,55.04538050264407,51.89402652381809,83.15789473684211
11.0,55.04538050264407,52.023872670147895,83.15789473684211
12.0,55.04538050264407,52.404597469076286,83.15789473684211
13.0,55.04538050264407,53.466888926115494,83.15789473684211
14.0,55.04538050264407,56.27777014201382,83.15789473684211
15.0,55.04538050264407,56.36009844090532,83.15789473684211
16.0,55.04538050264407,56.43017690600434,83.15789473684211
17.0,55.04538050264407,56.490445572754076,83.15789473684211
18.0,55.04538050264407,56.54272163600474,83.15789473684211
19.0,55.04538050264407,56.588389746508234,83.15789473684211
20.0,55.04538050264407,56.628525763502026,83.15789473684211
21.0,55.04538050264407,56.6639798229596,83.15789473684211
22.0,55.04538050264407,56.69543363850546,83.15789473684211
23.0,55.04538050264407,56.72344097750909,83.15789473684211
24.0,55.04538050264407,56.74845685508927,83.15789473684211
25.0,55.04538050264407,56.77085898331337,83.15789473684211
26.0,55.04538050264407,56.790963792000625,83.15789473684211
27.0,55.04538050264407,56.80903857324817,83.15789473684211
28.0,55.04538050264407,56.825310811282144,83.15789473684211
29.0,55.04538050264407,56.839975437317065,83.15789473684211
30.0,55.04538050264407,56.85320053352435,83.15789473684211
31.0,55.04538050264407,56.865131863180316,83.15789473684211
32.0,55.04538050264407,56.87589650209685,83.15789473684211
33.0,55.04538050264407,56.885605774635735,83.15789473684211
34.0,55.04538050264407,56.89435764632689,83.15789473684211
35.0,55.04538050264407,56.902238688019295,83.15789473684211
36.0,55.04538050264407,56.90932569933199,83.15789473684211
37.0,55.04538050264407,56.915687059060716,83.15789473684211
38.0,55.04538050264407,56.92138385516217,83.15789473684211
39.0,55.04538050264407,56.926470835568786,83.15789473684211
40.0,55.04538050264407,56.930997212433624,83.15789473684211
41.0,55.04538050264407,56.935007345748005,83.15789473684211
42.0,55.04538050264407,56.93854132711665,83.15789473684211
43.0,55.04538050264407,56.94163548045489,83.15789473684211
44.0,55.04538050264407,56.944322793201586,83.15789473684211
45.0,55.04538050264407,56.94663328914588,83.15789473684211
46.0,55.04538050264407,56.948594351964594,83.15789473684211
47.0,55.04538050264407,56.95023100697552,83.15789473684211
48.0,55.04538050264407,56.95156616732015,83.15789473684211
49.0,55.04538050264407,56.95262084975282,83.15789473684211
50.0,55.04538050264407,56.95341436435799,83.15789473684211
51.0,55.04538050264407,56.95396448182863,83.15789473684211
52.0,55.04538050264407,56.954287581364284,83.15789473684211
53.0,55.04538050264407,56.954398781780526,83.15789473684211
54.0,55.04538050264407,56.954312058023646,83.15789473684211
55.0,55.04538050264407,56.95404034496901,83.15789473684211
56.0,55.04538050264407,56.95359563010089,83.15789473684211
57.0,54.905041348467144,50.91762269078936,74.06976744186046
58.0,54.905041348467144,50.92263159819359,74.06976744186046
59.0,54.905041348467144,50.92751507366609,74.06976744186046
60.0,54.905041348467144,50.93228102352738,74.06976744186046
61.0,54.905041348467144,50.933695760355825,74.06976744186046
62.0,54.905041348467144,50.97857453265353,74.06976744186046
63.0,54.905041348467144,51.102406260557906,74.06976744186046
64.0,54.905041348467144,51.44102681345983,74.06976744186046
65.0,54.905041348467144,52.36366567232592,74.06976744186046
66.0,54.905041348467144,54.78506795008834,74.06976744186046
67.0,54.905041348467144,54.867086449150634,74.06976744186046
68.0,54.905041348467144,54.938356964516124,74.06976744186046
69.0,54.905041348467144,55.000979552458446,74.06976744186046
70.0,54.905041348467144,55.05651993526637,74.06976744186046
71.0,54.905041348467144,55.10617266180453,74.06976744186046
72.0,54.905041348467144,55.150867219657144,74.06976744186046
73.0,54.905041348467144,55.19133926786493,74.06976744186046
74.0,54.905041348467144,55.228179778414955,74.06976744186046
75.0,54.905041348467144,55.261869752832055,74.06976744186046
76.0,54.905041348467144,55.2928052656516,74.06976744186046
77.0,54.905041348467144,55.32131586731501,74.06976744186046
78.0,54.905041348467144,55.34767833238763,74.06976744186046
79.0,54.905041348467144,55.372127083781265,74.06976744186046
80.0,54.905041348467144,55.394862203147675,74.06976744186046
81.0,54.905041348467144,55.416055661626686,74.06976744186046
82.0,54.905041348467144,55.43585622031119,74.06976744186046
83.0,54.905041348467144,55.454393323742615,74.06976744186046
84.0,54.905041348467144,55.47178022232717,74.06976744186046
85.0,54.905041348467144,55.4881164980059,74.06976744186046
86.0,54.905041348467144,55.50349012354729,74.06976744186046
87.0,54.905041348467144,55.51797915402732,74.06976744186046
88.0,54.905041348467144,55.53165312577145,74.06976744186046
89.0,54.905041348467144,55.544574220796854,74.06976744186046
90.0,54.905041348467144,55.556798241891215,74.06976744186046
91.0,54.905041348467144,55.568375433725365,74.06976744186046
92.0,54.905041348467144,55.57935117797002,74.06976744186046
93.0,54.905041348467144,55.589766584680476,74.06976744186048
94.0,54.905041348467144,55.59965899779135,74.06976744186045
95.0,54.905041348467144,55.60906242910897,74.06976744186046
96.0,54.905041348467144,55.61800793247879,74.06976744186046
97.0,54.905041348467144,55.62652392765317,74.06976744186046
98.0,54.905041348467144,55.63463648167997,74.06976744186045
99.0,54.905041348467144,55.6423695542542,74.06976744186045
100.0,54.905041348467144,55.64974521237879,74.06976744186046
101.0,54.905041348467144,55.65678381877976,74.06976744186046
102.0,54.905041348467144,55.66350419779753,74.06976744186046
103.0,54.905041348467144,55.669923781874026,74.06976744186046
104.0,54.905041348467144,55.6760587412736,74.06976744186046
105.0,54.905041348467144,55.68192409926256,74.06976744186045
106.0,54.905041348467144,55.68753383464233,74.06976744186048
107.0,54.905041348467144,55.69290097325057,74.06976744186046
108.0,54.905041348467144,55.698037669809736,74.06976744186046
109.0,54.905041348467144,55.702955281307865,74.06976744186048
110.0,54.905041348467144,55.707664432931956,74.06976744186046
111.0,54.905041348467144,55.71217507743311,74.06976744186046
112.0,54.905041348467144,55.71649654868604,74.06976744186046
113.0,54.905041348467144,55.720637610104404,74.06976744186046
114.0,54.905041348467144,55.724606498488804,74.06976744186045
115.0,54.905041348467144,55.7284109638086,74.06976744186048
116.0,54.905041348467144,55.732058305358194,74.06976744186046
117.0,54.7080884813534,50.45560320562638,66.875
118.0,54.7080884813534,50.46360873805662,66.875
119.0,54.7080884813534,50.47149099039934,66.875
120.0,54.7080884813534,50.47925515687867,66.875
121.0,54.7080884813534,50.484051703083765,66.87500000000001
122.0,54.7080884813534,50.52711015615805,66.875
123.0,54.7080884813534,50.639684924865065,66.875
124.0,54.7080884813534,50.941407700092505,66.875
125.0,54.7080884813534,51.75746373378444,66.875
126.0,54.7080884813534,53.893482609901035,66.875
127.0,54.7080884813534,53.96914684008605,66.87499999999999
128.0,54.7080884813534,54.0353220189587,66.87500000000001
129.0,54.7080884813534,54.09385712910018,66.875
130.0,54.7080884813534,54.146130634668175,66.875
131.0,54.7080884813534,54.19319417218458,66.875
132.0,54.7080884813534,54.23586599858888,66.87499999999999
133.0,54.7080884813534,54.2747937210772,66.87500000000001
134.0,54.7080884813534,54.31049757139892,66.875
135.0,54.7080884813534,54.34340097642217,66.875
136.0,54.7080884813534,54.37385260988725,66.875
137.0,54.7080884813534,54.40214259610625,66.875
138.0,54.7080884813534,54.42851461458429,66.875
139.0,54.7080884813534,54.45317507747496,66.87499999999999
140.0,54.7080884813534,54.47630018143942,66.87500000000001
141.0,54.7080884813534,54.49804139241267,66.87500000000001
142.0,54.7080884813534,54.518529759014,66.875
143.0,54.7080884813534,54.53787933932201,66.87500000000001
144.0,54.7080884813534,54.55618994875218,66.875
145.0,54.7080884813534,54.573549382548556,66.875
146.0,54.7080884813534,54.59003522769686,66.875
147.0,54.7080884813534,54.60571635104794,66.87500000000001
148.0,54.7080884813534,54.62065412993561,66.875
149.0,54.7080884813534,54.6349034763896,66.875
150.0,54.7080884813534,54.648513694687175,66.87500000000001
151.0,54.7080884813534,54.661529203407525,66.87499999999999
152.0,54.7080884813534,54.67399014661257,66.875
153.0,54.7080884813534,54.68593291375638,66.875
154.0,54.7080884813534,54.697390584026515,66.875
155.0,54.7080884813534,54.70839330778711,66.87499999999999
156.0,54.7080884813534,54.71896863539481,66.875
157.0,54.7080884813534,54.72914180177825,66.875
158.0,54.7080884813534,54.73893597365879,66.87499999999999
159.0,54.7080884813534,54.748372465084024,66.87499999999999
160.0,54.7080884813534,54.75747092597695,66.875
161.0,54.7080884813534,54.76624950761424,66.87500000000001
162.0,54.7080884813534,54.77472500830398,66.875
163.0,54.7080884813534,54.78291300201212,66.87500000000001
164.0,54.7080884813534,54.790827952253416,66.87500000000001
165.0,54.7080884813534,54.798483313206994,66.87499999999999
166.0,54.7080884813534,54.80589161972151,66.87499999999999
167.0,54.7080884813534,54.81306456763065,66.87500000000001
168.0,54.7080884813534,54.820013085588535,66.875
169.0,54.7080884813534,54.82674739947231,66.875
170.0,54.7080884813534,54.833277090243904,66.87500000000001
171.0,54.7080884813534,54.83961114604397,66.875
172.0,54.7080884813534,54.84575800919385,66.875
173.0,54.7080884813534,54.85172561867797,66.875
174.0,54.7080884813534,54.85752144862108,66.875
175.0,54.7080884813534,54.863152543196385,66.87499999999999
176.0,54.7080884813534,54.86862554835375,66.875
177.0,54.7080884813534,54.8739467407039,66.875
178.0,54.7080884813534,54.87912205386013,66.875
179.0,54.7080884813534,54.88415710249614,66.87499999999999
180.0,54.7080884813534,54.88905720435218,66.87500000000001
181.0,54.7080884813534,54.89382740039659,66.875
182.0,54.7080884813534,54.89847247332029,66.875
183.0,54.7080884813534,54.902996964528285,66.87499999999999
184.0,54.7080884813534,54.90740518977005,66.875
185.0,54.7080884813534,54.911701253537835,66.87499999999999
186.0,54.7080884813534,54.915889062344,66.87499999999999
187.0,54.7080884813534,54.91997233698378,66.875
188.0,54.7080884813534,54.923954623870166,66.875
189.0,54.7080884813534,54.92783930552793,66.875
190.0,54.7080884813534,54.931629610314644,66.87500000000001
191.0,54.7080884813534,54.93532862144076,66.87499999999999
192.0,54.7080884813534,54.938939285345036,66.87500000000001
193.0,54.7080884813534,54.942464419479364,66.875
194.0,54.7080884813534,54.94590671955418,66.875
195.0,54.7080884813534,54.949268766286565,66.875
196.0,54.7080884813534,54.95255303169108,66.87499999999999
197.0,54.7080884813534,54.955761884950874,66.87499999999999
198.0,54.7080884813534,54.958897597901576,66.875
199.0,54.7080884813534,54.96196235015833,66.875
200.0,54.7080884813534,54.964958233911155,66.875
201.0,54.7080884813534,54.96788725841862,66.875
202.0,54.7080884813534,54.97075135421604,66.875
203.0,54.7080884813534,54.97355237706579,66.875
204.0,54.7080884813534,54.97629211166238,66.875
205.0,54.7080884813534,54.97897227511638,66.875
206.0,54.7080884813534,54.981594520226515,66.875
207.0,54.7080884813534,54.98416043855994,66.875
208.0,54.7080884813534,54.986671563352,66.875
209.0,54.7080884813534,54.98912937223776,66.875
210.0,54.7080884813534,54.991535289827226,66.87500000000001
211.0,54.7080884813534,54.99389069013471,66.875
212.0,54.7080884813534,54.99619689887232,66.875
213.0,54.7080884813534,54.99845519561665,66.87499999999999
214.0,54.7080884813534,55.00066681585574,66.875
215.0,54.7080884813534,55.00283295292643,66.87499999999999
216.0,54.7080884813534,55.004954759845695,66.875
217.0,54.7080884813534,55.00703335104688,66.87499999999999
218.0,54.7080884813534,55.009069804023376,66.875
219.0,54.7080884813534,55.01106516088629,66.875
220.0,54.7080884813534,55.013020429843266,66.875
221.0,54.7080884813534,55.01493658660047,66.87499999999999
222.0,54.7080884813534,55.01681457569419,66.875
223.0,54.7080884813534,55.01865531175648,66.87500000000001
224.0,54.7080884813534,55.02045968071659,66.875
225.0,54.7080884813534,55.022228540944894,66.875
226.0,54.7080884813534,55.02396272433999,66.875
227.0,54.7080884813534,55.0256630373641,66.87499999999999
228.0,54.7080884813534,55.0273302620293,66.87500000000001
229.0,54.7080884813534,55.028965156835596,66.875
230.0,54.7080884813534,55.0305684576669,66.87499999999999
231.0,54.7080884813534,55.03214087864453,66.87500000000001
232.0,54.7080884813534,55.033683112940786,66.875
233.0,54.7080884813534,55.03519583355661,66.875
234.0,54.7080884813534,55.036679694062805,66.875
235.0,54.7080884813534,55.0381353293094,66.875
236.0,54.7080884813534,55.03956335610209,66.875
237.0,54.7080884813534,55.04096437384976,66.875
238.0,54.7080884813534,55.04233896518321,66.875
239.0,54.7080884813534,55.04368769654729,66.87499999999999
240.0,54.7080884813534,55.04501111876748,66.87500000000001
241.0,54.7080884813534,55.046309767592675,66.875
242.0,54.7080884813534,55.04758416421409,66.875
243.0,54.7080884813534,55.048834815762966,66.875
244.0,54.7080884813534,55.05006221578805,66.875
245.0,54.7080884813534,55.051266844712586,66.875
246.0,54.7080884813534,55.05244917027262,66.87499999999999
247.0,54.7080884813534,55.05360964793801,66.875
248.0,54.7080884813534,55.054748721315924,66.87499999999999
249.0,54.7080884813534,55.05586682253838,66.875
250.0,54.7080884813534,55.05696437263484,66.875
251.0,54.7080884813534,55.05804178188891,66.875
252.0,54.7080884813534,55.0590994501824,66.875
253.0,54.7080884813534,55.060137767325095,66.875
254.0,54.7080884813534,55.061157113372765,66.875
255.0,54.7080884813534,55.06215785893147,66.87499999999999
256.0,54.7080884813534,55.063140365451865,66.875
257.0,54.7080884813534,55.06410498551204,66.875
258.0,54.7080884813534,55.065052063088366,66.875
259.0,54.7080884813534,55.065981933818726,66.875
260.0,54.7080884813534,55.066894925253564,66.875
261.0,54.7080884813534,55.06779135709937,66.875
262.0,54.7080884813534,55.068671541452595,66.87500000000001
263.0,54.7080884813534,55.069535783025806,66.87500000000001
264.0,54.7080884813534,55.07038437936392,66.875
265.0,54.7080884813534,55.07121762105526,66.87500000000001
266.0,54.7080884813534,55.0720357919331,66.875
267.0,54.7080884813534,55.072839169271084,66.87499999999999
268.0,54.7080884813534,55.07362802397156,66.875
269.0,54.7080884813534,55.074402620747094,66.875
270.0,54.7080884813534,55.07516321829661,66.875
271.0,54.7080884813534,55.075910069474226,66.87500000000001
272.0,54.7080884813534,55.076643421453035,66.875
273.0,54.7080884813534,55.07736351588403,66.875
274.0,54.7080884813534,55.07807058904771,66.875
275.0,54.7080884813534,55.07876487200289,66.875
276.0,54.7080884813534,55.07944659072903,66.875
277.0,54.7080884813534,55.08011596626415,66.875
278.0,54.7080884813534,55.080773214838956,66.875
279.0,54.7080884813534,55.081418548005395,66.875
280.0,54.7080884813534,55.0820521727623,66.87500000000001
281.0,54.7080884813534,55.082674291675666,66.875
282.0,54.7080884813534,55.083285102996115,66.875
283.0,54.7080884813534,55.083884800772786,66.875
284.0,54.7080884813534,55.084473574961926,66.875
285.0,54.7080884813534,55.08505161153408,66.875
286.0,54.7080884813534,55.08561909257722,66.87499999999999
287.0,54.7080884813534,55.086176196395456,66.875
288.0,54.7080884813534,55.08672309760706,66.875
289.0,54.7080884813534,55.087259967237024,66.875
290.0,54.7080884813534,55.08778697280883,66.87499999999999
291.0,54.7080884813534,55.08830427843188,66.875
292.0,54.7080884813534,55.08881204488725,66.87500000000001
293.0,54.7080884813534,55.0893104297101,66.875
294.0,54.7080884813534,55.08979958727094,66.875
295.0,54.7080884813534,55.09027966885242,66.87499999999999
296.0,54.7080884813534,55.09075082272605,66.875
297.0,54.7080884813534,55.09121319422473,66.87500000000001
298.0,54.7080884813534,55.091666925814884,66.875
299.0,54.7080884813534,55.09211215716501,66.875
300.0,54.7080884813534,55.09254902521306,66.875
301.0,54.7080884813534,55.09297766423191,66.875
302.0,54.7080884813534,55.09339820589253,66.875
303.0,54.7080884813534,55.09381077932532,66.875
304.0,54.7080884813534,55.0942155111804,66.875
305.0,54.7080884813534,55.094612525685996,66.875
306.0,54.7080884813534,55.09500194470386,66.875
307.0,54.7080884813534,55.09538388778535,66.875
308.0,54.7080884813534,55.09575847222394,66.875
309.0,54.7080884813534,55.096125813107854,66.875
310.0,54.7080884813534,55.09648602336989,66.87499999999999
311.0,54.7080884813534,55.09683921383732,66.87500000000001
312.0,54.7080884813534,55.09718549327883,66.875
313.0,54.7080884813534,55.09752496845153,66.875
314.0,54.7080884813534,55.09785774414584,66.875
315.0,54.7080884813534,55.09818392322981,66.87499999999999
316.0,54.7080884813534,55.09850360669171,66.875
317.0,54.7080884813534,55.09881689368183,66.875
318.0,54.7080884813534,55.099123881552636,66.875
319.0,54.7080884813534,55.09942466589917,66.875
320.0,54.7080884813534,55.099719340596714,66.875
321.0,54.7080884813534,55.10000799783853,66.875
322.0,54.7080884813534,55.10029072817243,66.875
323.0,54.7080884813534,55.10056762053612,66.875
324.0,54.7080884813534,55.100838762291936,66.87499999999999
325.0,54.7080884813534,55.101104239260785,66.875
326.0,54.7080884813534,55.10136413575441,66.875
327.0,54.7080884813534,55.10161853460846,66.875
328.0,54.7080884813534,55.101867517212476,66.87500000000001
329.0,54.7080884813534,55.10211116354109,66.875
330.0,54.7080884813534,55.10234955218426,66.87499999999999
331.0,54.7080884813534,55.10258276037456,66.87500000000001
332.0,54.7080884813534,55.10281086401677,66.875
333.0,54.7080884813534,55.10303393771525,66.875
334.0,54.7080884813534,55.10325205480019,66.875
335.0,54.7080884813534,55.10346528735412,66.875
336.0,54.7080884813534,55.103673706237394,66.875
337.0,54.7080884813534,55.10387738111345,66.875
338.0,54.7080884813534,55.10407638047266,66.875
339.0,54.7080884813534,55.10427077165628,66.875
340.0,54.7080884813534,55.10446062087947,66.875
341.0,54.7080884813534,55.10464599325411,66.87499999999999
342.0,54.7080884813534,55.10482695281069,66.87499999999999
343.0,54.7080884813534,55.105003562519734,66.875
344.0,54.7080884813534,55.10517588431336,66.875
345.0,54.7080884813534,55.10534397910525,66.875
346.0,54.7080884813534,55.10550790681069,66.875
347.0,54.7080884813534,55.10566772636711,66.875
348.0,54.7080884813534,55.10582349575154,66.875
349.0,54.7080884813534,55.105975272000855,66.875
350.0,54.7080884813534,55.10612311122913,66.875
351.0,54.7080884813534,55.10626706864608,66.875
352.0,54.7080884813534,55.106407198573855,66.875
353.0,54.7080884813534,55.10654355446442,66.875
354.0,54.7080884813534,55.106676188916374,66.875
355.0,54.7080884813534,55.10680515369066,66.875
356.0,54.7080884813534,55.10693049972693,66.87500000000001
357.0,54.7080884813534,55.10705227715925,66.875
358.0,54.7080884813534,55.10717053533039,66.87500000000001
359.0,54.7080884813534,55.107285322808025,66.875
360.0,54.7080884813534,55.1073966873979,66.875
361.0,54.7080884813534,55.107504676158946,66.87499999999999
362.0,54.7080884813534,55.1076093354169,66.875
363.0,54.7080884813534,55.10771071077773,66.875
364.0,54.7080884813534,55.10780884714111,66.875
365.0,54.7080884813534,55.10790378871351,66.875
366.0,54.7080884813534,55.10799557902041,66.87499999999999
367.0,54.7080884813534,55.108084260919405,66.875
368.0,54.7080884813534,55.10816987661218,66.87500000000001
369.0,54.7080884813534,55.10825246765618,66.875
370.0,54.7080884813534,55.10833207497597,66.87499999999999
371.0,54.7080884813534,55.108408738875994,66.87499999999999
372.0,54.7080884813534,55.108482499049664,66.875
373.0,54.7080884813534,55.10855339459266,66.875
374.0,54.7080884813534,55.108621464011414,66.875
375.0,54.7080884813534,55.108686745234934,66.875
376.0,54.7080884813534,55.10874927562488,66.875
377.0,54.7080884813534,55.108809091985215,66.875
378.0,54.7080884813534,55.10886623057223,66.87500000000001
379.0,54.7080884813534,55.10892072710436,66.875
380.0,54.7080884813534,55.10897261677106,66.875
381.0,54.7080884813534,55.10902193424269,66.87499999999999
382.0,54.7080884813534,55.10906871367911,66.87500000000001
383.0,54.7080884813534,55.109112988738936,66.875
384.0,54.7080884813534,55.10915479258794,66.875
385.0,54.7080884813534,55.10919415790721,66.875
386.0,54.7080884813534,55.109231116902016,66.875
387.0,54.7080884813534,55.10926570131026,66.875
388.0,54.7080884813534,55.109297942409206,66.875
389.0,54.7080884813534,55.10932787102507,66.87500000000001
390.0,54.7080884813534,55.109355517538866,66.875
391.0,54.7080884813534,55.10938091189532,66.87499999999999
392.0,54.7080884813534,55.109404083609604,66.875
393.0,54.7080884813534,55.10942506177468,66.87500000000001
394.0,54.7080884813534,55.10944387506874,66.875
395.0,54.7080884813534,55.10946055176124,66.87499999999999
396.0,54.7080884813534,55.10947511972061,66.875
397.0,54.7080884813534,55.10948760642085,66.875
398.0,54.7080884813534,55.10949803894715,66.87499999999999
399.0,54.7080884813534,55.10950644400384,66.875
400.0,54.7080884813534,55.10951284791946,66.875
401.0,54.7080884813534,55.10951727665309,66.875
402.0,54.7080884813534,55.10951975580093,66.87500000000001
403.0,54.7080884813534,55.1095203106019,66.87499999999999
404.0,54.7080884813534,55.10951896594358,66.875
405.0,54.7080884813534,55.109515746367826,66.87499999999999
406.0,54.7080884813534,55.10951067607604,66.875
407.0,54.7080884813534,55.109503778935725,66.87499999999999
408.0,54.7080884813534,55.10949507848462,66.875
409.0,54.7080884813534,55.10948459793678,66.87499999999999
410.0,54.7080884813534,55.10947236018773,66.875
411.0,54.7080884813534,55.10945838781876,66.875
412.0,54.7080884813534,55.10944270310344,66.87499999999999
413.0,54.7080884813534,55.10942532801096,66.875
414.0,54.7080884813534,55.10940628421207,66.875
415.0,54.7080884813534,55.10938559308294,66.875
416.0,54.7080884813534,55.10936327571042,66.87499999999999
417.0,54.7080884813534,55.10933935289676,66.875
418.0,54.7080884813534,55.10931384516297,66.875
419.0,54.7080884813534,55.10928677275476,66.875
420.0,54.7080884813534,55.109258155645534,66.875
421.0,54.7080884813534,55.10922801354145,66.87499999999999
422.0,54.7080884813534,55.10919636588476,66.87500000000001
423.0,54.7080884813534,55.109163231859235,66.875
424.0,54.7080884813534,55.10912863039251,66.875
425.0,54.7080884813534,55.10909258016153,66.87499999999999
426.0,54.7080884813534,55.10905509959503,66.875
427.0,54.7080884813534,55.10901620687849,66.875
428.0,54.7080884813534,55.108975919957395,66.875
429.0,54.7080884813534,55.108934256540785,66.87499999999999
430.0,54.7080884813534,55.108891234104995,66.875
431.0,54.7080884813534,55.108846869896816,66.875
432.0,54.7080884813534,55.108801180938094,66.875
433.0,54.7080884813534,55.10875418402771,66.87500000000001
434.0,54.7080884813534,55.10870589574552,66.875
435.0,54.7080884813534,55.108656332456114,66.87499999999999
436.0,54.7080884813534,55.10860551031127,66.87499999999999
437.0,54.7080884813534,55.1085534452537,66.875
438.0,54.7080884813534,55.1085001530197,66.87499999999999
439.0,54.7080884813534,55.10844564914293,66.875
440.0,54.7080884813534,55.10838994895673,66.875
441.0,54.7080884813534,55.10833306759677,66.87500000000001
442.0,54.7080884813534,55.10827502000563,66.87500000000001
443.0,54.7080884813534,55.10821582093366,66.875
444.0,54.7080884813534,55.10815548494303,66.875
445.0,54.7080884813534,55.10809402640991,66.875
446.0,54.7080884813534,55.1080314595278,66.875
447.0,54.7080884813534,55.107967798309595,66.875
448.0,54.7080884813534,55.10790305659029,66.875
449.0,54.7080884813534,55.107837248029945,66.875
450.0,54.7080884813534,55.10777038611616,66.87500000000001
451.0,54.7080884813534,55.10770248416585,66.87500000000001
452.0,54.7080884813534,55.10763355532865,66.87499999999999
453.0,54.7080884813534,55.1075636125889,66.875
454.0,54.7080884813534,55.10749266876804,66.875
455.0,54.7080884813534,55.10742073652671,66.875
456.0,54.7080884813534,55.10734782836776,66.875
457.0,54.7080884813534,55.10727395663744,66.875
458.0,54.7080884813534,55.10719913352867,66.87499999999999
459.0,54.7080884813534,55.10712337108268,66.875
460.0,54.7080884813534,55.10704668119112,66.875
461.0,54.7080884813534,55.10696907559844,66.875
462.0,54.7080884813534,55.106890565903626,66.875
463.0,54.7080884813534,55.10681116356252,66.875
464.0,54.7080884813534,55.10673087988994,66.875
465.0,54.7080884813534,55.10664972606136,66.87499999999999
466.0,54.7080884813534,55.10656771311478,66.87500000000001
467.0,54.7080884813534,55.10648485195299,66.875
468.0,54.7080884813534,55.106401153345395,66.875
469.0,54.7080884813534,55.10631662792966,66.875
470.0,54.7080884813534,55.10623128621356,66.875
471.0,54.7080884813534,55.10614513857698,66.875
472.0,54.7080884813534,55.106058195273455,66.875
473.0,54.7080884813534,55.10597046643218,66.875
474.0,54.7080884813534,55.10588196205936,66.87499999999999
475.0,54.7080884813534,55.10579269204038,66.87499999999999
476.0,54.7080884813534,55.10570266614064,66.875
477.0,54.7080884813534,55.105611894008064,66.875
478.0,54.7080884813534,55.105520385174565,66.875
479.0,54.7080884813534,55.10542814905714,66.875
480.0,54.7080884813534,55.10533519495942,66.875
481.0,54.7080884813534,55.105241532074295,66.875
482.0,54.7080884813534,55.10514716948371,66.875
483.0,54.7080884813534,55.1050521161616,66.875
484.0,54.7080884813534,55.10495638097469,66.87500000000001
485.0,54.7080884813534,55.10485997268382,66.875
486.0,54.7080884813534,55.104762899946216,66.87499999999999
487.0,54.7080884813534,55.104665171315325,66.875
488.0,54.7080884813534,55.1045667952437,66.875
489.0,54.7080884813534,55.10446778008387,66.875
490.0,54.7080884813534,55.104368134089334,66.875
491.0,54.7080884813534,55.10426786541592,66.875
492.0,54.7080884813534,55.10416698212358,66.87499999999999
493.0,54.7080884813534,55.10406549217732,66.87500000000001
494.0,54.7080884813534,55.103963403448454,66.875
495.0,54.7080884813534,55.1038607237156,66.875
496.0,54.7080884813534,55.10375746066641,66.875
497.0,54.7080884813534,55.10365362189856,66.875
498.0,54.7080884813534,55.10354921492089,66.87500000000001
499.0,54.7080884813534,55.103444247154094,66.875
500.0,54.7080884813534,55.10333872593304,66.875
501.0,54.7080884813534,55.103232658506585,66.875
502.0,54.7080884813534,55.10312605203953,66.875
503.0,54.7080884813534,55.10301891361354,66.87499999999999
504.0,54.7080884813534,55.10291125022786,66.875
505.0,54.7080884813534,55.1028030688012,66.875
506.0,54.7080884813534,55.102694376171314,66.875
507.0,54.7080884813534,55.10258517909805,66.875
508.0,54.7080884813534,55.10247548426245,66.875
509.0,54.7080884813534,55.10236529826911,66.875
510.0,54.7080884813534,55.10225462764593,66.875
511.0,54.7080884813534,55.10214347884666,66.875
512.0,54.7080884813534,55.10203185825028,66.87499999999999
513.0,54.7080884813534,55.10191977216292,66.875
514.0,54.7080884813534,55.10180722681872,66.875
515.0,54.7080884813534,55.10169422837986,66.875
516.0,54.7080884813534,55.101580782938925,66.875
517.0,54.7080884813534,55.101466896518446,66.875
518.0,54.7080884813534,55.101352575072525,66.875
519.0,54.7080884813534,55.10123782448748,66.875
520.0,54.7080884813534,55.10112265058311,66.87499999999999
521.0,54.7080884813534,55.10100705911236,66.87499999999999
522.0,54.7080884813534,55.10089105576356,66.875
523.0,54.7080884813534,55.100774646160296,66.875
524.0,54.7080884813534,55.100657835862876,66.87500000000001
525.0,54.7080884813534,55.10054063036828,66.875
526.0,54.7080884813534,55.10042303511201,66.875
527.0,54.7080884813534,55.10030505546796,66.87499999999999
528.0,54.7080884813534,55.100186696749425,66.875
529.0,54.7080884813534,55.10006796421019,66.87499999999999
530.0,54.7080884813534,55.0999488630448,66.87499999999999
531.0,54.7080884813534,55.09982939838944,66.875
532.0,54.7080884813534,55.09970957532327,66.875
533.0,54.7080884813534,55.099589398867664,66.87500000000001
534.0,54.7080884813534,55.09946887398863,66.87499999999999
535.0,54.7080884813534,55.09934800559634,66.875
536.0,54.7080884813534,55.09922679854589,66.875
537.0,54.7080884813534,55.0991052576388,66.87500000000001
538.0,54.7080884813534,55.098983387622724,66.87500000000001
539.0,54.7080884813534,55.09886119319256,66.875
540.0,54.7080884813534,55.098738678991026,66.87499999999999
541.0,54.7080884813534,55.09861584960934,66.875
542.0,54.7080884813534,55.09849270958742,66.875
543.0,54.7080884813534,55.09836926341555,66.87500000000001
544.0,54.7080884813534,55.0982455155337,66.875
545.0,54.7080884813534,55.09812147033286,66.875
546.0,54.7080884813534,55.09799713215559,66.875
547.0,54.7080884813534,55.09787250529669,66.87499999999999
548.0,54.7080884813534,55.09774759400315,66.87499999999999
549.0,54.7080884813534,55.09762240247551,66.87500000000001
550.0,54.7080884813534,55.09749693486785,66.875
551.0,54.7080884813534,55.09737119528878,66.875
552.0,54.7080884813534,55.09724518780135,66.875
553.0,54.7080884813534,55.09711891642463,66.87500000000001
554.0,54.7080884813534,55.09699238513317,66.875
555.0,54.7080884813534,55.09686559785779,66.875
556.0,54.7080884813534,55.0967385584868,66.875
557.0,54.7080884813534,55.096611270865715,66.875
558.0,54.7080884813534,55.09648373879778,66.87500000000001
559.0,54.7080884813534,55.09635596604512,66.875
560.0,54.7080884813534,55.09622795632842,66.875
561.0,54.7080884813534,55.09609971332815,66.875
562.0,54.7080884813534,55.09597124068452,66.87500000000001
563.0,54.7080884813534,55.095842541998245,66.875
564.0,54.7080884813534,55.09571362083031,66.875
565.0,54.7080884813534,55.095584480704,66.875
566.0,54.7080884813534,55.095455125103435,66.87499999999999
567.0,54.7080884813534,55.095325557475384,66.87499999999999
568.0,54.7080884813534,55.09519578122911,66.875
569.0,54.7080884813534,55.09506579973702,66.875
570.0,54.7080884813534,55.09493561633506,66.875
571.0,54.7080884813534,55.09480523432288,66.87500000000001
572.0,54.7080884813534,55.09467465696476,66.875
573.0,54.7080884813534,55.094543887489344,66.875
574.0,54.7080884813534,55.09441292909066,66.875
575.0,54.7080884813534,55.09428178492857,66.87499999999999
576.0,54.7080884813534,55.09415045812822,66.875
577.0,54.7080884813534,55.094018951781464,66.87499999999999
578.0,54.7080884813534,55.09388726894711,66.875
579.0,54.7080884813534,55.093755412650665,66.875
580.0,54.7080884813534,55.09362338588529,66.87500000000001
581.0,54.7080884813534,55.09349119161203,66.87500000000001
582.0,54.7080884813534,55.09335883275988,66.875
583.0,54.7080884813534,55.093226312226996,66.875
584.0,54.7080884813534,55.09309363287966,66.875
585.0,54.7080884813534,55.09296079755429,66.875
586.0,54.7080884813534,55.0928278090561,66.875
587.0,54.7080884813534,55.092694670161116,66.875
588.0,54.7080884813534,55.0925613836149,66.875
589.0,54.7080884813534,55.092427952134194,66.875
590.0,54.7080884813534,55.092294378406585,66.875
591.0,54.7080884813534,55.092160665090866,66.875
592.0,54.7080884813534,55.09202681481764,66.875
593.0,54.7080884813534,55.091892830189046,66.875
594.0,54.7080884813534,55.09175871378003,66.87500000000001
595.0,54.7080884813534,55.091624468137866,66.875
596.0,54.7080884813534,55.09149009578272,66.875
597.0,54.7080884813534,55.09135559920771,66.875
598.0,54.7080884813534,55.09122098087972,66.875
599.0,54.7080884813534,55.09108624323929,66.875
600.0,54.7080884813534,55.09095138870117,66.875
601.0,54.7080884813534,55.090816419654324,66.875
602.0,54.7080884813534,55.09068133846248,66.875
603.0,54.7080884813534,55.09054614746379,66.87499999999999
604.0,54.7080884813534,55.09041084897251,66.875
605.0,54.7080884813534,55.090275445277285,66.87499999999999
606.0,54.7080884813534,55.090139938643595,66.875
607.0,54.7080884813534,55.090004331312116,66.875
608.0,54.7080884813534,55.089868625499996,66.87499999999999
609.0,54.7080884813534,55.08973282340111,66.875
610.0,54.7080884813534,55.08959692718599,66.87500000000001
611.0,54.7080884813534,55.08946093900217,66.875
612.0,54.7080884813534,55.08932486097462,66.87499999999999
613.0,54.7080884813534,55.089188695205614,66.875
614.0,54.7080884813534,55.08905244377527,66.875
615.0,54.7080884813534,55.088916108741934,66.875
616.0,54.7080884813534,55.088779692142076,66.875
617.0,54.7080884813534,55.08864319599073,66.87499999999999
618.0,54.7080884813534,55.08850662228161,66.875
619.0,54.7080884813534,55.08836997298733,66.87500000000001
620.0,54.7080884813534,55.08823325005982,66.875
621.0,54.7080884813534,55.088096455430225,66.87499999999999
622.0,54.7080884813534,55.087959591009756,66.87499999999999
623.0,54.7080884813534,55.08782265868921,66.875
624.0,54.7080884813534,55.087685660339154,66.875
625.0,54.7080884813534,55.08754859781103,66.87499999999999
626.0,54.7080884813534,55.08741147293649,66.875
627.0,54.7080884813534,55.087274287528025,66.875
628.0,54.7080884813534,55.0871370433786,66.87499999999999
629.0,54.7080884813534,55.08699974226288,66.875
630.0,54.7080884813534,55.0868623859368,66.87499999999999
631.0,54.7080884813534,55.08672497613733,66.875
632.0,54.7080884813534,55.08658751458372,66.87500000000001
633.0,54.7080884813534,55.08645000297694,66.87500000000001
634.0,54.7080884813534,55.08631244299977,66.87499999999999
635.0,54.7080884813534,55.08617483631767,66.87500000000001
636.0,54.7080884813534,55.0860371845786,66.875
637.0,54.7080884813534,55.08589948941319,66.875
638.0,54.7080884813534,55.08576175243444,66.87499999999999
639.0,54.7080884813534,55.08562397523887,66.875
640.0,54.7080884813534,55.08548615940645,66.87500000000001
641.0,54.7080884813534,55.08534830649969,66.875
642.0,54.7080884813534,55.08521041806575,66.87499999999999
643.0,54.7080884813534,55.085072495634456,66.875
644.0,54.7080884813534,55.08493454072046,66.875
645.0,54.7080884813534,55.084796554821985,66.875
646.0,54.7080884813534,55.084658539421646,66.875
647.0,54.7080884813534,55.08452049598654,66.87500000000001
648.0,54.7080884813534,55.084382425967966,66.87500000000001
649.0,54.7080884813534,55.08424433080278,66.875
650.0,54.7080884813534,55.08410621191182,66.875
651.0,54.7080884813534,55.083968070701474,66.87500000000001
652.0,54.7080884813534,55.083829908563594,66.87500000000001
653.0,54.7080884813534,55.083691726874605,66.87499999999999
654.0,54.7080884813534,55.08355352699735,66.875
655.0,54.7080884813534,55.083415310279776,66.875
656.0,54.7080884813534,55.083277078055744,66.875
657.0,54.7080884813534,55.083138831645364,66.875
658.0,54.7080884813534,55.08300057235431,66.875
659.0,54.7080884813534,55.082862301475195,66.875
660.0,54.7080884813534,55.08272402028649,66.87500000000001
661.0,54.7080884813534,55.082585730053545,66.87500000000001
662.0,54.7080884813534,55.0824474320281,66.875
663.0,54.7080884813534,55.08230912744893,66.87499999999999
664.0,54.7080884813534,55.08217081754194,66.875
665.0,54.7080884813534,55.08203250351966,66.875
666.0,54.7080884813534,55.08189418658202,66.875
667.0,54.7080884813534,55.08175586791658,66.875
668.0,54.7080884813534,55.08161754869806,66.875
669.0,54.7080884813534,55.08147923008903,66.875
670.0,54.7080884813534,55.08134091323945,66.875
671.0,54.7080884813534,55.081202599287394,66.875
672.0,54.7080884813534,55.08106428935912,66.87500000000001
673.0,54.7080884813534,55.0809259845685,66.875
674.0,54.7080884813534,55.080787686018105,66.875
675.0,54.7080884813534,55.080649394798535,66.87499999999999
676.0,54.7080884813534,55.080511111989125,66.875
677.0,54.7080884813534,55.08037283865767,66.875
678.0,54.7080884813534,55.08023457586049,66.875
679.0,54.7080884813534,55.08009632464323,66.875
680.0,54.7080884813534,55.079958086039674,66.87499999999999
681.0,54.7080884813534,55.07981986107353,66.875
682.0,54.7080884813534,55.079681650756974,66.875
683.0,54.7080884813534,55.0795434560921,66.875
684.0,54.7080884813534,55.079405278069686,66.875
685.0,54.7080884813534,55.079267117670206,66.875
686.0,54.7080884813534,55.07912897586414,66.875
687.0,54.7080884813534,55.078990853611394,66.875
688.0,54.7080884813534,55.07885275186135,66.875
689.0,54.7080884813534,55.07871467155376,66.87500000000001
690.0,54.7080884813534,55.07857661361813,66.875
691.0,54.7080884813534,55.07843857897412,66.875
692.0,54.7080884813534,55.078300568531404,66.87500000000001
693.0,54.7080884813534,55.07816258319067,66.875
694.0,54.7080884813534,55.078024623842076,66.875
695.0,54.7080884813534,55.077886691366764,66.87500000000001
696.0,54.7080884813534,55.07774878663637,66.87499999999999
697.0,54.7080884813534,55.07761091051341,66.87499999999999
698.0,54.7080884813534,55.07747306385078,66.87500000000001
699.0,54.7080884813534,55.07733524749247,66.875
700.0,54.7080884813534,55.07719746227363,66.875
701.0,54.7080884813534,55.07705970902004,66.87500000000001
702.0,54.7080884813534,55.076921988548925,66.875
703.0,54.7080884813534,55.076784301668646,66.875
704.0,54.7080884813534,55.07664664917897,66.875
705.0,54.7080884813534,55.076509031870756,66.875
706.0,54.7080884813534,55.07637145052672,66.875
707.0,54.7080884813534,55.076233905920795,66.87500000000001
708.0,54.7080884813534,55.076096398819,66.87499999999999
709.0,54.7080884813534,55.075958929978896,66.875
710.0,54.7080884813534,55.075821500149594,66.875
711.0,54.7080884813534,55.07568411007238,66.87499999999999
712.0,54.7080884813534,55.07554676048062,66.875
713.0,54.7080884813534,55.07540945209925,66.875
714.0,54.7080884813534,55.075272185646234,66.875
715.0,54.7080884813534,55.075134961830656,66.875
716.0,54.7080884813534,55.07499778135489,66.87500000000001
717.0,54.7080884813534,55.074860644912775,66.87500000000001
718.0,54.7080884813534,55.07472355319141,66.875
719.0,54.7080884813534,55.07458650686977,66.87499999999999
720.0,54.7080884813534,55.07444950661998,66.875
721.0,54.7080884813534,55.0743125531063,66.87500000000001
722.0,54.7080884813534,55.07417564698607,66.87500000000001
723.0,54.7080884813534,55.07403878890918,66.875
724.0,54.7080884813534,55.073901979518695,66.875
725.0,54.7080884813534,55.07376521945048,66.87499999999999
726.0,54.7080884813534,55.073628509333425,66.87499999999999
727.0,54.7080884813534,55.0734918497893,66.87499999999999
728.0,54.7080884813534,55.07335524143351,66.87500000000001
729.0,54.7080884813534,55.07321868487403,66.875
730.0,54.7080884813534,55.07308218071271,66.87500000000001
731.0,54.7080884813534,55.07294572954449,66.875
732.0,54.7080884813534,55.07280933195784,66.87499999999999
733.0,54.7080884813534,55.07267298853429,66.87499999999999
734.0,54.7080884813534,55.07253669984953,66.875
735.0,54.7080884813534,55.072400466472494,66.87500000000001
736.0,54.7080884813534,55.072264288965606,66.87499999999999
737.0,54.7080884813534,55.07212816788558,66.87500000000001
738.0,54.7080884813534,55.071992103782435,66.875
739.0,54.7080884813534,55.07185609720042,66.875
740.0,54.7080884813534,55.07172014867701,66.875
741.0,54.7080884813534,55.07158425874453,66.87499999999999
742.0,54.7080884813534,55.071448427928765,66.87500000000001
743.0,54.7080884813534,55.07131265674976,66.87500000000001
744.0,54.7080884813534,55.07117694572165,66.87499999999999
745.0,54.7080884813534,55.07104129535269,66.875
746.0,54.7080884813534,55.07090570614571,66.875
747.0,54.7080884813534,55.07077017859731,66.875
748.0,54.7080884813534,55.07063471319908,66.875
749.0,54.7080884813534,55.07049931043665,66.875
750.0,54.7080884813534,55.070363970789906,66.875
751.0,54.7080884813534,55.07022869473389,66.87499999999999
752.0,54.7080884813534,55.07009348273784,66.87500000000001
753.0,54.7080884813534,55.06995833526546,66.875
754.0,54.7080884813534,55.069823252775386,66.87499999999999
755.0,54.7080884813534,55.069688235721,66.87499999999999
756.0,54.7080884813534,55.06955328455023,66.875
757.0,54.7080884813534,55.06941839970628,66.87499999999999
758.0,54.7080884813534,55.0692835816269,66.875
759.0,54.7080884813534,55.06914883074456,66.875
760.0,54.7080884813534,55.06901414748743,66.875
761.0,54.7080884813534,55.068879532277755,66.875
762.0,54.7080884813534,55.06874498553368,66.875
763.0,54.7080884813534,55.068610507668204,66.87500000000001
764.0,54.7080884813534,55.06847609908929,66.87500000000001
765.0,54.7080884813534,55.06834176020016,66.875
766.0,54.7080884813534,55.068207491399626,66.875
767.0,54.7080884813534,55.068073293081625,66.87500000000001
768.0,54.7080884813534,55.06793916563524,66.87500000000001
769.0,54.7080884813534,55.06780510944511,66.875
770.0,54.7080884813534,55.06767112489148,66.875
771.0,54.7080884813534,55.06753721234977,66.87500000000001
772.0,54.7080884813534,55.06740337219097,66.875
773.0,54.7080884813534,55.06726960478215,66.875
774.0,54.7080884813534,55.067135910485185,66.87499999999999
775.0,54.7080884813534,55.067002289658014,66.87500000000001
776.0,54.7080884813534,55.0668687426547,66.875
777.0,54.7080884813534,55.06673526982403,66.87500000000001
778.0,54.7080884813534,55.066601871511445,66.87500000000001
779.0,54.7080884813534,55.06646854805774,66.875
780.0,54.7080884813534,55.06633529979975,66.875
781.0,54.7080884813534,55.06620212707019,66.875
782.0,54.7080884813534,55.06606903019775,66.875
783.0,54.7080884813534,55.065936009506885,66.87499999999999
784.0,54.7080884813534,55.065803065318306,66.87500000000001
785.0,54.7080884813534,55.06567019794871,66.87500000000001
786.0,54.7080884813534,55.06553740771059,66.87500000000001
787.0,54.7080884813534,55.06540469491293,66.875
788.0,54.7080884813534,55.06527205986072,66.87499999999999
789.0,54.7080884813534,55.06513950285515,66.87500000000001
790.0,54.7080884813534,55.06500702419374,66.875
791.0,54.7080884813534,55.064874624170244,66.875
792.0,54.7080884813534,55.0647423030743,66.875
793.0,54.7080884813534,55.06461006119267,66.875
794.0,54.7080884813534,55.064477898808,66.87499999999999
795.0,54.7080884813534,55.06434581619906,66.875
796.0,54.7080884813534,55.064213813641736,66.87499999999999
797.0,54.7080884813534,55.06408189140805,66.875
798.0,54.7080884813534,55.06395004976633,66.875
799.0,54.7080884813534,55.0638182889818,66.87500000000001
800.0,54.7080884813534,55.0636866093159,66.87499999999999
801.0,54.7080884813534,55.06355501102713,66.875
802.0,54.7080884813534,55.06342349437022,66.875
803.0,54.7080884813534,55.06329205959654,66.875
804.0,54.7080884813534,55.0631607069548,66.875
805.0,54.7080884813534,55.06302943668947,66.87499999999999
806.0,54.7080884813534,55.062898249042696,66.87499999999999
807.0,54.7080884813534,55.06276714425266,66.87499999999999
808.0,54.7080884813534,55.06263612255481,66.875
809.0,54.7080884813534,55.062505184181454,66.875
810.0,54.7080884813534,55.06237432936157,66.87499999999999
811.0,54.7080884813534,55.06224355832094,66.875
812.0,54.7080884813534,55.06211287128277,66.875
813.0,54.7080884813534,55.0619822684669,66.875
814.0,54.7080884813534,55.061851750090135,66.875
815.0,54.7080884813534,55.0617213163664,66.875
816.0,54.7080884813534,55.06159096750654,66.875
817.0,54.7080884813534,55.06146070371877,66.875
818.0,54.7080884813534,55.061330525208,66.87499999999999
819.0,54.7080884813534,55.061200432176754,66.875
820.0,54.7080884813534,55.06107042482423,66.875
821.0,54.7080884813534,55.06094050334706,66.87500000000001
822.0,54.7080884813534,55.0608106679392,66.875
823.0,54.7080884813534,55.06068091879186,66.875
824.0,54.7080884813534,55.060551256093014,66.875
825.0,54.7080884813534,55.060421680028334,66.87500000000001
826.0,54.7080884813534,55.06029219078101,66.87499999999999
827.0,54.7080884813534,55.060162788531244,66.875
828.0,54.7080884813534,55.06003347345651,66.875
829.0,54.7080884813534,55.059904245731936,66.87500000000001
830.0,54.7080884813534,55.059775105530086,66.875
831.0,54.7080884813534,55.05964605302066,66.87500000000001
832.0,54.7080884813534,55.05951708837109,66.87499999999999
833.0,54.7080884813534,55.05938821174626,66.87499999999999
834.0,54.7080884813534,55.05925942330837,66.87499999999999
835.0,54.7080884813534,55.059130723217386,66.875
836.0,54.7080884813534,55.05900211163074,66.875
837.0,54.7080884813534,55.058873588703655,66.875
838.0,54.7080884813534,55.05874515458831,66.875
839.0,54.7080884813534,55.058616809435165,66.87500000000001
840.0,54.7080884813534,55.05848855339227,66.875
841.0,54.7080884813534,55.05836038660511,66.875
842.0,54.7080884813534,55.05823230921674,66.875
843.0,54.7080884813534,55.05810432136817,66.875
844.0,54.7080884813534,55.05797642319819,66.87499999999999
845.0,54.7080884813534,55.05784861484316,66.875
846.0,54.7080884813534,55.057720896437296,66.875
847.0,54.7080884813534,55.05759326811265,66.875
848.0,54.7080884813534,55.05746572999911,66.87500000000001
849.0,54.7080884813534,55.057338282224265,66.87499999999999
850.0,54.7080884813534,55.05721092491376,66.87500000000001
851.0,54.7080884813534,55.05708365819074,66.875
852.0,54.7080884813534,55.056956482176645,66.875
853.0,54.7080884813534,55.056829396990615,66.875
854.0,54.7080884813534,55.05670240275003,66.87500000000001
855.0,54.7080884813534,55.05657549956975,66.875
856.0,54.7080884813534,55.056448687562956,66.875
857.0,54.7080884813534,55.05632196684066,66.87500000000001
858.0,54.7080884813534,55.05619533751195,66.87500000000001
859.0,54.7080884813534,55.05606879968399,66.87500000000001
860.0,54.7080884813534,55.05594235346181,66.87500000000001
861.0,54.7080884813534,55.05581599894891,66.875
862.0,54.7080884813534,55.055689736246215,66.87500000000001
863.0,54.7080884813534,55.05556356545359,66.875
864.0,54.7080884813534,55.05543748666805,66.875
865.0,54.7080884813534,55.05531149998577,66.875
866.0,54.7080884813534,55.05518560550027,66.875
867.0,54.7080884813534,55.055059803303685,66.875
868.0,54.7080884813534,55.05493409348609,66.875
869.0,54.7080884813534,55.05480847613591,66.875
870.0,54.7080884813534,55.05468295133985,66.87499999999999
871.0,54.7080884813534,55.05455751918267,66.875
872.0,54.7080884813534,55.0544321797477,66.875
873.0,54.7080884813534,55.05430693311606,66.87500000000001
874.0,54.7080884813534,55.054181779367376,66.875
875.0,54.7080884813534,55.05405671858003,66.87499999999999
876.0,54.7080884813534,55.05393175082987,66.875
877.0,54.7080884813534,55.05380687619191,66.875
878.0,54.7080884813534,55.053682094738726,66.875
879.0,54.7080884813534,55.05355740654215,66.875
880.0,54.7080884813534,55.053432811671684,66.875
881.0,54.7080884813534,55.05330831019549,66.875
882.0,54.7080884813534,55.05318390217985,66.875
883.0,54.7080884813534,55.05305958769028,66.87500000000001
884.0,54.7080884813534,55.05293536678994,66.875
885.0,54.7080884813534,55.05281123954047,66.87499999999999
886.0,54.7080884813534,55.05268720600262,66.87499999999999
887.0,54.7080884813534,55.05256326623489,66.87500000000001
888.0,54.7080884813534,55.05243942029487,66.875
889.0,54.7080884813534,55.05231566823836,66.875
890.0,54.7080884813534,55.05219201011965,66.875
891.0,54.7080884813534,55.052068445991544,66.87499999999999
892.0,54.7080884813534,55.05194497590593,66.87499999999999
893.0,54.7080884813534,55.05182159991233,66.875
894.0,54.7080884813534,55.05169831805973,66.875
895.0,54.7080884813534,55.05157513039534,66.875
896.0,54.7080884813534,55.051452036964896,66.875
897.0,54.7080884813534,55.051329037812714,66.875
898.0,54.7080884813534,55.05120613298222,66.875
899.0,54.7080884813534,55.05108332251484,66.875
900.0,54.7080884813534,55.050960606450964,66.87499999999999
901.0,54.7080884813534,55.050837984830046,66.87500000000001
902.0,54.7080884813534,55.05071545768931,66.875
903.0,54.7080884813534,55.05059302506564,66.87500000000001
904.0,54.7080884813534,55.050470686993954,66.87500000000001
905.0,54.7080884813534,55.050348443508405,66.875
906.0,54.7080884813534,55.05022629464127,66.875
907.0,54.7080884813534,55.050104240424055,66.87499999999999
908.0,54.7080884813534,55.049982280886915,66.875
909.0,54.7080884813534,55.049860416058806,66.875
910.0,54.7080884813534,55.04973864596733,66.87499999999999
911.0,54.7080884813534,55.04961697063891,66.875
912.0,54.7080884813534,55.04949539009891,66.875
913.0,54.7080884813534,55.0493739043715,66.87499999999999
914.0,54.7080884813534,55.04925251347935,66.875
915.0,54.7080884813534,55.04913121744432,66.87500000000001
916.0,54.7080884813534,55.049010016287205,66.875
917.0,54.7080884813534,55.04888891002715,66.875
918.0,54.7080884813534,55.04876789868272,66.87500000000001
919.0,54.7080884813534,55.048646982271144,66.87499999999999
920.0,54.7080884813534,55.04852616080839,66.87499999999999
921.0,54.7080884813534,55.04840543430968,66.875
922.0,54.7080884813534,55.04828480278868,66.875
923.0,54.7080884813534,55.048164266258375,66.875
924.0,54.7080884813534,55.048043824730705,66.875
925.0,54.7080884813534,55.04792347821613,66.87500000000001
926.0,54.7080884813534,55.047803226724504,66.87499999999999
927.0,54.7080884813534,55.04768307026419,66.87499999999999
928.0,54.7080884813534,55.04756300884329,66.87500000000001
929.0,54.7080884813534,55.04744304246816,66.875
930.0,54.7080884813534,55.04732317114434,66.875
931.0,54.7080884813534,55.0472033948765,66.875
932.0,54.7080884813534,55.04708371366843,66.875
933.0,54.7080884813534,55.046964127522365,66.875
934.0,54.7080884813534,55.04684463644043,66.87499999999999
935.0,54.7080884813534,55.04672524042304,66.87499999999999
936.0,54.7080884813534,55.04660593947003,66.875
937.0,54.7080884813534,55.04648673358008,66.875
938.0,54.7080884813534,55.04636762275149,66.87499999999999
939.0,54.7080884813534,55.04624860698075,66.875
940.0,54.7080884813534,55.046129686264266,66.87500000000001
941.0,54.7080884813534,55.04601086059717,66.875
942.0,54.7080884813534,55.04589212997345,66.875
943.0,54.7080884813534,55.045773494386616,66.875
944.0,54.7080884813534,55.04565495382908,66.875
945.0,54.7080884813534,55.04553650829265,66.875
946.0,54.7080884813534,55.04541815776798,66.875
947.0,54.7080884813534,55.045299902245056,66.875
948.0,54.7080884813534,55.045181741712696,66.87500000000001
949.0,54.7080884813534,55.04506367615921,66.875
950.0,54.7080884813534,55.04494570557217,66.875
951.0,54.7080884813534,55.04482782993801,66.875
952.0,54.7080884813534,55.04471004924232,66.875
953.0,54.7080884813534,55.0445923634704,66.875
954.0,54.7080884813534,55.04447477260621,66.875
955.0,54.7080884813534,55.04435727663309,66.87500000000001
956.0,54.7080884813534,55.044239875533556,66.875
957.0,54.7080884813534,55.04412256928973,66.875
958.0,54.7080884813534,55.04400535788227,66.875
959.0,54.7080884813534,55.04388824129157,66.875
960.0,54.7080884813534,55.04377121949734,66.875
961.0,54.7080884813534,55.043654292478315,66.87499999999999
962.0,54.7080884813534,55.043537460212356,66.875
963.0,54.7080884813534,55.04342072267689,66.875
964.0,54.7080884813534,55.043304079848575,66.875
965.0,54.7080884813534,55.043187531703374,66.87499999999999
966.0,54.7080884813534,55.043071078216265,66.875
967.0,54.7080884813534,55.04295471936174,66.875
968.0,54.7080884813534,55.04283845511367,66.87499999999999
969.0,54.7080884813534,55.04272228544496,66.875
970.0,54.7080884813534,55.042606210328465,66.875
971.0,54.7080884813534,55.0424902297354,66.87500000000001
972.0,54.7080884813534,55.04237434363713,66.87499999999999
973.0,54.7080884813534,55.042258552004164,66.875
974.0,54.7080884813534,55.042142854805995,66.875
975.0,54.7080884813534,55.04202725201193,66.875
976.0,54.7080884813534,55.04191174359014,66.87500000000001
977.0,54.7080884813534,55.04179632950889,66.87499999999999
978.0,54.7080884813534,55.04168100973499,66.87499999999999
979.0,54.7080884813534,55.04156578423544,66.875
980.0,54.7080884813534,55.041450652975776,66.875
981.0,54.7080884813534,55.041335615921774,66.875
982.0,54.7080884813534,55.04122067303782,66.875
983.0,54.7080884813534,55.0411058242882,66.87500000000001
984.0,54.7080884813534,55.040991069636625,66.87499999999999
985.0,54.7080884813534,55.04087640904595,66.87499999999999
986.0,54.7080884813534,55.040761842478666,66.875
987.0,54.7080884813534,55.04064736989661,66.875
988.0,54.7080884813534,55.04053299126091,66.87499999999999
989.0,54.7080884813534,55.04041870653231,66.875
990.0,54.7080884813534,55.04030451567101,66.875
991.0,54.7080884813534,55.04019041863666,66.87499999999999
992.0,54.7080884813534,55.04007641538826,66.875
993.0,54.7080884813534,55.03996250588445,66.875
994.0,54.7080884813534,55.03984869008284,66.875
995.0,54.7080884813534,55.039734967941264,66.875
996.0,54.7080884813534,55.039621339416605,66.87499999999999
997.0,54.7080884813534,55.039507804465124,66.875
998.0,54.7080884813534,55.03939436304294,66.875
999.0,54.7080884813534,55.03928101510514,66.875
1000.0,54.7080884813534,55.0391677606068,66.87500000000001
1001.0,54.7080884813534,55.039054599502485,66.87499999999999
1002.0,54.7080884813534,55.038941531745714,66.875
1003.0,54.7080884813534,55.038828557290316,66.87500000000001
1004.0,54.7080884813534,55.03871567608903,66.875
1005.0,54.7080884813534,55.03860288809438,66.875
1006.0,54.7080884813534,55.038490193258156,66.875
1007.0,54.7080884813534,55.038377591532225,66.87500000000001
1008.0,54.7080884813534,55.038265082867476,66.875
1009.0,54.7080884813534,55.03815266721455,66.875
1010.0,54.7080884813534,55.03804034452374,66.875
1011.0,54.7080884813534,55.03792811474447,66.87500000000001
1012.0,54.7080884813534,55.03781597782625,66.87499999999999
1013.0,54.7080884813534,55.03770393371792,66.87499999999999
1014.0,54.7080884813534,55.037591982367815,66.87500000000001
1015.0,54.7080884813534,55.037480123724045,66.875
1016.0,54.7080884813534,55.03736835773383,66.875
1017.0,54.7080884813534,55.037256684344705,66.875
1018.0,54.7080884813534,55.03714510350317,66.87500000000001
1019.0,54.7080884813534,55.03703361515573,66.87499999999999
1020.0,54.7080884813534,55.036922219248076,66.87499999999999
1021.0,54.7080884813534,55.03681091572573,66.875
1022.0,54.7080884813534,55.03669970453395,66.875
1023.0,54.7080884813534,55.036588585617416,66.875
1024.0,54.7080884813534,55.036477558920645,66.875
1025.0,54.7080884813534,55.036366624387206,66.875
1026.0,54.7080884813534,55.03625578196084,66.87500000000001
1027.0,54.7080884813534,55.03614503158491,66.875
1028.0,54.7080884813534,55.036034373202085,66.87500000000001
1029.0,54.7080884813534,55.03592380675465,66.875
1030.0,54.7080884813534,55.035813332185135,66.875
1031.0,54.7080884813534,55.03570294943493,66.87499999999999
1032.0,54.7080884813534,55.035592658445445,66.87500000000001
1033.0,54.7080884813534,55.0354824591579,66.875
1034.0,54.7080884813534,55.035372351512876,66.875
1035.0,54.7080884813534,55.03526233545083,66.875
1036.0,54.7080884813534,55.03515241091142,66.875
1037.0,54.7080884813534,55.03504257783482,66.875
1038.0,54.7080884813534,55.034932836159946,66.875
1039.0,54.7080884813534,55.03482318582588,66.87500000000001
1040.0,54.7080884813534,55.03471362677147,66.87500000000001
1041.0,54.7080884813534,55.03460415893495,66.87500000000001
1042.0,54.7080884813534,55.03449478225454,66.875
1043.0,54.7080884813534,55.03438549666772,66.875
1044.0,54.7080884813534,55.034276302112026,66.875
1045.0,54.7080884813534,55.03416719852462,66.87499999999999
1046.0,54.7080884813534,55.03405818584239,66.875
1047.0,54.7080884813534,55.033949264001706,66.875
1048.0,54.7080884813534,55.03384043293874,66.875
1049.0,54.7080884813534,55.033731692589534,66.87499999999999
1050.0,54.7080884813534,55.03362304288989,66.875
1051.0,54.7080884813534,55.033514483774844,66.875
1052.0,54.7080884813534,55.0334060151795,66.87500000000001
1053.0,54.7080884813534,55.03329763703889,66.875
1054.0,54.7080884813534,55.03318934928745,66.875
1055.0,54.7080884813534,55.033081151859385,66.87499999999999
1056.0,54.7080884813534,55.03297304468861,66.87499999999999
1057.0,54.7080884813534,55.03286502770891,66.875
1058.0,54.7080884813534,55.0327571008537,66.87499999999999
1059.0,54.7080884813534,55.0326492640562,66.875
1060.0,54.7080884813534,55.03254151724928,66.875
1061.0,54.7080884813534,55.03243386036575,66.875
1062.0,54.7080884813534,55.03232629333809,66.87499999999999
1063.0,54.7080884813534,55.032218816098236,66.87499999999999
1064.0,54.7080884813534,55.03211142857831,66.87499999999999
1065.0,54.7080884813534,55.032004130709936,66.875
1066.0,54.7080884813534,55.031896922424636,66.875
1067.0,54.7080884813534,55.03178980365373,66.875
1068.0,54.7080884813534,55.03168277432786,66.87499999999999
1069.0,54.7080884813534,55.03157583437815,66.87500000000001
1070.0,54.7080884813534,55.03146898373504,66.875
1071.0,54.7080884813534,55.031362222328916,66.875
1072.0,54.7080884813534,55.031255550089604,66.875
1073.0,54.7080884813534,55.03114896694732,66.87499999999999
1074.0,54.7080884813534,55.03104247283152,66.87499999999999
1075.0,54.7080884813534,55.030936067671625,66.875
1076.0,54.7080884813534,55.03082975139691,66.875
1077.0,54.7080884813534,55.03072352393658,66.875
1078.0,54.7080884813534,55.03061738521934,66.875
1079.0,54.7080884813534,55.030511335173834,66.875
1080.0,54.7080884813534,55.03040537372838,66.875
1081.0,54.7080884813534,55.030299500811346,66.875
1082.0,54.7080884813534,55.03019371635079,66.87499999999999
1083.0,54.7080884813534,55.03008802027455,66.875
1084.0,54.7080884813534,55.02998241251023,66.875
1085.0,54.7080884813534,55.02987689298518,66.875
1086.0,54.7080884813534,55.02977146162706,66.875
1087.0,54.7080884813534,55.02966611836258,66.875
1088.0,54.7080884813534,55.02956086311884,66.875
1089.0,54.7080884813534,55.029455695822655,66.875
1090.0,54.7080884813534,55.0293506164007,66.875
1091.0,54.7080884813534,55.02924562477906,66.87499999999999
1092.0,54.7080884813534,55.02914072088411,66.87500000000001
1093.0,54.7080884813534,55.029035904642036,66.875
1094.0,54.7080884813534,55.0289311759787,66.875
1095.0,54.7080884813534,55.028826534819835,66.875
1096.0,54.7080884813534,55.02872198109117,66.875
1097.0,54.7080884813534,55.028617514717865,66.875
1098.0,54.7080884813534,55.02851313562537,66.87500000000001
1099.0,54.7080884813534,55.028408843738625,66.875
1100.0,54.7080884813534,55.02830463898291,66.875
1101.0,54.7080884813534,55.02820052128282,66.87499999999999
1102.0,54.7080884813534,55.02809649056306,66.87500000000001
1103.0,54.7080884813534,55.027992546748386,66.875
1104.0,54.7080884813534,55.0278886897628,66.875
1105.0,54.7080884813534,55.027784919530795,66.87500000000001
1106.0,54.7080884813534,55.02768123597661,66.875
1107.0,54.7080884813534,55.027577639023995,66.875
1108.0,54.7080884813534,55.02747412859673,66.875
1109.0,54.7080884813534,55.027370704618896,66.875
1110.0,54.7080884813534,55.027267367013785,66.875
1111.0,54.7080884813534,55.02716411570478,66.875
1112.0,54.7080884813534,55.0270609506156,66.875
1113.0,54.7080884813534,55.026957871668934,66.87499999999999
1114.0,54.7080884813534,55.02685487878828,66.875
1115.0,54.7080884813534,55.02675197189649,66.87499999999999
1116.0,54.7080884813534,55.02664915091636,66.87499999999999
1117.0,54.7080884813534,55.02654641577069,66.87499999999999
1118.0,54.7080884813534,55.02644376638199,66.87500000000001
1119.0,54.7080884813534,55.026341202673045,66.875
1120.0,54.7080884813534,55.02623872456579,66.875
1121.0,54.7080884813534,55.02613633198288,66.875
1122.0,54.7080884813534,55.02603402484647,66.875
1123.0,54.7080884813534,55.025931803078514,66.87499999999999
1124.0,54.7080884813534,55.02582966660113,66.875
1125.0,54.7080884813534,55.025727615336045,66.875
1126.0,54.7080884813534,55.02562564920498,66.875
1127.0,54.7080884813534,55.02552376812986,66.875
1128.0,54.7080884813534,55.02542197203206,66.875
1129.0,54.7080884813534,55.02532026083319,66.875
1130.0,54.7080884813534,55.02521863445448,66.875
1131.0,54.7080884813534,55.025117092817545,66.875
1132.0,54.7080884813534,55.02501563584321,66.87499999999999
1133.0,54.7080884813534,55.02491426345302,66.875
1134.0,54.7080884813534,55.02481297556768,66.875
1135.0,54.7080884813534,55.024711772108326,66.87499999999999
1136.0,54.7080884813534,55.02461065299573,66.875
1137.0,54.7080884813534,55.02450961815072,66.875
1138.0,54.7080884813534,55.02440866749411,66.87500000000001
1139.0,54.7080884813534,55.024307800946495,66.87499999999999
1140.0,54.7080884813534,55.024207018428335,66.875
1141.0,54.7080884813534,55.02410631986013,66.875
1142.0,54.7080884813534,55.024005705162516,66.875
1143.0,54.7080884813534,55.0239051742557,66.87499999999999
1144.0,54.7080884813534,55.02380472705983,66.875
1145.0,54.7080884813534,55.023704363495305,66.875
1146.0,54.7080884813534,55.02360408348229,66.875
1147.0,54.7080884813534,55.02350388694051,66.875
1148.0,54.7080884813534,55.02340377379048,66.875
1149.0,54.7080884813534,55.02330374395178,66.875
1150.0,54.7080884813534,55.023203797344394,66.875
1151.0,54.7080884813534,55.02310393388806,66.875
1152.0,54.7080884813534,55.02300415350297,66.875
1153.0,54.7080884813534,55.02290445610831,66.875
1154.0,54.7080884813534,55.02280484162404,66.875
1155.0,54.7080884813534,55.0227053099695,66.875
1156.0,54.7080884813534,55.02260586106464,66.875
1157.0,54.7080884813534,55.02250649482872,66.875
1158.0,54.7080884813534,55.02240721118094,66.875
1159.0,54.7080884813534,55.02230801004129,66.87500000000001
1160.0,54.7080884813534,55.022208891328695,66.87499999999999
1161.0,54.7080884813534,55.02210985496251,66.875
1162.0,54.7080884813534,55.02201090086218,66.875
1163.0,54.7080884813534,55.02191202894661,66.875
1164.0,54.7080884813534,55.02181323913536,66.875
1165.0,54.7080884813534,55.02171453134728,66.875
1166.0,54.7080884813534,55.0216159055016,66.875
1167.0,54.7080884813534,55.02151736151729,66.875
1168.0,54.7080884813534,55.0214188993136,66.875
1169.0,54.7080884813534,55.021320518809155,66.875
1170.0,54.7080884813534,55.021222219923146,66.875
1171.0,54.7080884813534,55.021124002574446,66.875
1172.0,54.7080884813534,55.021025866681875,66.87500000000001
1173.0,54.7080884813534,55.020927812164416,66.875
1174.0,54.7080884813534,55.02082983894064,66.875
1175.0,54.7080884813534,55.02073194692961,66.875
1176.0,54.7080884813534,55.02063413605014,66.87499999999999
1177.0,54.7080884813534,55.020536406220565,66.875
1178.0,54.7080884813534,55.0204387573601,66.875
1179.0,54.7080884813534,55.02034118938696,66.87500000000001
1180.0,54.7080884813534,55.020243702220235,66.87500000000001
1181.0,54.7080884813534,55.02014629577818,66.875
1182.0,54.7080884813534,55.02004896997975,66.875
1183.0,54.7080884813534,55.0199517247433,66.875
1184.0,54.7080884813534,55.019854559987714,66.87500000000001
1185.0,54.7080884813534,55.01975747563114,66.87500000000001
1186.0,54.7080884813534,55.01966047159248,66.87500000000001
1187.0,54.7080884813534,55.01956354778999,66.87500000000001
1188.0,54.7080884813534,55.01946670414259,66.875
1189.0,54.7080884813534,55.01936994056828,66.875
1190.0,54.7080884813534,55.01927325698594,66.875
1191.0,54.7080884813534,55.01917665331387,66.875
1192.0,54.7080884813534,55.01908012947055,66.875
1193.0,54.7080884813534,55.018983685374415,66.875
1194.0,54.7080884813534,55.01888732094387,66.875
1195.0,54.7080884813534,55.01879103609759,66.87499999999999
1196.0,54.7080884813534,55.01869483075393,66.875
1197.0,54.7080884813534,55.01859870483103,66.875
1198.0,54.7080884813534,55.01850265824775,66.875
1199.0,54.7080884813534,55.01840669092211,66.875
1200.0,54.7080884813534,55.01831080277288,66.875
