"tick","donation-normed-small","donation-small","donation-valued-small"
1.0,92.5,94.35718682044285,95.0
2.0,92.5,93.29056941504209,95.0
3.0,92.5,93.2537783614444,95.0
4.0,92.5,93.22168783648704,95.0
5.0,92.3221687836487,77.01732216878365,77.0
6.0,92.3221687836487,77.0346443375673,77.0
7.0,92.3221687836487,77.05196650635095,77.0
8.0,92.3221687836487,77.06928867513459,77.0
9.0,92.3221687836487,77.07672473884358,77.0
10.0,92.3221687836487,77.21705302340158,77.0
11.0,92.3221687836487,77.59850484933438,77.0
12.0,92.3221687836487,78.63539841620008,77.0
13.0,92.3221687836487,81.45396735705718,77.0
14.0,92.3221687836487,88.84441804662886,77.0
15.0,92.3221687836487,89.09933838268782,77.0
16.0,92.3221687836487,89.32168937855485,77.00000000000001
17.0,92.3221687836487,89.51786357198047,76.99999999999999
18.0,92.3221687836487,89.69262444191413,77.00000000000001
19.0,92.3221687836487,89.84960403569767,76.99999999999999
20.0,92.3221687836487,89.99162658773653,77.00000000000001
21.0,92.3221687836487,90.12092575072161,76.99999999999999
22.0,92.3221687836487,90.23929444639006,77.00000000000001
23.0,92.3221687836487,90.3481907199182,76.99999999999999
24.0,92.3221687836487,90.44881409185237,77.00000000000001
25.0,92.3221687836487,90.54216165736912,76.99999999999999
26.0,92.3221687836487,90.62906999014201,77.00000000000001
27.0,92.3221687836487,90.71024690952844,76.99999999999999
28.0,92.3221687836487,90.78629588712317,77.00000000000001
29.0,92.3221687836487,90.85773502691896,76.99999999999999
30.0,92.3221687836487,90.92501198958823,77.00000000000001
31.0,92.3221687836487,90.98851584691946,76.99999999999999
32.0,92.3221687836487,91.04858658580437,77.00000000000001
33.0,92.3221687836487,91.10552279340908,76.99999999999999
34.0,92.3221687836487,91.15958792107664,77.00000000000001
35.0,92.3221687836487,91.2110154275027,76.99999999999999
36.0,92.3221687836487,91.26001303070473,77.00000000000001
37.0,92.3221687836487,91.30676624572217,76.99999999999999
38.0,92.3221687836487,91.35144134565323,77.00000000000001
39.0,92.3221687836487,91.39418785392346,76.99999999999999
40.0,92.3221687836487,91.43514065304059,77.00000000000001
41.0,92.3221687836487,91.47442177768438,76.99999999999999
42.0,92.3221687836487,91.51214194649829,77.00000000000001
43.0,92.3221687836487,91.54840187642291,76.99999999999999
44.0,92.3221687836487,91.5832934151388,77.00000000000001
45.0,92.3221687836487,91.6169005206369,76.99999999999999
46.0,92.3221687836487,91.64930011172294,77.00000000000001
47.0,92.3221687836487,91.6805628090822,76.99999999999999
48.0,92.3221687836487,91.71075358316827,77.00000000000001
49.0,92.3221687836487,91.73993232245114,76.99999999999999
50.0,92.3221687836487,91.76815433334225,77.00000000000001
51.0,92.3221687836487,91.79547078129669,76.99999999999999
52.0,92.3221687836487,91.82192908110179,77.00000000000001
53.0,92.3221687836487,91.84757324312746,76.99999999999999
54.0,92.3221687836487,91.87244418129352,77.00000000000001
55.0,92.3221687836487,91.89657998765719,76.99999999999999
56.0,92.3221687836487,91.92001617781459,77.00000000000001
57.0,92.3221687836487,91.94278591071233,76.99999999999999
58.0,92.3221687836487,91.96492018596501,77.00000000000001
59.0,92.3221687836487,91.9864480213485,76.99999999999999
60.0,92.3221687836487,92.00739661278142,77.00000000000001
61.0,92.3221687836487,92.02779147880022,76.99999999999999
62.0,92.3221687836487,92.04765659127375,77.00000000000001
63.0,92.3221687836487,92.06701449387944,76.99999999999999
64.0,92.3221687836487,92.0858864096732,77.00000000000001
65.0,92.3221687836487,92.10429233891931,76.99999999999999
66.0,92.3221687836487,92.12225114820659,77.00000000000001
67.0,92.3221687836487,92.13978065175247,76.99999999999999
68.0,92.3221687836487,92.15689768569261,77.00000000000001
69.0,92.3221687836487,92.17361817605936,76.99999999999999
70.0,92.3221687836487,92.18995720107372,77.00000000000001
71.0,92.3221687836487,92.2059290483042,76.99999999999999
72.0,92.3221687836487,92.22154726718516,77.00000000000001
73.0,92.3221687836487,92.23682471733346,76.99999999999999
74.0,92.3221687836487,92.25177361305511,77.00000000000001
75.0,92.3221687836487,92.26640556439146,76.99999999999999
76.0,92.3221687836487,92.28073161501939,77.00000000000001
77.0,92.3221687836487,92.29476227728546,76.99999999999999
78.0,92.3221687836487,92.30850756462766,77.00000000000001
79.0,92.3221687836487,92.32197702161116,76.99999999999999
80.0,92.3221687836487,92.33517975178346,77.00000000000001
81.0,92.3221687836487,92.34812444353295,76.99999999999999
82.0,92.3221687836487,92.36081939411852,77.00000000000001
83.0,92.3221687836487,92.37327253202054,76.99999999999999
84.0,92.3221687836487,92.38549143775055,77.00000000000001
85.0,92.3221687836487,92.39748336324328,76.99999999999999
86.0,92.3221687836487,92.40925524994432,77.00000000000001
87.0,92.3221687836487,92.42081374569499,76.99999999999999
88.0,92.3221687836487,92.4321652205089,77.00000000000001
89.0,92.3221687836487,92.44331578132423,76.99999999999999
90.0,92.3221687836487,92.45427128580984,77.00000000000001
91.0,92.3221687836487,92.46503735529612,76.99999999999999
92.0,92.3221687836487,92.47561938689536,77.00000000000001
93.0,92.3221687836487,92.4860225648707,76.99999999999999
94.0,92.3221687836487,92.49625187130877,77.00000000000001
95.0,92.3221687836487,92.50631209614502,76.99999999999999
96.0,92.3221687836487,92.51620784658857,77.00000000000001
97.0,92.3221687836487,92.5259435559876,76.99999999999999
98.0,92.3221687836487,92.53552349217509,77.00000000000001
99.0,92.3221687836487,92.54495176532983,76.99999999999999
100.0,92.3221687836487,92.55423233538593,77.00000000000001
101.0,92.3221687836487,92.5633690190212,76.99999999999999
102.0,92.3221687836487,92.57236549625215,77.00000000000001
103.0,92.3221687836487,92.58122531666173,76.99999999999999
104.0,92.3221687836487,92.58995190528384,77.00000000000001
105.0,92.3221687836487,92.5985485681662,76.99999999999999
106.0,92.3221687836487,92.607018497633,77.00000000000001
107.0,92.3221687836487,92.61536477726544,76.99999999999999
108.0,92.3221687836487,92.62359038661847,77.00000000000001
109.0,92.3221687836487,92.63169820568973,76.99999999999999
110.0,92.3221687836487,92.63969101915627,77.00000000000001
111.0,92.3221687836487,92.6475715203926,76.99999999999999
112.0,92.3221687836487,92.65534231528409,77.00000000000001
113.0,92.3221687836487,92.6630059258471,76.99999999999999
114.0,92.3221687836487,92.67056479366802,77.00000000000001
115.0,92.3221687836487,92.67802128317125,76.99999999999999
116.0,92.3221687836487,92.68537768472655,77.00000000000001
117.0,92.3221687836487,92.69263621760457,76.99999999999999
118.0,92.3221687836487,92.69979903278984,77.00000000000001
119.0,92.3221687836487,92.70686821565843,76.99999999999999
120.0,92.3221687836487,92.7138457885289,77.00000000000001
121.0,92.3221687836487,92.72073371309263,76.99999999999999
122.0,92.3221687836487,92.72753389273095,77.00000000000001
123.0,92.3221687836487,92.73424817472473,76.99999999999999
124.0,92.3221687836487,92.74087835236267,77.00000000000001
125.0,92.3221687836487,92.74742616695336,76.99999999999999
126.0,92.3221687836487,92.75389330974664,77.00000000000001
127.0,92.3221687836487,92.76028142376869,76.99999999999999
128.0,92.3221687836487,92.76659210557571,77.00000000000001
129.0,92.3221687836487,92.77282690693016,76.99999999999999
130.0,92.3221687836487,92.77898733640384,77.00000000000001
131.0,92.3221687836487,92.78507486091118,76.99999999999999
132.0,92.3221687836487,92.79109090717671,77.00000000000001
133.0,92.3221687836487,92.79703686313981,76.99999999999999
134.0,92.3221687836487,92.80291407929981,77.00000000000001
135.0,92.3221687836487,92.8087238700046,76.99999999999999
136.0,92.3221687836487,92.81446751468545,77.00000000000001
137.0,92.3221687836487,92.82014625904057,76.99999999999999
138.0,92.3221687836487,92.82576131617019,77.00000000000001
139.0,92.3221687836487,92.83131386766503,76.99999999999999
140.0,92.3221687836487,92.83680506465097,77.00000000000001
141.0,92.3221687836487,92.84223602879145,76.99999999999999
142.0,92.3221687836487,92.84760785325008,77.00000000000001
143.0,92.3221687836487,92.85292160361482,76.99999999999999
144.0,92.3221687836487,92.85817831878609,77.00000000000001
145.0,92.3221687836487,92.86337901182988,76.99999999999999
146.0,92.3221687836487,92.86852467079802,77.00000000000001
147.0,92.3221687836487,92.87361625951665,76.99999999999999
148.0,92.3221687836487,92.87865471834465,77.00000000000001
149.0,92.3221687836487,92.88364096490312,76.99999999999999
150.0,92.3221687836487,92.88857589477753,77.00000000000001
151.0,92.3221687836487,92.89346038219331,76.99999999999999
152.0,92.3221687836487,92.89829528066655,77.00000000000001
153.0,92.3221687836487,92.90308142363035,76.99999999999999
154.0,92.3221687836487,92.9078196250385,77.00000000000001
155.0,92.3221687836487,92.91251067994676,76.99999999999999
156.0,92.3221687836487,92.9171553650735,77.00000000000001
157.0,92.3221687836487,92.92175443933967,76.99999999999999
158.0,92.3221687836487,92.92630864438993,77.00000000000001
159.0,92.3221687836487,92.93081870509488,76.99999999999999
160.0,92.3221687836487,92.93528533003582,77.00000000000001
161.0,92.3221687836487,92.93970921197226,76.99999999999999
162.0,92.3221687836487,92.9440910282934,77.00000000000001
163.0,92.3221687836487,92.9484314414537,76.99999999999999
164.0,92.3221687836487,92.95273109939374,77.00000000000001
165.0,92.3221687836487,92.95699063594633,76.99999999999999
166.0,92.3221687836487,92.96121067122917,77.00000000000001
167.0,92.3221687836487,92.9653918120239,76.99999999999999
168.0,92.3221687836487,92.96953465214281,77.00000000000001
169.0,92.3221687836487,92.97363977278289,76.99999999999999
170.0,92.3221687836487,92.97770774286843,77.00000000000001
171.0,92.3221687836487,92.9817391193822,76.99999999999999
172.0,92.3221687836487,92.98573444768581,77.00000000000001
173.0,92.3221687836487,92.98969426182957,76.99999999999999
174.0,92.3221687836487,92.99361908485237,77.00000000000001
175.0,92.3221687836487,92.99750942907187,76.99999999999999
176.0,92.3221687836487,93.00136579636545,77.00000000000001
177.0,92.3221687836487,93.00518867844212,76.99999999999999
178.0,92.3221687836487,93.00897855710595,77.00000000000001
179.0,92.3221687836487,93.01273590451096,76.99999999999999
180.0,92.3221687836487,93.0164611834085,77.00000000000001
181.0,92.3221687836487,93.0201548473863,76.99999999999999
182.0,92.3221687836487,93.02381734110074,77.00000000000001
183.0,92.3221687836487,93.02744910050158,76.99999999999999
184.0,92.3221687836487,93.03105055304994,77.00000000000001
185.0,92.3221687836487,93.03462211792956,76.99999999999999
186.0,92.3221687836487,93.03816420625192,77.00000000000001
187.0,92.3221687836487,93.04167722125486,76.99999999999999
188.0,92.3221687836487,93.04516155849548,77.00000000000001
189.0,92.3221687836487,93.04861760603715,76.99999999999999
190.0,92.3221687836487,93.0520457446312,77.00000000000001
191.0,92.3221687836487,93.0554463478929,76.99999999999999
192.0,92.3221687836487,93.0588197824727,77.00000000000001
193.0,92.3221687836487,93.06216640822217,76.99999999999999
194.0,92.3221687836487,93.06548657835529,77.00000000000001
195.0,92.3221687836487,93.06878063960497,76.99999999999999
196.0,92.3221687836487,93.07204893237524,77.00000000000001
197.0,92.3221687836487,93.07529179088894,76.99999999999999
198.0,92.3221687836487,93.07850954333131,77.00000000000001
199.0,92.3221687836487,93.08170251198945,76.99999999999999
200.0,92.3221687836487,93.0848710133881,77.00000000000001
201.0,92.3221687836487,93.08801535842107,76.99999999999999
202.0,92.3221687836487,93.09113585247981,77.00000000000001
203.0,92.3221687836487,93.09423279557764,76.99999999999999
204.0,92.3221687836487,93.09730648247111,77.00000000000001
205.0,92.3221687836487,93.10035720277777,76.99999999999999
206.0,92.3221687836487,93.10338524109082,77.00000000000001
207.0,92.3221687836487,93.10639087709055,76.99999999999999
208.0,92.3221687836487,93.10937438565296,77.00000000000001
209.0,92.3221687836487,93.11233603695527,76.99999999999999
210.0,92.3221687836487,93.11527609657874,77.00000000000001
211.0,92.3221687836487,93.11819482560861,76.99999999999999
212.0,92.3221687836487,93.12109248073165,77.00000000000001
213.0,92.3221687836487,93.12396931433078,76.99999999999999
214.0,92.3221687836487,93.12682557457758,77.00000000000001
215.0,92.3221687836487,93.12966150552211,76.99999999999999
216.0,92.3221687836487,93.13247734718053,77.00000000000001
217.0,92.19618043197231,64.99999999999999,64.99999999999999
218.0,92.19618043197231,65.00000000000001,65.00000000000001
219.0,92.19618043197231,64.99999999999999,64.99999999999999
220.0,92.19618043197231,65.00000000000001,65.00000000000001
221.0,92.19618043197231,64.99999999999999,64.99999999999999
222.0,92.19618043197231,65.00000000000001,65.00000000000001
223.0,92.19618043197231,64.99999999999999,64.99999999999999
224.0,92.19618043197231,65.00000000000001,65.00000000000001
225.0,92.19618043197231,64.99999999999999,64.99999999999999
226.0,92.19618043197231,65.00000000000001,65.00000000000001
227.0,92.19618043197231,64.99999999999999,64.99999999999999
228.0,92.19618043197231,65.00000000000001,65.00000000000001
229.0,92.19618043197231,64.99999999999999,64.99999999999999
230.0,92.19618043197231,65.00000000000001,65.00000000000001
231.0,92.19618043197231,64.99999999999999,64.99999999999999
232.0,92.19618043197231,65.00000000000001,65.00000000000001
233.0,92.19618043197231,64.99999999999999,64.99999999999999
234.0,92.19618043197231,65.00000000000001,65.00000000000001
235.0,92.19618043197231,64.99999999999999,64.99999999999999
236.0,92.19618043197231,65.00000000000001,65.00000000000001
237.0,92.19618043197231,64.99999999999999,64.99999999999999
238.0,92.19618043197231,65.00000000000001,65.00000000000001
239.0,92.19618043197231,64.99999999999999,64.99999999999999
240.0,92.19618043197231,65.00000000000001,65.00000000000001
241.0,92.19618043197231,64.99999999999999,64.99999999999999
242.0,92.19618043197231,65.00000000000001,65.00000000000001
243.0,92.19618043197231,64.99999999999999,64.99999999999999
244.0,92.19618043197231,65.00000000000001,65.00000000000001
245.0,92.19618043197231,64.99999999999999,64.99999999999999
246.0,92.19618043197231,65.00000000000001,65.00000000000001
247.0,92.19618043197231,64.99999999999999,64.99999999999999
248.0,92.19618043197231,65.00000000000001,65.00000000000001
249.0,92.19618043197231,64.99999999999999,64.99999999999999
250.0,92.19618043197231,65.00000000000001,65.00000000000001
251.0,92.19618043197231,64.99999999999999,64.99999999999999
252.0,92.19618043197231,65.00000000000001,65.00000000000001
253.0,92.19618043197231,64.99999999999999,64.99999999999999
254.0,92.19618043197231,65.00000000000001,65.00000000000001
255.0,92.19618043197231,64.99999999999999,64.99999999999999
256.0,92.19618043197231,65.00000000000001,65.00000000000001
257.0,92.19618043197231,64.99999999999999,64.99999999999999
258.0,92.19618043197231,65.00000000000001,65.00000000000001
259.0,69.86284709863897,64.99999999999999,64.99999999999999
260.0,69.86284709863897,64.97600000000001,65.00000000000001
261.0,69.86284709863897,64.952,65.0
262.0,69.86284709863897,64.92800000000001,65.0
263.0,69.86284709863897,64.90400000000001,65.0
264.0,69.86284709863897,64.89369727571388,65.0
265.0,69.86284709863897,64.69927134259568,65.0
266.0,69.86284709863897,64.1707668616193,65.00000000000001
267.0,69.86284709863897,62.73414273472201,65.0
268.0,62.92211231634759,58.8289934762513,65.0
269.0,62.92211231634759,52.71402190061943,65.0
270.0,62.92211231634759,56.66198035956585,65.0
271.0,62.92211231634759,56.529867952086796,65.0
272.0,62.92211231634759,56.41588962661677,65.0
273.0,62.92211231634759,56.30423408050467,65.0
274.0,62.92211231634759,56.37307865214768,65.0
275.0,62.92211231634759,56.757439249834135,65.0
276.0,62.92211231634759,57.98010989469583,65.0
277.0,62.92211231634759,61.46515621301839,65.0
278.0,62.92211231634759,70.74272051862552,65.0
279.0,62.92211231634759,72.65617337793044,65.0
280.0,62.92211231634759,72.79687179641168,65.0
281.0,62.92211231634759,72.92100615728641,65.0
282.0,62.92211231634759,73.03159067666844,65.0
283.0,62.92211231634759,73.13092362767703,65.0
284.0,62.92211231634759,73.22079211863034,65.0
285.0,62.92211231634759,73.30260955179277,65.0
286.0,62.92211231634759,73.37751044537005,65.0
287.0,62.92211231634759,73.44641741564992,65.0
288.0,62.92211231634759,73.51008949068687,65.0
289.0,62.92211231634759,73.56915760857888,65.0
290.0,62.92211231634759,73.62415113323708,65.0
291.0,62.92211231634759,73.6755179559055,65.0
292.0,62.92211231634759,73.72363993904737,65.0
293.0,62.92211231634759,73.76884492653905,65.0
294.0,62.92211231634759,73.81141618740016,65.0
295.0,62.92211231634759,73.85159991699905,65.0
296.0,62.92211231634759,73.88961125094944,65.0
297.0,62.92211231634759,73.92563912810405,65.0
298.0,62.92211231634759,73.95985025420289,65.0
299.0,62.92211231634759,73.99239235635255,65.0
300.0,62.92211231634759,74.02339687357097,65.0
301.0,62.92211231634759,74.05298119536013,65.0
302.0,62.92211231634759,74.0812505353794,65.0
303.0,62.92211231634759,74.10829950849403,65.0
304.0,62.92211231634759,74.13421346514482,65.0
305.0,62.92211231634759,74.15906962597288,65.0
306.0,62.92211231634759,74.18293805110075,65.0
307.0,62.92211231634759,74.20588247181153,65.0
308.0,62.92211231634759,74.22796100713158,65.0
309.0,62.92211231634759,74.24922678367952,65.0
310.0,62.92211231634759,74.26972847384496,65.0
311.0,62.92211231634759,74.2895107647169,65.0
312.0,62.92211231634759,74.30861476805212,65.0
313.0,62.92211231634759,74.32707837984917,65.0
314.0,62.92211231634759,74.34493659668897,65.0
315.0,62.92211231634759,74.36222179485382,65.0
316.0,62.92211231634759,74.37896397729274,65.0
317.0,62.92211231634759,74.3951909927204,65.0
318.0,62.92211231634759,74.41092873049153,65.0
319.0,62.92211231634759,74.42620129435346,65.0
320.0,62.92211231634759,74.44103115773011,65.0
321.0,62.92211231634759,74.45543930281379,65.0
322.0,62.92211231634759,74.46944534542284,65.0
323.0,62.92211231634759,74.48306764731527,65.0
324.0,62.92211231634759,74.49632341742112,65.0
325.0,62.92211231634759,74.50922880326297,65.0
326.0,62.92211231634759,74.5217989736689,65.0
327.0,62.92211231634759,74.5340481937415,65.0
328.0,62.92211231634759,74.54598989292542,65.0
329.0,62.92211231634759,74.55763672691197,65.0
330.0,65.87258350355619,74.5690006340295,65.0
331.0,69.70740296370163,74.59400441403628,65.0
332.0,69.70740296370163,74.61058201255298,65.0
333.0,69.70740296370163,74.62690868773375,65.0
334.0,69.70740296370163,74.64299398071795,65.0
335.0,69.70740296370163,74.65090734793682,65.0
336.0,69.70740296370163,74.76998343853936,65.0
337.0,73.61539633911737,75.01984988264543,65.0
338.0,73.61539633911737,75.67414640326133,65.0
339.0,73.61539633911737,77.45015878609291,65.0
340.0,73.61539633911737,84.18159943284188,65.0
341.0,73.61539633911737,65.0,65.0
342.0,73.61539633911737,65.0,65.0
343.0,73.61539633911737,65.0,65.0
344.0,73.61539633911737,65.0,65.0
345.0,73.61539633911737,65.0,65.0
346.0,73.61539633911737,65.0,65.0
347.0,73.61539633911737,65.0,65.0
348.0,73.61539633911737,65.0,65.0
349.0,73.61539633911737,65.0,65.0
350.0,73.61539633911737,65.0,65.0
351.0,73.61539633911737,65.0,65.0
352.0,73.61539633911737,65.0,65.0
353.0,73.61539633911737,65.0,65.0
354.0,73.61539633911737,65.0,65.0
355.0,73.61539633911737,65.0,65.0
356.0,73.61539633911737,65.0,65.0
357.0,73.61539633911737,65.0,65.0
358.0,73.61539633911737,65.0,65.0
359.0,73.61539633911737,65.0,65.0
360.0,73.61539633911737,65.0,65.0
361.0,73.61539633911737,65.0,65.0
362.0,73.61539633911737,65.0,65.0
363.0,73.61539633911737,65.0,65.0
364.0,73.61539633911737,65.0,65.0
365.0,73.61539633911737,65.0,65.0
366.0,73.61539633911737,65.0,65.0
367.0,73.61539633911737,65.0,65.0
368.0,73.61539633911737,65.0,65.0
369.0,73.61539633911737,65.0,65.0
370.0,73.61539633911737,65.0,65.0
371.0,73.61539633911737,65.0,65.0
372.0,73.61539633911737,65.0,65.0
373.0,73.61539633911737,65.0,65.0
374.0,73.61539633911737,65.0,65.0
375.0,73.61539633911737,65.0,65.0
376.0,73.61539633911737,65.0,65.0
377.0,73.61539633911737,65.0,65.0
378.0,73.61539633911737,65.0,65.0
379.0,73.61539633911737,65.0,65.0
380.0,73.61539633911737,65.0,65.0
381.0,73.61539633911737,65.0,65.0
382.0,73.61539633911737,65.0,65.0
383.0,73.61539633911737,65.0,65.0
384.0,73.61539633911737,65.0,65.0
385.0,73.61539633911737,65.0,65.0
386.0,73.61539633911737,65.0,65.0
387.0,73.61539633911737,65.0,65.0
388.0,73.61539633911737,65.0,65.0
389.0,73.61539633911737,65.0,65.0
390.0,73.61539633911737,65.0,65.0
391.0,65.87258350355619,65.0,65.0
392.0,63.95745615817379,64.976,65.0
393.0,63.95745615817379,64.9639964,65.0
394.0,63.95745615817379,64.9519928,65.0
395.0,63.95745615817379,64.9399892,65.0
396.0,63.95745615817379,64.94168287571388,65.0
397.0,63.95745615817379,64.7524067593301,65.0
398.0,63.95745615817379,64.32108608102286,65.00000000000001
399.0,63.95745615817379,63.14863491894161,65.0
400.0,63.95745615817379,59.96158223030051,65.0
401.0,63.95745615817379,52.692099788303075,65.0
402.0,63.95745615817379,56.61813613493316,64.99999999999999
403.0,63.95745615817379,56.46410161513776,65.0
404.0,63.95745615817379,56.32820117735137,65.0
405.0,63.95745615817379,56.2071349029491,65.0
406.0,63.95745615817379,56.09838667696594,65.0
407.0,63.95745615817379,56.0,65.0
408.0,63.95745615817379,55.91042750043599,65.0
409.0,63.95745615817379,55.82842712474619,65.0
410.0,63.95745615817379,55.75298880644675,65.0
411.0,63.95745615817379,55.68328157299974,65.0
412.0,63.95745615817379,55.61861468283191,65.0
413.0,63.95745615817379,55.55840859626733,65.0
414.0,63.95745615817379,55.502172968684896,65.0
415.0,63.95745615817379,55.44948974278318,65.0
416.0,63.95745615817379,55.4,65.0
417.0,63.95745615817379,55.3533936216582,65.0
418.0,63.95745615817379,55.30940107675851,65.0
419.0,63.95745615817379,55.26778683805535,65.0
420.0,63.95745615817379,55.22834405812463,65.0
421.0,63.95745615817379,55.19089023002067,65.0
422.0,63.95745615817379,55.1552636243213,65.0
423.0,63.95745615817379,55.12132034355964,65.0
424.0,63.95745615817379,55.08893187146837,65.0
425.0,63.95745615817379,55.05798302171011,65.0
426.0,63.95745615817379,55.02837021134845,65.0
427.0,63.95745615817379,55.0,65.0
428.0,63.95745615817379,54.9727878476643,65.0
429.0,63.95745615817379,54.94665705356914,65.0
430.0,63.95745615817379,54.92153784566104,65.0
431.0,63.95745615817379,54.89736659610103,65.0
432.0,63.95745615817379,54.87408514266328,65.0
433.0,63.95745615817379,54.8516401995451,65.0
434.0,63.95745615817379,54.82998284399125,65.0
435.0,63.95745615817379,54.80906806746659,65.0
436.0,63.95745615817379,54.78885438199984,65.0
437.0,63.95745615817379,54.76930347385877,65.0
438.0,63.95745615817379,54.75037989797473,65.0
439.0,63.95745615817379,54.732050807568875,65.0
440.0,63.95745615817379,54.71428571428572,65.0
441.0,63.95745615817379,54.697056274847704,65.0
442.0,63.95745615817379,54.68033610083362,65.0
443.0,63.95745615817379,54.664100588675694,65.0
444.0,63.95745615817379,54.648326767384276,65.0
445.0,63.95745615817379,54.63299316185546,65.0
446.0,63.95745615817379,54.618079669911786,65.0
447.0,63.95745615817379,54.603567451474554,65.0
448.0,63.95745615817379,54.58943882847806,65.0
449.0,63.95745615817379,54.575677194316675,65.0
450.0,63.95745615817379,54.5622669317699,65.0
451.0,63.95745615817379,54.54919333848297,65.0
452.0,59.77818333770934,54.53644255919475,65.0
453.0,57.68459117146495,54.52581865118182,65.0
454.0,57.68459117146495,54.507398554229745,65.0
455.0,57.68459117146495,54.48926419720612,65.0
456.0,57.68459117146495,54.471404547289914,65.0
457.0,57.68459117146495,54.45277208848531,65.0
458.0,57.68459117146495,54.45295380396325,65.0
459.0,57.68459117146495,54.416582373892595,65.0
460.0,57.68459117146495,54.33654173656658,65.0
461.0,57.68459117146495,54.13738179233931,65.0
462.0,57.68459117146495,58.873503020129874,65.0
463.0,57.68459117146495,55.44217590508998,65.0
464.0,57.68459117146495,55.34153231984803,65.0
465.0,57.68459117146495,55.25345925217291,65.0
466.0,57.68459117146495,55.17546625099459,65.0
467.0,57.68459117146495,55.10570548850052,65.0
468.0,57.68459117146495,55.042773188555714,65.0
469.0,57.68459117146495,54.98558119907985,65.0
470.0,57.68459117146495,54.93327120503337,65.0
471.0,57.68459117146495,54.88515580941504,65.0
472.0,57.68459117146495,54.84067707670541,65.0
473.0,57.68459117146495,54.799376736919726,65.0
474.0,57.68459117146495,54.760874363791466,65.0
475.0,57.68459117146495,54.72485112262456,65.0
476.0,57.68459117146495,54.691037482608095,65.0
477.0,57.68459117146495,54.659203799395165,65.0
478.0,57.68459117146495,54.629153007937646,65.0
479.0,57.68459117146495,54.60071488863431,65.0
480.0,57.68459117146495,54.57374152152377,65.0
481.0,57.68459117146495,54.54810364814335,65.0
482.0,57.68459117146495,54.523687734339745,65.0
483.0,57.68459117146495,54.50039357979389,65.0
484.0,57.68459117146495,54.47813235789727,65.0
485.0,57.68459117146495,54.45682499728693,65.0
486.0,57.68459117146495,54.43640083678912,65.0
487.0,57.68459117146495,46.183085846245184,65.0
488.0,57.68459117146495,51.531610929629856,65.0
489.0,57.68459117146495,51.49412740291866,65.0
490.0,57.68459117146495,51.45815409277359,65.0
491.0,57.68459117146495,51.423592220786105,65.0
492.0,57.68459117146495,51.390351824692935,65.0
493.0,57.68459117146495,51.35835077168321,65.0
494.0,57.68459117146495,51.327513903421995,65.0
495.0,57.68459117146495,51.29777229249944,65.0
496.0,57.68459117146495,51.269062593538116,65.0
497.0,57.68459117146495,51.24132647503732,65.0
498.0,57.68459117146495,51.21451012034313,65.0
499.0,57.68459117146495,51.18856378801868,65.0
500.0,57.68459117146495,51.16344142343462,65.0
501.0,57.68459117146495,51.13910031467248,65.0
502.0,57.68459117146495,51.115500786887,65.0
503.0,57.68459117146495,51.09260593014806,65.0
504.0,57.68459117146495,51.07038135651204,65.0
505.0,57.68459117146495,51.048794982683525,65.0
506.0,57.68459117146495,51.02781683514086,65.0
507.0,57.68459117146495,51.00741887503211,65.0
508.0,57.68459117146495,50.987574840513524,65.0
509.0,57.68459117146495,50.96826010451364,65.0
510.0,57.68459117146495,50.94945154617014,65.0
511.0,57.68459117146495,50.93112743441305,65.0
512.0,57.68459117146495,50.913267322360525,65.0
513.0,57.68459117146495,50.89585195136027,65.0
514.0,54.863761561737,50.87886316365209,65.0
515.0,54.863761561737,50.85346299314148,65.0
516.0,54.863761561737,50.82845608153835,65.0
517.0,54.863761561737,50.803827123063364,65.0
518.0,54.863761561737,50.77956163319784,65.0
519.0,54.863761561737,50.76068011517844,65.0
520.0,54.863761561737,50.67446369801346,65.0
521.0,54.863761561737,50.46578627335657,65.0
522.0,54.863761561737,49.923656180756076,65.0
523.0,54.863761561737,48.474559335367495,65.0
524.0,54.863761561737,44.69765065474406,65.0
525.0,54.863761561737,44.55459199378561,65.0
526.0,54.863761561737,44.42838967743168,65.0
527.0,54.863761561737,44.31577934768518,65.0
528.0,54.863761561737,44.21432662422786,65.0
529.0,54.863761561737,44.12217367660664,65.0
530.0,54.863761561737,44.03787440717658,64.99999999999999
531.0,54.863761561737,43.96028381051337,65.0
532.0,54.863761561737,43.88848164594393,65.0
533.0,54.863761561737,43.82171851537827,65.0
534.0,54.863761561737,43.75937696571601,65.0
535.0,54.863761561737,43.700942905530006,65.0
536.0,54.863761561737,43.645984251436154,65.0
537.0,54.863761561737,43.59413473728048,65.0
538.0,54.863761561737,43.54508147244272,65.0
539.0,47.31971422483096,43.49855526423007,65.0
540.0,47.31971422483096,43.45174001522225,65.0
541.0,47.31971422483096,43.40701564929403,65.0
542.0,47.31971422483096,43.36420428814227,65.0
543.0,47.31971422483096,43.32314931933664,65.0
544.0,47.31971422483096,43.2851863617802,65.0
545.0,47.31971422483096,43.22890195267794,65.0
546.0,47.31971422483096,43.138047364197575,65.0
547.0,47.31971422483096,42.95074325178718,65.0
548.0,47.31971422483096,42.498963108485206,65.0
549.0,47.31971422483096,48.636441701761726,65.0
550.0,47.31971422483096,55.76215669529625,65.0
551.0,47.31971422483096,70.48361497808345,65.0
552.0,47.31971422483096,65.0,65.0
553.0,47.31971422483096,65.0,65.0
554.0,47.31971422483096,65.0,65.0
555.0,47.31971422483096,65.0,65.0
556.0,47.31971422483096,65.0,65.0
557.0,47.31971422483096,65.0,65.0
558.0,47.31971422483096,65.0,65.0
559.0,47.31971422483096,65.0,65.0
560.0,47.31971422483096,65.0,65.0
561.0,47.31971422483096,65.0,65.0
562.0,47.31971422483096,65.0,65.0
563.0,47.31971422483096,65.0,65.0
564.0,47.31971422483096,65.0,65.0
565.0,47.31971422483096,65.0,65.0
566.0,47.31971422483096,65.0,65.0
567.0,47.31971422483096,65.0,65.0
568.0,47.31971422483096,65.0,65.0
569.0,47.31971422483096,65.0,65.0
570.0,47.31971422483096,65.0,65.0
571.0,47.31971422483096,65.0,65.0
572.0,47.31971422483096,65.0,65.0
573.0,47.31971422483096,65.0,65.0
574.0,47.31971422483096,65.0,65.0
575.0,49.41115063506319,65.0,65.0
576.0,49.41115063506319,65.012,65.0
577.0,49.41115063506319,65.024,65.0
578.0,49.41115063506319,65.036,65.0
579.0,49.41115063506319,65.048,65.0
580.0,49.41115063506319,65.05315136214305,65.0
581.0,49.41115063506319,65.15036432870215,65.0
582.0,49.41115063506319,65.41461656919036,65.0
583.0,49.41115063506319,66.132928632639,65.0
584.0,49.41115063506319,68.08550326187435,65.0
585.0,49.41115063506319,73.20526680779794,65.0
586.0,49.41115063506319,73.38186386506683,65.0
587.0,49.41115063506319,73.53589838486225,65.0
588.0,49.41115063506319,73.67179882264863,65.0
589.0,49.41115063506319,73.7928650970509,65.0
590.0,49.41115063506319,73.90161332303407,65.0
591.0,49.41115063506319,74.0,65.0
592.0,49.41115063506319,74.089572499564,65.0
593.0,49.41115063506319,74.17157287525382,65.0
594.0,49.41115063506319,74.24701119355326,65.0
595.0,49.41115063506319,74.31671842700025,65.0
596.0,49.41115063506319,74.3813853171681,65.0
597.0,49.41115063506319,74.44159140373269,65.0
598.0,49.41115063506319,74.49782703131511,65.0
599.0,49.41115063506319,74.55051025721683,65.0
600.0,49.41115063506319,74.60000000000001,65.0
601.0,59.64391579418457,74.64660637834179,65.0
602.0,68.41453398574876,74.68244824451718,65.0
603.0,74.63956274264676,74.70776800091157,65.0
604.0,74.63956274264676,74.74485034358496,65.0
605.0,74.63956274264676,74.77994373443157,65.0
606.0,74.63956274264676,74.81786165677953,65.0
607.0,74.63956274264676,74.79621370428025,65.0
608.0,74.63956274264676,74.58912391739305,65.0
609.0,74.63956274264676,74.06572448876433,65.0
610.0,74.63956274264676,72.5884624473491,65.0
611.0,74.63956274264676,68.64833770713824,65.0
612.0,74.63956274264676,63.765548759367825,65.0
613.0,74.63956274264676,56.35832667789674,65.0
614.0,74.63956274264676,65.0,65.0
615.0,74.63956274264676,65.0,65.0
616.0,74.63956274264676,65.0,65.0
617.0,74.63956274264676,65.0,65.0
618.0,74.63956274264676,65.0,65.0
619.0,74.63956274264676,65.0,65.0
620.0,74.63956274264676,65.0,65.0
621.0,74.63956274264676,65.0,65.0
622.0,74.63956274264676,65.0,65.0
623.0,74.63956274264676,65.0,65.0
624.0,74.63956274264676,65.0,65.0
625.0,74.63956274264676,65.0,65.0
626.0,74.63956274264676,65.0,65.0
627.0,74.63956274264676,65.0,65.0
628.0,74.63956274264676,65.0,65.0
629.0,74.63956274264676,65.0,65.0
630.0,74.63956274264676,65.0,65.0
631.0,74.63956274264676,65.0,65.0
632.0,74.63956274264676,65.0,65.0
633.0,74.63956274264676,65.0,65.0
634.0,74.63956274264676,65.0,65.0
635.0,74.63956274264676,65.0,65.0
636.0,74.63956274264676,65.0,65.0
637.0,74.63956274264676,65.0,65.0
638.0,74.63956274264676,65.0,65.0
639.0,74.63956274264676,65.0,65.0
640.0,74.63956274264676,65.0,65.0
641.0,74.63956274264676,65.0,65.0
642.0,74.63956274264676,65.0,65.0
643.0,74.63956274264676,65.0,65.0
644.0,74.63956274264676,65.0,65.0
645.0,74.63956274264676,65.0,65.0
646.0,74.63956274264676,65.0,65.0
647.0,74.63956274264676,65.0,65.0
648.0,74.63956274264676,65.0,65.0
649.0,74.63956274264676,65.0,65.0
650.0,74.63956274264676,65.0,65.0
651.0,74.63956274264676,65.0,65.0
652.0,74.63956274264676,65.0,65.0
653.0,74.63956274264676,65.0,65.0
654.0,74.63956274264676,65.0,65.0
655.0,74.63956274264676,65.0,65.0
656.0,74.63956274264676,65.0,65.0
657.0,74.63956274264676,65.0,65.0
658.0,74.63956274264676,65.0,65.0
659.0,74.63956274264676,65.0,65.0
660.0,74.63956274264676,65.0,65.0
661.0,74.63956274264676,65.0,65.0
662.0,74.63956274264676,65.0,65.0
663.0,72.70551769126021,65.0,65.0
664.0,70.78022655133671,65.012,65.0
665.0,65.01679999999999,65.0180024,65.0
666.0,65.01679999999999,65.00601920000001,65.00000000000001
667.0,65.01679999999999,64.994036,64.99999999999999
668.0,65.01679999999999,64.97520416214307,65.0
669.0,65.01679999999999,65.05185687790305,65.0
670.0,65.01679999999999,65.259801216125,65.0
671.0,65.01679999999999,65.70033721549886,65.0
672.0,65.01679999999999,66.89783821737888,65.0
673.0,65.01679999999999,69.96509884291382,65.0
674.0,65.01679999999999,64.65631922563215,65.0
675.0,65.01679999999999,52.61204184588789,65.0
676.0,65.01679999999999,56.54617880025845,65.0
677.0,65.01679999999999,56.401300115363036,65.0
678.0,65.01679999999999,56.2728953326987,65.0
679.0,65.01679999999999,56.15805825866094,65.0
680.0,65.01679999999999,56.054553983812184,65.0
681.0,65.01679999999999,55.96063166471791,65.0
682.0,65.01679999999999,55.87489745616597,65.0
683.0,65.01679999999999,55.79622599698527,65.0
684.0,65.01679999999999,55.72369733788607,65.0
685.0,65.01679999999999,55.656551092350064,65.0
686.0,65.01679999999999,55.594152511957226,65.0
687.0,65.01679999999999,55.53596698444387,65.0
688.0,65.01679999999999,55.481540588598016,65.0
689.0,65.01679999999999,55.43048507549448,65.0
690.0,65.01679999999999,55.382466132104774,65.0
691.0,65.01679999999999,55.33719411154434,65.0
692.0,65.01679999999999,55.29441663960862,65.0
693.0,65.01679999999999,55.25391266454315,65.0
694.0,65.01679999999999,55.215487628403395,65.0
695.0,65.01679999999999,55.17896951835411,65.0
696.0,65.01679999999999,55.14420561442203,65.0
697.0,65.01679999999999,55.11105979300229,65.0
698.0,65.01679999999999,55.07941027723631,65.0
699.0,65.01679999999999,55.04914774927832,65.0
700.0,65.01679999999999,55.02017375758968,65.0
701.0,65.01679999999999,54.99239936626261,65.0
702.0,65.01679999999999,54.96574400406694,65.0
703.0,65.01679999999999,54.94013447922455,65.0
704.0,65.01679999999999,54.91550413242354,65.0
705.0,65.01679999999999,54.891792105715176,65.0
706.0,65.01679999999999,54.86894270900721,65.0
707.0,65.01679999999999,54.84690486911956,65.0
708.0,65.01679999999999,54.82563164897783,65.0
709.0,65.01679999999999,54.80507982662982,65.0
710.0,65.01679999999999,54.785209525481726,65.0
711.0,65.01679999999999,54.765983888547616,65.0
712.0,65.01679999999999,54.7473687906511,65.0
713.0,65.01679999999999,54.72933258346141,65.0
714.0,65.01679999999999,54.71184586902603,65.0
715.0,65.01679999999999,54.69488129811055,65.0
716.0,65.01679999999999,54.67841339019659,65.0
717.0,65.01679999999999,54.66241837244104,65.0
718.0,65.01679999999999,54.64687403528054,65.0
719.0,65.01679999999999,54.631759602684895,65.0
720.0,65.01679999999999,54.6170556153349,65.0
721.0,65.01679999999999,54.602743825230014,65.0
722.0,65.01679999999999,54.58880710042711,65.0
723.0,65.01679999999999,54.575229338779195,65.0
724.0,65.01679999999999,54.56199538968602,65.0
725.0,65.01679999999999,54.54909098299162,65.0
726.0,58.738936926050656,54.53650266427004,65.0
727.0,56.642176314307555,54.53594467275764,65.0
728.0,56.642176314307555,54.52758611610199,65.0
729.0,56.642176314307555,54.51950761372691,65.0
730.0,56.642176314307555,54.511698432975855,65.0
731.0,56.642176314307555,54.497455613025814,65.0
732.0,56.642176314307555,54.57804727430521,65.0
733.0,56.642176314307555,54.76003765958626,65.0
734.0,56.642176314307555,55.27334771630503,65.0
735.0,56.642176314307555,56.686871645344276,65.0
736.0,56.642176314307555,60.363429566025395,65.0
737.0,56.642176314307555,66.62626157204429,65.0
738.0,56.642176314307555,66.7487069330151,65.0
739.0,56.642176314307555,66.85627234239195,65.0
740.0,56.642176314307555,66.95167978098016,65.0
741.0,56.642176314307555,67.03700409401475,65.0
742.0,56.642176314307555,67.11385812144731,65.0
743.0,56.642176314307555,67.18351696574932,65.0
744.0,56.642176314307555,67.24700371264412,65.0
745.0,56.642176314307555,67.30514998250187,65.0
746.0,56.642176314307555,67.358639604159,65.0
747.0,56.642176314307555,67.40804070282856,65.0
748.0,56.642176314307555,67.45382966736939,65.0
749.0,56.642176314307555,67.49640931882908,65.0
750.0,56.642176314307555,67.53612286837878,65.0
751.0,56.642176314307555,67.57326477117299,65.0
752.0,56.642176314307555,67.60808926016661,65.0
753.0,56.642176314307555,67.64081712396884,65.0
754.0,56.642176314307555,67.67164114027192,65.0
755.0,56.642176314307555,67.70073046898024,65.0
756.0,56.642176314307555,67.72823423245532,65.0
757.0,56.642176314307555,67.75428445479938,65.0
758.0,56.642176314307555,67.77899849146937,65.0
759.0,56.642176314307555,67.80248105043397,65.0
760.0,56.642176314307555,67.82482588358373,65.0
761.0,56.642176314307555,67.84611721011063,65.0
762.0,56.642176314307555,67.86643092061924,65.0
763.0,56.642176314307555,67.88583560077723,65.0
764.0,56.642176314307555,67.90439340559864,65.0
765.0,56.642176314307555,67.92216080943332,65.0
766.0,56.642176314307555,67.93918925200235,65.0
767.0,56.642176314307555,67.95552569707523,65.0
768.0,56.642176314307555,65.0,65.0
769.0,56.642176314307555,65.0,65.0
770.0,56.642176314307555,65.0,65.0
771.0,56.642176314307555,65.0,65.0
772.0,56.642176314307555,65.0,65.0
773.0,56.642176314307555,65.0,65.0
774.0,56.642176314307555,65.0,65.0
775.0,56.642176314307555,65.0,65.0
776.0,56.642176314307555,64.99999999999999,64.99999999999999
777.0,56.642176314307555,65.0,65.0
778.0,56.642176314307555,65.0,65.0
779.0,56.642176314307555,65.0,65.0
780.0,56.642176314307555,65.0,65.0
781.0,56.642176314307555,65.00000000000001,65.00000000000001
782.0,56.642176314307555,64.99999999999999,64.99999999999999
783.0,56.642176314307555,65.00000000000001,65.00000000000001
784.0,56.642176314307555,64.99999999999999,64.99999999999999
785.0,56.642176314307555,65.00000000000001,65.00000000000001
786.0,56.642176314307555,64.99999999999999,64.99999999999999
787.0,56.642176314307555,65.00000000000001,65.00000000000001
788.0,62.91701819659832,64.99999999999999,64.99999999999999
789.0,62.91701819659832,65.00000000000001,65.00000000000001
790.0,62.91701819659832,65.0,65.0
791.0,62.91701819659832,65.0,65.0
792.0,62.91701819659832,65.0,65.0
793.0,62.91701819659832,65.0,65.0
794.0,62.91701819659832,65.0,65.0
795.0,62.91701819659832,65.00000000000001,65.00000000000001
796.0,62.91701819659832,64.99999999999999,65.0
797.0,62.91701819659832,65.0,65.0
798.0,62.91701819659832,65.0,64.99999999999999
799.0,62.91701819659832,64.99999999999999,65.0
800.0,62.91701819659832,56.46410161513776,65.0
801.0,62.91701819659832,56.32820117735137,65.0
802.0,62.91701819659832,56.207134902949086,65.0
803.0,62.91701819659832,56.09838667696594,65.00000000000001
804.0,62.91701819659832,55.99999999999999,65.0
805.0,62.91701819659832,55.91042750043599,65.0
806.0,62.91701819659832,55.828427124746185,65.0
807.0,62.91701819659832,55.75298880644675,65.0
808.0,62.91701819659832,55.68328157299974,65.0
809.0,62.91701819659832,55.61861468283191,65.0
810.0,62.91701819659832,55.55840859626732,65.0
811.0,62.91701819659832,55.502172968684896,65.0
812.0,62.91701819659832,55.44948974278318,65.0
813.0,62.91701819659832,55.4,65.0
814.0,62.91701819659832,55.3533936216582,65.0
815.0,62.91701819659832,55.30940107675851,65.0
816.0,62.91701819659832,55.26778683805535,65.0
817.0,62.91701819659832,55.22834405812463,65.0
818.0,62.91701819659832,55.19089023002066,65.0
819.0,62.91701819659832,55.1552636243213,65.0
820.0,62.91701819659832,55.12132034355963,65.0
821.0,62.91701819659832,55.08893187146837,65.0
822.0,62.91701819659832,55.0579830217101,65.0
823.0,62.91701819659832,55.02837021134845,65.0
824.0,62.91701819659832,54.99999999999999,65.0
825.0,62.91701819659832,54.9727878476643,65.0
826.0,62.91701819659832,54.94665705356914,65.0
827.0,62.91701819659832,54.92153784566104,65.0
828.0,62.91701819659832,54.89736659610102,65.0
829.0,62.91701819659832,54.87408514266328,65.0
830.0,62.91701819659832,54.851640199545095,65.0
831.0,62.91701819659832,54.82998284399125,65.0
832.0,62.91701819659832,54.809068067466576,65.0
833.0,62.91701819659832,54.78885438199984,65.0
834.0,62.91701819659832,54.76930347385876,65.0
835.0,62.91701819659832,54.75037989797473,65.0
836.0,62.91701819659832,54.73205080756887,65.0
837.0,62.91701819659832,54.71428571428572,65.0
838.0,62.91701819659832,54.697056274847704,65.0
839.0,62.91701819659832,54.68033610083361,65.0
840.0,62.91701819659832,54.66410058867569,65.0
841.0,62.91701819659832,54.648326767384276,65.0
842.0,62.91701819659832,54.632993161855445,65.0
843.0,62.91701819659832,54.618079669911786,65.0
844.0,62.91701819659832,54.60356745147454,65.0
845.0,62.91701819659832,54.58943882847806,65.0
846.0,62.91701819659832,54.57567719431666,65.0
847.0,62.91701819659832,54.5622669317699,65.0
848.0,62.91701819659832,54.54919333848296,65.0
849.0,62.91701819659832,54.53644255919475,65.0
850.0,58.72315111675697,54.52400152400228,65.0
851.0,56.62390415286672,54.49567122495708,65.0
852.0,56.62390415286672,54.47752741887643,65.0
853.0,56.62390415286672,54.45965831990319,65.0
854.0,56.62390415286672,54.442053482540956,65.0
855.0,56.62390415286672,54.43394106076595,65.0
856.0,56.62390415286672,54.296242181945125,65.0
857.0,56.62390415286672,54.009418546416754,65.0
858.0,56.62390415286672,53.248164135741725,65.0
859.0,56.62390415286672,51.196874033630245,65.0
860.0,56.62390415286672,51.184847086922474,65.0
861.0,56.62390415286672,55.16590358042736,65.0
862.0,56.62390415286672,55.09907072639612,65.0
863.0,56.62390415286672,55.03817876671719,65.0
864.0,56.62390415286672,54.982427078107634,65.0
865.0,56.62390415286672,54.93114133144928,65.0
866.0,56.62390415286672,54.88375550513113,65.0
867.0,56.62390415286672,54.83979385526093,65.0
868.0,56.62390415286672,54.79885504256338,65.0
869.0,56.62390415286672,54.7605988597465,65.0
870.0,56.62390415286672,54.724735381035494,65.0
871.0,56.62390415286672,54.69101617460404,65.0
872.0,56.62390415286672,54.65922720452087,65.0
873.0,56.62390415286672,54.62918309165584,65.0
874.0,56.62390415286672,54.60072245926727,65.0
875.0,56.62390415286672,54.57370414249099,65.0
876.0,56.62390415286672,54.54800408658025,65.0
877.0,56.62390415286672,54.52351279581581,65.0
878.0,56.62390415286672,54.500133224413446,65.0
879.0,56.62390415286672,54.47777902380818,65.0
880.0,56.62390415286672,54.45637307867688,65.0
881.0,56.62390415286672,54.43584627806672,65.0
882.0,56.62390415286672,54.41613647892189,65.0
883.0,56.62390415286672,54.39718762784191,65.0
884.0,56.62390415286672,54.378949013607574,65.0
885.0,56.62390415286672,54.36137462829074,65.0
886.0,56.62390415286672,51.51111076679888,65.0
887.0,56.62390415286672,51.47440459593353,65.0
888.0,56.62390415286672,51.439157057221045,65.0
889.0,56.62390415286672,51.405274035911226,65.0
890.0,56.62390415286672,51.37266970511692,65.0
891.0,56.62390415286672,51.341265610455935,65.0
892.0,56.62390415286672,51.31098987529929,65.0
893.0,56.62390415286672,51.28177650828429,65.0
894.0,56.62390415286672,51.253564797896445,65.0
895.0,56.62390415286672,51.22629878147087,65.0
896.0,56.62390415286672,51.19992677803854,65.00000000000001
897.0,56.62390415286672,51.17440097613896,65.0
898.0,56.62390415286672,51.14967706911597,65.0
899.0,56.62390415286672,51.125713931564555,65.0
900.0,56.62390415286672,51.10247333155163,65.0
901.0,56.62390415286672,51.07991967402802,64.99999999999999
902.0,56.62390415286672,51.05801977151376,65.0
903.0,56.62390415286672,51.03674263869534,65.0
904.0,56.62390415286672,51.01605930804296,65.0
905.0,56.62390415286672,50.99594266395212,65.0
906.0,56.62390415286672,50.97636729324933,65.0
907.0,56.62390415286672,50.95730935018759,65.0
908.0,56.62390415286672,50.938746434300526,65.0
909.0,56.62390415286672,50.92065747969235,65.0
910.0,56.62390415286672,50.90302265451964,65.0
911.0,53.802788613082015,50.885823269574054,65.0
912.0,53.802788613082015,50.86022057946852,65.0
913.0,53.802788613082015,50.83501905328176,65.0
914.0,53.802788613082015,50.81020295851946,65.0
915.0,53.802788613082015,50.78575741313151,65.0
916.0,53.802788613082015,50.766702712789,65.0
917.0,53.802788613082015,50.68031728357138,65.0
918.0,53.802788613082015,50.471472907096064,65.0
919.0,53.802788613082015,49.929170781277456,65.0
920.0,53.802788613082015,48.479877947570394,65.0
921.0,53.802788613082015,44.702703001061074,65.0
922.0,53.802788613082015,44.55950079694438,65.0
923.0,53.802788613082015,44.433160180404165,65.0
924.0,53.802788613082015,44.32041646795981,65.0
925.0,53.802788613082015,44.21883499375564,65.0
926.0,53.802788613082015,44.12655767259792,65.0
927.0,53.802788613082015,44.04213817669909,65.0
928.0,53.802788613082015,43.96443129071821,65.0
929.0,53.802788613082015,43.89251658109592,65.0
930.0,53.802788613082015,43.825644471474824,65.0
931.0,53.802788613082015,43.763197343234594,65.0
932.0,53.802788613082015,43.70466095068605,65.0
933.0,53.802788613082015,43.64960306622992,65.0
934.0,53.802788613082015,43.5976572885396,65.0
935.0,53.802788613082015,43.54851060001869,65.0
936.0,53.802788613082015,43.50189368847098,65.0
937.0,49.50316735077621,43.45757333499832,65.0
938.0,49.50316735077621,43.40504674467678,65.0
939.0,49.50316735077621,43.3544355599235,65.0
940.0,47.2584374441796,43.3055830731517,65.0
941.0,47.2584374441796,43.26601573713422,65.0
942.0,47.2584374441796,43.23382347023099,65.0
943.0,47.2584374441796,43.124001515495344,65.0
944.0,47.2584374441796,42.87209794686257,65.0
945.0,47.2584374441796,42.22729938730469,65.0
946.0,47.2584374441796,40.58305624178851,65.0
947.0,47.2584374441796,36.328154682657036,65.0
948.0,47.2584374441796,43.882222206576465,65.0
949.0,47.2584374441796,44.97388711380312,65.0
950.0,47.2584374441796,62.95661451122038,65.0
951.0,47.2584374441796,65.0,65.0
952.0,47.2584374441796,65.0,65.0
953.0,47.2584374441796,65.0,65.0
954.0,47.2584374441796,65.0,65.0
955.0,47.2584374441796,65.0,65.0
956.0,47.2584374441796,65.0,65.0
957.0,47.2584374441796,65.0,65.0
958.0,47.2584374441796,65.0,65.0
959.0,47.2584374441796,65.0,65.0
960.0,47.2584374441796,65.0,65.0
961.0,47.2584374441796,65.0,65.0
962.0,47.2584374441796,65.0,65.0
963.0,47.2584374441796,65.0,65.0
964.0,47.2584374441796,65.0,65.0
965.0,47.2584374441796,65.0,65.0
966.0,47.2584374441796,65.0,65.0
967.0,47.2584374441796,65.0,65.0
968.0,47.2584374441796,65.0,65.0
969.0,47.2584374441796,65.0,65.0
970.0,47.2584374441796,65.0,65.0
971.0,47.2584374441796,65.0,65.0
972.0,47.2584374441796,65.0,65.0
973.0,49.357684408069844,65.0,65.0
974.0,49.357684408069844,65.012,65.0
975.0,49.357684408069844,65.024,65.0
976.0,49.357684408069844,65.03599999999999,65.0
977.0,49.357684408069844,65.048,65.0
978.0,49.357684408069844,65.05315136214305,65.0
979.0,49.357684408069844,65.15036432870217,65.0
980.0,49.357684408069844,65.41461656919034,65.0
981.0,49.357684408069844,66.132928632639,65.0
982.0,49.357684408069844,68.08550326187435,65.0
983.0,49.357684408069844,73.20526680779794,65.0
984.0,49.357684408069844,73.38186386506683,65.0
985.0,49.357684408069844,73.53589838486225,65.0
986.0,49.357684408069844,73.67179882264863,65.0
987.0,49.357684408069844,73.79286509705092,65.0
988.0,49.357684408069844,73.90161332303406,65.0
989.0,49.357684408069844,74.0,65.0
990.0,49.357684408069844,74.089572499564,65.0
991.0,49.357684408069844,74.17157287525382,65.0
992.0,49.357684408069844,74.24701119355326,65.0
993.0,49.357684408069844,74.31671842700025,65.0
994.0,49.357684408069844,74.3813853171681,65.0
995.0,49.357684408069844,74.44159140373269,65.0
996.0,49.357684408069844,74.4978270313151,65.0
997.0,49.357684408069844,74.55051025721683,65.0
998.0,49.357684408069844,74.6,65.0
999.0,49.357684408069844,74.6466063783418,65.0
1000.0,53.3885156808792,74.6905989232415,65.0
1001.0,59.633767199530865,74.7281512817293,65.0
1002.0,74.7339807938748,74.75947781170102,65.0
1003.0,74.7339807938748,74.79466562059885,65.0
1004.0,74.7339807938748,74.8280262070921,65.0
1005.0,74.7339807938748,74.86202166419874,65.0
1006.0,74.7339807938748,74.8656142876801,65.0
1007.0,74.7339807938748,74.77678300405661,65.0
1008.0,74.7339807938748,74.52136618433862,65.0
1009.0,74.7339807938748,73.77494553166915,65.0
1010.0,74.7339807938748,71.75965481486219,65.0
1011.0,74.7339807938748,70.94814241187244,65.0
1012.0,74.7339807938748,73.35743983724655,65.0
1013.0,74.7339807938748,56.40519531520257,65.0
1014.0,74.7339807938748,65.0,65.0
1015.0,74.7339807938748,65.0,65.0
1016.0,74.7339807938748,65.0,65.0
1017.0,74.7339807938748,65.0,65.0
1018.0,74.7339807938748,65.0,65.0
1019.0,74.7339807938748,65.0,65.0
1020.0,74.7339807938748,65.0,65.0
1021.0,74.7339807938748,65.0,65.0
1022.0,74.7339807938748,65.0,65.0
1023.0,74.7339807938748,65.0,65.0
1024.0,74.7339807938748,65.0,65.0
1025.0,74.7339807938748,65.0,65.0
1026.0,74.7339807938748,65.00000000000001,65.00000000000001
1027.0,74.7339807938748,64.99999999999999,64.99999999999999
1028.0,74.7339807938748,65.00000000000001,65.00000000000001
1029.0,74.7339807938748,64.99999999999999,64.99999999999999
1030.0,74.7339807938748,65.00000000000001,65.00000000000001
1031.0,74.7339807938748,64.99999999999999,64.99999999999999
1032.0,74.7339807938748,65.00000000000001,65.00000000000001
1033.0,74.7339807938748,64.99999999999999,64.99999999999999
1034.0,74.7339807938748,65.00000000000001,65.00000000000001
1035.0,74.7339807938748,64.99999999999999,64.99999999999999
1036.0,74.7339807938748,65.00000000000001,65.00000000000001
1037.0,74.7339807938748,64.99999999999999,64.99999999999999
1038.0,74.7339807938748,65.00000000000001,65.00000000000001
1039.0,74.7339807938748,64.99999999999999,64.99999999999999
1040.0,74.7339807938748,65.00000000000001,65.00000000000001
1041.0,74.7339807938748,64.99999999999999,64.99999999999999
1042.0,74.7339807938748,65.00000000000001,65.00000000000001
1043.0,74.7339807938748,64.99999999999999,64.99999999999999
1044.0,74.7339807938748,65.00000000000001,65.00000000000001
1045.0,74.7339807938748,64.99999999999999,64.99999999999999
1046.0,74.7339807938748,65.00000000000001,65.00000000000001
1047.0,74.7339807938748,64.99999999999999,64.99999999999999
1048.0,74.7339807938748,65.00000000000001,65.00000000000001
1049.0,74.7339807938748,64.99999999999999,64.99999999999999
1050.0,74.7339807938748,65.00000000000001,65.00000000000001
1051.0,74.7339807938748,64.99999999999999,64.99999999999999
1052.0,74.7339807938748,65.00000000000001,65.00000000000001
1053.0,74.7339807938748,64.99999999999999,64.99999999999999
1054.0,74.7339807938748,65.00000000000001,65.00000000000001
1055.0,74.7339807938748,64.99999999999999,64.99999999999999
1056.0,74.7339807938748,65.00000000000001,65.00000000000001
1057.0,74.7339807938748,64.99999999999999,64.99999999999999
1058.0,74.7339807938748,65.00000000000001,65.00000000000001
1059.0,74.7339807938748,64.99999999999999,64.99999999999999
1060.0,74.7339807938748,65.00000000000001,65.00000000000001
1061.0,74.7339807938748,64.99999999999999,64.99999999999999
1062.0,74.7339807938748,65.00000000000001,65.00000000000001
1063.0,74.7339807938748,64.99999999999999,64.99999999999999
1064.0,70.83564410124002,65.00000000000001,65.00000000000001
1065.0,65.0048,65.00599999999999,64.99999999999999
1066.0,65.0048,64.99400480000001,65.00000000000001
1067.0,65.0048,64.9820096,65.0
1068.0,65.0048,64.9700144,65.0
1069.0,65.0048,64.95459488107154,65.0
1070.0,65.0048,64.99547638168134,65.0
1071.0,65.0048,64.98182193727342,65.0
1072.0,65.0048,64.94470530916165,65.0
1073.0,65.0048,64.84381185343175,65.0
1074.0,65.0048,64.47561271239219,65.0
1075.0,65.0048,52.60626283971097,65.0
1076.0,65.0048,56.54279524780847,65.0
1077.0,65.0048,56.39785857592153,65.0
1078.0,65.0048,56.26940239991475,65.0
1079.0,65.0048,56.15451936297692,65.0
1080.0,65.0048,56.05097366114757,65.0
1081.0,65.0048,55.957013750218,65.0
1082.0,65.0048,55.87124522709101,65.0
1083.0,65.0048,55.79254228017152,65.0
1084.0,65.0048,55.71998459196195,65.0
1085.0,65.0048,55.65281147160123,65.0
1086.0,65.0048,55.590387916613054,65.0
1087.0,65.0048,55.532179100756856,65.0
1088.0,65.0048,55.4777309211403,65.0
1089.0,65.0048,55.42665497344303,65.0
1090.0,65.0048,55.3786168108291,65.0
1091.0,65.0048,55.33332667048402,65.0
1092.0,65.0048,55.290532077191585,65.0
1093.0,65.0048,55.250011890722384,65.0
1094.0,65.0048,55.21157147526102,65.0
1095.0,65.0048,55.17503874912497,65.0
1096.0,65.0048,55.14026093121561,65.0
1097.0,65.0048,55.10710184344529,65.0
1098.0,65.0048,55.07543966021495,65.0
1099.0,65.0048,55.04516501992492,65.0
1100.0,65.0048,55.01617943163195,65.0
1101.0,65.0048,54.98839392383214,65.0
1102.0,65.0048,54.96172789304719,65.0
1103.0,65.0048,54.93610811820438,65.0
1104.0,65.0048,54.9114679133119,65.0
1105.0,65.0048,54.887746396062916,65.0
1106.0,65.0048,54.864887854075654,65.0
1107.0,65.0048,54.84284119372827,65.0
1108.0,65.0048,54.82155945916012,65.0
1109.0,65.0048,54.800999411119705,65.0
1110.0,65.0048,54.781121157052894,65.0
1111.0,65.0048,54.761887825221976,65.0
1112.0,65.0048,54.743265276792215,65.0
1113.0,65.0048,54.72522185076577,65.0
1114.0,65.0048,54.70772813742385,65.0
1115.0,65.0048,54.69075677658569,65.0
1116.0,65.0048,54.67428227753447,65.0
1117.0,65.0048,54.65828085791224,65.0
1118.0,65.0048,54.64273029926638,65.0
1119.0,65.0048,54.62760981725125,65.0
1120.0,65.0048,54.61289994475917,65.0
1121.0,65.0048,54.598582426486,65.0
1122.0,65.0048,54.584640123631665,65.0
1123.0,65.0048,54.57105692760441,65.0
1124.0,65.0048,54.55781768174006,65.0
1125.0,62.9150884584192,54.54490811017116,65.0
1126.0,58.73004052086478,54.542225041545095,65.0
1127.0,56.638416454081444,54.54166163669407,65.0
1128.0,56.638416454081444,54.533299319873414,65.0
1129.0,56.638416454081444,54.525217169422696,65.0
1130.0,56.638416454081444,54.511748450330636,65.0
1131.0,56.638416454081444,54.573532231774415,65.0
1132.0,56.638416454081444,54.792066770125594,65.0
1133.0,56.638416454081444,55.34904304302327,65.0
1134.0,56.638416454081444,56.881677872024035,65.0
1135.0,56.638416454081444,60.91085522072199,65.0
1136.0,56.638416454081444,66.03787750739643,65.0
1137.0,56.638416454081444,72.0494346038116,65.0
1138.0,56.638416454081444,65.00000000000001,65.00000000000001
1139.0,56.638416454081444,65.0,65.0
1140.0,56.638416454081444,65.0,65.0
1141.0,56.638416454081444,65.0,65.0
1142.0,56.638416454081444,65.0,65.0
1143.0,56.638416454081444,65.0,65.0
1144.0,56.638416454081444,65.0,65.0
1145.0,56.638416454081444,65.0,65.0
1146.0,56.638416454081444,65.0,65.0
1147.0,56.638416454081444,65.0,65.0
1148.0,56.638416454081444,65.0,65.0
1149.0,56.638416454081444,65.0,65.0
1150.0,56.638416454081444,65.0,65.0
1151.0,56.638416454081444,65.0,65.0
1152.0,56.638416454081444,65.0,65.0
1153.0,56.638416454081444,65.0,65.0
1154.0,56.638416454081444,65.0,65.0
1155.0,56.638416454081444,65.0,65.0
1156.0,56.638416454081444,65.0,65.0
1157.0,56.638416454081444,65.0,65.0
1158.0,56.638416454081444,65.0,65.0
1159.0,56.638416454081444,65.0,65.0
1160.0,56.638416454081444,65.0,65.0
1161.0,56.638416454081444,65.0,65.0
1162.0,56.638416454081444,65.0,65.0
1163.0,56.638416454081444,65.0,65.0
1164.0,56.638416454081444,65.0,65.0
1165.0,56.638416454081444,65.0,65.0
1166.0,56.638416454081444,65.0,65.0
1167.0,56.638416454081444,65.0,65.0
1168.0,56.638416454081444,65.0,65.0
1169.0,56.638416454081444,65.0,65.0
1170.0,56.638416454081444,65.0,65.0
1171.0,56.638416454081444,65.0,65.0
1172.0,56.638416454081444,65.0,65.0
1173.0,56.638416454081444,65.0,65.0
1174.0,56.638416454081444,65.0,65.0
1175.0,56.638416454081444,65.0,65.0
1176.0,56.638416454081444,65.0,65.0
1177.0,56.638416454081444,65.0,65.0
1178.0,56.638416454081444,65.0,65.0
1179.0,56.638416454081444,65.0,65.0
1180.0,56.638416454081444,65.0,65.0
1181.0,56.638416454081444,65.0,65.0
1182.0,56.638416454081444,65.0,65.0
1183.0,56.638416454081444,65.0,65.0
1184.0,56.638416454081444,65.0,65.0
1185.0,56.638416454081444,65.0,65.0
1186.0,56.638416454081444,65.0,65.0
1187.0,58.729971445772435,65.0,65.0
1188.0,62.91028845841919,64.994,65.0
1189.0,64.99759976,64.9939976,65.0
1190.0,64.99759976,65.00599279976001,65.0
1191.0,64.99759976,65.01798799952,65.0
1192.0,64.99759976,65.03340751820848,65.0
1193.0,64.99759976,64.99937328548803,65.0
1194.0,64.99759976,64.92098453769778,65.00000000000001
1195.0,64.99759976,64.79109529779097,65.0
1196.0,64.99759976,64.43801973723997,65.0
1197.0,64.99759976,63.57220315063972,65.0
1198.0,64.99759976,67.99494651751591,65.0
1199.0,64.99759976,73.12493195766034,65.0
1200.0,64.99759976,73.53504479502377,65.0
