"tick","donation-normed-small","donation-small","donation-valued-small"
1.0,25.0,70.55289706022172,95.0
2.0,25.0,95.0,95.0
3.0,25.0,95.0,95.0
4.0,25.0,95.0,95.0
5.0,25.0,95.0,95.0
6.0,25.0,95.0,95.0
7.0,25.0,95.0,95.0
8.0,25.0,95.0,95.0
9.0,25.0,95.0,95.0
10.0,25.0,95.0,95.0
11.0,25.0,95.0,95.0
12.0,25.0,95.0,95.0
13.0,25.0,95.0,95.0
14.0,25.0,95.0,95.0
15.0,25.0,95.0,95.0
16.0,25.0,95.0,95.0
17.0,25.0,95.0,95.0
18.0,25.0,95.0,95.0
19.0,25.0,95.0,95.0
20.0,25.0,95.0,95.0
21.0,25.0,95.0,95.0
22.0,25.0,95.0,95.0
23.0,25.0,95.0,95.0
24.0,25.0,95.0,95.0
25.0,25.0,95.0,95.0
26.0,25.0,95.0,95.0
27.0,25.0,95.0,95.0
28.0,25.0,95.0,95.0
29.0,25.0,95.0,95.0
30.0,25.0,95.0,95.0
31.0,25.0,95.0,95.0
32.0,25.0,95.0,95.0
33.0,25.0,95.0,95.0
34.0,25.0,95.0,95.0
35.0,25.0,95.0,95.0
36.0,25.0,95.0,95.0
37.0,25.0,95.0,95.0
38.0,25.0,95.0,95.0
39.0,25.0,95.0,95.0
40.0,25.0,95.0,95.0
41.0,25.0,95.0,95.0
42.0,25.0,95.0,95.0
43.0,25.0,95.0,95.0
44.0,25.0,95.0,95.0
45.0,25.0,95.0,95.0
46.0,25.0,95.0,95.0
47.0,25.0,95.0,95.0
48.0,25.0,95.0,95.0
49.0,38.5,77.0175,77.0
50.0,38.5,77.035,77.0
51.0,38.5,77.0525,77.0
52.0,57.530625,77.07000000000001,77.0
53.0,76.56526075703133,77.06854302812529,77.0
54.0,76.56526075703133,77.19237719844769,77.0
55.0,76.56526075703133,77.55981030991667,77.0
56.0,76.56526075703133,78.5894139965363,77.0
57.0,76.56526075703133,81.4241029250264,77.0
58.0,76.56526075703133,88.90984675275472,77.0
59.0,76.56526075703133,89.22355146988914,77.0
60.0,76.56526075703133,89.44818514459078,77.0
61.0,76.56526075703133,89.64637328302925,77.0
62.0,76.56526075703133,89.82292826653257,77.0
63.0,76.56526075703133,89.98151942942468,77.0
64.0,76.56526075703133,90.125,77.0
65.0,76.56526075703133,90.25562656186418,77.0
66.0,76.56526075703133,90.37521044307847,77.0
67.0,76.56526075703133,90.48522465726516,77.0
68.0,76.56526075703133,90.58688103937537,77.0
69.0,76.56526075703133,90.68118692087015,77.0
70.0,76.56526075703133,90.76898746377682,77.00000000000001
71.0,76.56526075703133,90.85099775400118,76.99999999999999
72.0,76.56526075703133,90.9278274584412,77.00000000000001
73.0,76.56526075703133,91.0,76.99999999999999
74.0,76.56526075703133,91.06796763508177,77.00000000000001
75.0,76.56526075703133,91.13212342972717,76.99999999999999
76.0,76.56526075703133,91.19281086116926,77.00000000000001
77.0,76.56526075703133,91.25033158190158,76.99999999999999
78.0,76.56526075703133,91.30495174788653,77.00000000000001
79.0,76.56526075703133,91.35690721453143,76.99999999999999
80.0,76.56526075703133,91.40640783230886,77.00000000000001
81.0,76.56526075703133,91.45364102077528,76.99999999999999
82.0,76.56526075703133,91.49877476000611,77.00000000000001
83.0,76.56526075703133,91.54196010845018,76.99999999999999
84.0,76.56526075703133,91.58333333333334,77.00000000000001
85.0,76.56526075703133,91.62301772215623,76.99999999999999
86.0,76.56526075703133,91.66112513021167,77.00000000000001
87.0,76.56526075703133,91.69775730841097,76.99999999999999
88.0,76.56526075703133,91.73300704735269,77.00000000000001
89.0,76.56526075703133,91.76695916694939,76.99999999999999
90.0,76.56526075703133,91.7996913756634,77.00000000000001
91.0,76.56526075703133,91.8312750191794,76.99999999999999
92.0,76.56526075703133,91.86177573494457,77.00000000000001
93.0,76.56526075703133,91.89125402625024,76.99999999999999
94.0,76.56526075703133,91.9197657672893,77.00000000000001
95.0,76.56526075703133,91.94736264878684,76.99999999999999
96.0,76.56526075703133,91.9740925722954,77.00000000000001
97.0,76.56526075703133,92.0,76.99999999999999
98.0,76.56526075703133,92.02512626584709,77.00000000000001
99.0,76.56526075703133,92.04950985295098,76.99999999999999
100.0,76.56526075703133,92.07318664151462,77.00000000000001
101.0,76.56526075703133,92.09619013089794,76.99999999999999
102.0,76.56526075703133,92.1185516389608,77.00000000000001
103.0,76.56526075703133,92.14030048137865,76.99999999999999
104.0,76.56526075703133,92.16146413326629,77.00000000000001
105.0,76.56526075703133,92.18206837513617,76.99999999999999
106.0,76.56526075703133,92.20213742495487,77.00000000000001
107.0,76.56526075703133,92.22169405783558,76.99999999999999
108.0,76.56526075703133,92.24075971471234,77.00000000000001
109.0,87.48278489301713,92.25935460117431,76.99999999999999
110.0,91.122492991905,92.27496306238969,77.00000000000001
111.0,91.122492991905,92.28929501866443,77.0
112.0,91.122492991905,92.30321027087683,77.0
113.0,91.122492991905,92.31672490855759,77.0
114.0,91.122492991905,92.3313007768755,77.0
115.0,91.122492991905,92.32654086767634,77.0
116.0,91.122492991905,92.27967488760055,77.0
117.0,91.12538373388755,65.0,65.0
118.0,91.12538373388755,65.0,65.0
119.0,91.12538373388755,65.0,65.0
120.0,91.12538373388755,65.0,65.0
121.0,91.12538373388755,65.0,65.0
122.0,91.12538373388755,65.0,65.0
123.0,91.12538373388755,65.0,65.0
124.0,91.12538373388755,65.0,65.0
125.0,91.12538373388755,65.0,65.0
126.0,91.12538373388755,65.0,65.0
127.0,91.12538373388755,65.00000000000001,65.00000000000001
128.0,91.12538373388755,64.99999999999999,64.99999999999999
129.0,91.12538373388755,65.00000000000001,65.00000000000001
130.0,91.12538373388755,64.99999999999999,64.99999999999999
131.0,91.12538373388755,65.00000000000001,65.00000000000001
132.0,91.12538373388755,64.99999999999999,64.99999999999999
133.0,91.12538373388755,65.00000000000001,65.00000000000001
134.0,91.12538373388755,64.99999999999999,64.99999999999999
135.0,91.12538373388755,65.00000000000001,65.00000000000001
136.0,91.12538373388755,64.99999999999999,64.99999999999999
137.0,91.12538373388755,65.00000000000001,65.00000000000001
138.0,91.12538373388755,64.99999999999999,64.99999999999999
139.0,91.12538373388755,65.00000000000001,65.00000000000001
140.0,91.12538373388755,64.99999999999999,64.99999999999999
141.0,91.12538373388755,65.00000000000001,65.00000000000001
142.0,91.12538373388755,64.99999999999999,64.99999999999999
143.0,91.12538373388755,65.00000000000001,65.00000000000001
144.0,91.12538373388755,64.99999999999999,64.99999999999999
145.0,91.12538373388755,65.00000000000001,65.00000000000001
146.0,91.12538373388755,64.99999999999999,64.99999999999999
147.0,91.12538373388755,65.00000000000001,65.00000000000001
148.0,91.12538373388755,64.99999999999999,64.99999999999999
149.0,91.12538373388755,65.00000000000001,65.00000000000001
150.0,91.12538373388755,64.99999999999999,64.99999999999999
151.0,91.12538373388755,65.00000000000001,65.00000000000001
152.0,91.12538373388755,64.99999999999999,64.99999999999999
153.0,91.12538373388755,65.00000000000001,65.00000000000001
154.0,91.12538373388755,64.99999999999999,64.99999999999999
155.0,91.12538373388755,65.00000000000001,65.00000000000001
156.0,91.12538373388755,64.99999999999999,64.99999999999999
157.0,91.12538373388755,65.00000000000001,65.00000000000001
158.0,91.12538373388755,64.99999999999999,64.99999999999999
159.0,91.12538373388755,65.00000000000001,65.00000000000001
160.0,91.12538373388755,64.99999999999999,64.99999999999999
161.0,91.12538373388755,65.00000000000001,65.00000000000001
162.0,91.12538373388755,64.99999999999999,64.99999999999999
163.0,91.12538373388755,65.00000000000001,65.00000000000001
164.0,91.12538373388755,64.99999999999999,64.99999999999999
165.0,91.12538373388755,65.00000000000001,65.00000000000001
166.0,91.12538373388755,64.99999999999999,64.99999999999999
167.0,91.12538373388755,65.00000000000001,65.00000000000001
168.0,65.0,64.99999999999999,64.99999999999999
169.0,65.0,65.00000000000001,65.00000000000001
170.0,65.0,65.0,65.0
171.0,65.0,65.0,65.0
172.0,65.0,65.0,65.0
173.0,65.0,65.0,65.0
174.0,65.0,65.0,65.0
175.0,65.0,65.0,65.00000000000001
176.0,65.0,64.99999999999999,65.0
177.0,65.0,65.0,65.0
178.0,65.0,65.0,65.0
179.0,65.0,64.99999999999999,65.0
180.0,65.0,56.46410161513776,65.0
181.0,65.0,56.32820117735138,65.0
182.0,65.0,56.20713490294909,65.0
183.0,65.0,56.09838667696594,65.0
184.0,65.0,56.0,65.0
185.0,65.0,55.91042750043599,65.0
186.0,65.0,55.82842712474619,65.0
187.0,65.0,55.752988806446744,65.0
188.0,65.0,55.68328157299975,65.0
189.0,65.0,55.61861468283191,65.0
190.0,65.0,55.55840859626733,65.0
191.0,65.0,55.5021729686849,65.0
192.0,65.0,55.449489742783186,65.0
193.0,65.0,55.400000000000006,65.0
194.0,65.0,55.353393621658206,65.0
195.0,65.0,55.30940107675851,65.0
196.0,65.0,55.267786838055365,65.0
197.0,63.60968383400791,52.24789999445885,56.42857142857143
198.0,63.60968383400791,52.239029466248304,56.42857142857143
199.0,63.60968383400791,52.230942033354005,56.42857142857143
200.0,63.60968383400791,52.223576025433026,56.42857142857143
201.0,63.60968383400791,52.21277796089549,56.42857142857143
202.0,63.60968383400791,52.25768893815251,56.42857142857143
203.0,63.60968383400791,52.40313315390631,56.42857142857143
204.0,63.60968383400791,52.82083113105032,56.42857142857143
205.0,63.60968383400791,53.97764027109451,56.42857142857143
206.0,63.60968383400791,57.03024115205057,56.42857142857143
207.0,63.60968383400791,57.12515605379257,56.42857142857143
208.0,63.60968383400791,57.206975213585636,56.42857142857143
209.0,63.60968383400791,57.27832380780093,56.42857142857143
210.0,63.60968383400791,57.34115375688042,56.42857142857143
211.0,63.60968383400791,57.39694980262804,56.42857142857143
212.0,63.60968383400791,57.44686347584876,56.42857142857143
213.0,63.60968383400791,57.49180298344199,56.42857142857143
214.0,63.60968383400791,57.532495182403146,56.42857142857143
215.0,63.60968383400791,57.569529332068306,56.42857142857143
216.0,63.60968383400791,57.60338863084656,56.42857142857143
217.0,63.60968383400791,57.63447337003993,56.42857142857143
218.0,63.60968383400791,57.663118214159134,56.42857142857143
219.0,63.60968383400791,57.6896052888676,56.42857142857143
220.0,63.60968383400791,57.71417422615192,56.42857142857143
221.0,63.60968383400791,57.73702996751387,56.42857142857143
222.0,63.60968383400791,57.75834889242746,56.42857142857143
223.0,63.60968383400791,57.77828368004067,56.42857142857143
224.0,63.60968383400791,57.79696720166944,56.42857142857143
225.0,63.60968383400791,57.81451566388355,56.42857142857143
226.0,63.60968383400791,57.831031166473906,56.42857142857143
227.0,63.60968383400791,57.846603799442654,56.42857142857143
228.0,63.60968383400791,57.861313373771004,56.42857142857143
229.0,63.60968383400791,57.875230858970035,56.42857142857143
230.0,63.60968383400791,57.888419584155784,56.42857142857143
231.0,60.670681970073595,57.900936247110344,56.42857142857143
232.0,60.670681970073595,57.93046419314266,56.42857142857143
233.0,60.670681970073595,57.95941685813057,56.42857142857143
234.0,60.670681970073595,57.98783566517159,56.42857142857143
235.0,60.670681970073595,58.015758125778106,56.42857142857143
236.0,60.670681970073595,58.0331551183309,56.42857142857143
237.0,60.670681970073595,58.18539326379511,56.42857142857143
238.0,60.670681970073595,58.58267067862064,56.42857142857143
239.0,60.670681970073595,59.64675225869511,56.42857142857143
240.0,60.670681970073595,62.524067299479654,56.42857142857143
241.0,60.670681970073595,63.944203985907826,56.42857142857143
242.0,60.670681970073595,64.19960930771701,56.42857142857143
243.0,60.670681970073595,64.42194383135595,56.42857142857143
244.0,60.670681970073595,64.61771188873153,56.42857142857143
245.0,60.670681970073595,64.7917596980834,56.42857142857143
246.0,60.670681970073595,64.9477818970597,56.42857142857143
247.0,60.670681970073595,65.08865095109694,56.42857142857143
248.0,60.670681970073595,65.21663826929904,56.42857142857143
249.0,60.670681970073595,65.33356673342246,56.42857142857143
250.0,60.670681970073595,65.4409184428605,56.42857142857143
251.0,60.670681970073595,65.53991242910296,56.42857142857143
252.0,60.670681970073595,65.63156175510808,56.42857142857143
253.0,60.670681970073595,65.71671616533095,56.42857142857143
254.0,60.670681970073595,65.79609441779446,56.42857142857143
255.0,60.670681970073595,65.87030912395032,56.42857142857143
256.0,60.670681970073595,65.93988606519555,56.42857142857143
257.0,60.670681970073595,66.00527938108789,56.42857142857143
258.0,60.670681970073595,66.06688363293897,56.42857142857143
259.0,60.670681970073595,66.12504347505102,56.42857142857143
260.0,60.670681970073595,66.18006147473936,56.42857142857143
261.0,60.670681970073595,66.23220448579572,56.42857142857143
262.0,60.670681970073595,66.28170888130573,56.42857142857143
263.0,60.670681970073595,66.32878487944134,56.42857142857143
264.0,60.670681970073595,66.37362014232512,56.42857142857143
265.0,60.670681970073595,66.41638278802729,56.42857142857143
266.0,60.670681970073595,66.4572239255156,56.42857142857143
267.0,60.670681970073595,66.4962797993309,56.42857142857143
268.0,60.670681970073595,66.53367361304626,56.42857142857143
269.0,60.670681970073595,66.56951708684281,56.42857142857143
270.0,60.670681970073595,66.60391179382198,56.42857142857143
271.0,60.670681970073595,66.63695031125262,56.42857142857143
272.0,60.670681970073595,66.66871721628651,56.42857142857143
273.0,60.670681970073595,66.69928995036894,56.42857142857143
274.0,60.670681970073595,66.72873957231926,56.42857142857143
275.0,60.670681970073595,66.75713141663073,56.42857142857143
276.0,60.670681970073595,66.78452567076461,56.42857142857143
277.0,61.43491243265997,59.09232871329388,50.0
278.0,61.43491243265997,59.12241811533177,50.0
279.0,61.43491243265997,59.15176978482679,50.0
280.0,61.43491243265997,59.18042232559145,50.0
281.0,61.43491243265997,59.204003895304524,50.0
282.0,61.43491243265997,59.286205387741404,50.0
283.0,61.43491243265997,59.47531268293864,50.0
284.0,61.43491243265997,59.956078002613125,50.0
285.0,61.43491243265997,61.230658201733846,50.0
286.0,61.43491243265997,64.5430883993578,50.0
287.0,61.43491243265997,64.67365836177785,50.0
288.0,61.43491243265997,64.78923598862663,50.0
289.0,61.43491243265997,64.89269228299659,50.0
290.0,61.43491243265997,64.98617067525392,50.0
291.0,61.43491243265997,65.07130898478745,50.0
292.0,63.73422581820451,65.149383791638,50.0
293.0,63.73422581820451,65.22999015442512,50.0
294.0,63.73422581820451,65.30536013288584,50.0
295.0,63.73422581820451,65.37615840890365,50.0
296.0,63.73422581820451,65.4429336013398,50.0
297.0,63.73422581820451,65.50124496641412,50.0
298.0,63.73422581820451,65.62222165706778,50.0
299.0,63.73422581820451,65.8598174259135,50.0
300.0,63.73422581820451,66.41959879814897,50.0
301.0,63.73422581820451,67.85983347139843,50.0
302.0,63.73422581820451,69.46603357925808,50.0
303.0,63.73422581820451,69.60510130041003,50.0
304.0,63.73422581820451,69.72776847341912,50.0
305.0,63.73422581820451,69.83721139104571,50.0
306.0,63.73422581820451,69.9357987625198,50.0
307.0,63.73422581820451,70.02533830263076,50.0
308.0,63.73422581820451,70.10723710131126,50.0
309.0,63.73422581820451,70.18260927874718,50.0
310.0,63.73422581820451,70.25235025332763,50.0
311.0,63.73422581820451,70.31718920890515,50.0
312.0,63.73422581820451,70.37772694291608,50.0
313.0,63.73422581820451,70.43446367854736,50.0
314.0,63.73422581820451,70.48781984229998,50.0
315.0,63.73422581820451,70.5381518180437,50.0
316.0,63.73422581820451,70.58576405311354,50.0
317.0,63.73422581820451,70.6309184748951,50.0
318.0,63.73422581820451,70.67384189702334,50.0
319.0,63.73422581820451,70.7147319038131,50.0
320.0,63.73422581820451,70.75376156941986,50.0
321.0,63.73422581820451,70.79108327519357,50.0
322.0,63.73422581820451,70.82683182224577,50.0
323.0,63.73422581820451,70.8611269881843,50.0
324.0,63.73422581820451,70.89407564177485,50.0
325.0,63.73422581820451,70.92577350323369,50.0
326.0,63.73422581820451,70.95630661836334,50.0
327.0,63.73422581820451,70.9857526000213,50.0
328.0,63.73422581820451,71.0141816791898,50.0
329.0,63.73422581820451,71.04165759929002,50.0
330.0,63.73422581820451,71.06823838070088,50.0
331.0,63.73422581820451,71.09397697722594,50.0
332.0,63.73422581820451,71.11892184215094,50.0
333.0,63.73422581820451,71.1431174182885,50.0
334.0,63.73422581820451,71.16660456382193,50.0
335.0,63.73422581820451,71.18942092368911,50.0
336.0,63.73422581820451,71.21160125457865,50.0
337.0,63.73422581820451,71.23317771025893,50.0
338.0,63.73422581820451,71.25418009285976,50.0
339.0,63.73422581820451,71.27463607482605,50.0
340.0,63.73422581820451,71.29457139552245,50.0
341.0,63.73422581820451,71.31401003585637,50.0
342.0,63.73422581820451,71.33297437378032,50.0
343.0,63.73422581820451,71.3514853231122,50.0
344.0,63.73422581820451,71.36956245775919,50.0
345.0,63.73422581820451,71.38722412313538,50.0
346.0,63.73422581820451,71.40448753631365,50.0
347.0,63.73422581820451,71.42136887624194,50.0
348.0,63.73422581820451,71.43788336517567,50.0
349.0,64.59018776786796,64.07764451355246,45.0
350.0,64.59018776786796,64.09909137905335,45.0
351.0,64.59018776786796,64.12024826970037,45.0
352.0,64.59018776786796,64.14112591130065,45.0
353.0,64.59018776786796,64.157521405154,45.0
354.0,64.59018776786796,64.2302905386257,45.0
355.0,64.59018776786796,64.40556610363456,45.0
356.0,64.59018776786796,64.8599219082501,45.0
357.0,64.59018776786796,66.07332003911678,45.0
358.0,64.59018776786796,69.23483807118124,45.0
359.0,64.59018776786796,69.35527188522705,45.0
360.0,64.59018776786796,69.46161476424743,45.0
361.0,64.59018776786796,69.55659767456555,45.0
362.0,65.79510270741311,69.64225703264408,45.0
363.0,65.79510270741311,69.72821665436571,45.0
364.0,65.79510270741311,69.8076160987555,45.0
365.0,65.79510270741311,69.8814128459199,45.0
366.0,65.79510270741311,69.9503763101059,45.0
367.0,65.79510270741311,70.01052733415688,45.0
368.0,65.79510270741311,70.12889800366514,45.0
369.0,65.79510270741311,70.35633955312088,45.0
370.0,65.79510270741311,70.8862310174966,45.0
371.0,65.79510270741311,72.24355574193117,45.0
372.0,65.79510270741311,69.44780732143509,45.0
373.0,65.79510270741311,69.60432935457925,45.0
374.0,65.79510270741311,69.74378628242886,45.0
375.0,65.79510270741311,69.86932529670794,45.0
376.0,65.79510270741311,69.98331361177064,45.0
377.0,65.79510270741311,70.0875735755821,45.0
378.0,65.79510270741311,70.18353610940223,45.0
379.0,65.79510270741311,70.27234410684768,45.0
380.0,65.79510270741311,70.35492406232093,45.0
381.0,65.79510270741311,70.43203689816195,45.0
382.0,65.79510270741311,70.50431480145045,45.0
383.0,65.79510270741311,70.57228842565311,45.0
384.0,65.79510270741311,70.63640731536617,45.0
385.0,65.79510270741311,70.69705547391546,45.0
386.0,65.79510270741311,70.75456339027451,45.0
387.0,65.79510270741311,70.80921744510212,45.0
388.0,65.79510270741311,70.8612673495515,45.0
389.0,65.79510270741311,70.91093208859405,45.0
390.0,65.79510270741311,70.95840471415916,45.0
391.0,65.79510270741311,71.00385624413819,45.0
392.0,65.79510270741311,71.04743885939816,45.0
393.0,65.79510270741311,71.08928854459744,45.0
394.0,65.79510270741311,71.12952728456145,45.0
395.0,65.79510270741311,71.16826490270591,45.0
396.0,65.79510270741311,71.20560060903436,45.0
397.0,65.79510270741311,71.24162431087042,45.0
398.0,65.79510270741311,71.27641772850103,45.0
399.0,65.79510270741311,71.31005534943594,45.0
400.0,65.79510270741311,71.34260524840396,45.0
401.0,65.79510270741311,71.37412979504802,45.0
402.0,65.79510270741311,71.404686267213,45.0
403.0,65.79510270741311,71.43432738448823,45.0
404.0,65.79510270741311,71.46310177408462,45.0
405.0,65.79510270741311,71.49105437904915,45.0
406.0,65.79510270741311,71.51822681714097,45.0
407.0,65.79510270741311,71.5446576973276,45.0
408.0,65.79510270741311,71.57038289974417,45.0
409.0,65.79510270741311,71.59543582404308,45.0
410.0,65.79510270741311,71.6198476103039,45.0
411.0,65.79510270741311,71.64364733604901,45.0
412.0,65.79510270741311,71.666862192387,45.0
413.0,65.79510270741311,71.68951764187167,45.0
414.0,65.79510270741311,71.71163756029789,45.0
415.0,65.79510270741311,71.73324436434838,45.0
416.0,65.79510270741311,71.75435912674538,45.0
417.0,65.79510270741311,71.77500168033994,45.0
418.0,65.79510270741311,71.79519071238484,45.0
419.0,65.79510270741311,71.8149438500765,45.0
420.0,65.79510270741311,71.83427773831411,45.0
421.0,65.79510270741311,71.85320811050684,45.0
422.0,65.79510270741311,71.87174985315825,45.0
423.0,67.29797722765267,71.8899170648703,45.0
424.0,67.29797722765267,71.91608418827167,45.0
425.0,67.29797722765267,71.94190282567541,45.0
426.0,67.29797722765267,71.96738501830114,45.0
427.0,67.29797722765267,71.99254221006316,45.0
428.0,67.29797722765267,72.01261345306251,45.0
429.0,67.29797722765267,72.09652546250778,45.0
430.0,67.29797722765267,72.29652928722443,45.0
431.0,67.29797722765267,72.81261776883521,45.0
432.0,67.29797722765267,74.18841121285939,45.0
433.0,67.29797722765267,71.39717081613634,45.0
434.0,67.29797722765267,71.53382509117534,45.0
435.0,67.29797722765267,71.6545166161089,45.0
436.0,67.29797722765267,71.76233832517879,45.0
437.0,67.29797722765267,71.85959651809897,45.0
438.0,67.29797722765267,71.94805107297178,45.0
439.0,67.29797722765267,72.02907166741723,45.0
440.0,67.29797722765267,72.10374264740626,45.0
441.0,67.29797722765267,72.1729353718095,45.0
442.0,67.29797722765267,72.23735931979512,45.0
443.0,67.29797722765267,72.2975989570787,45.0
444.0,67.29797722765267,72.3541408257888,45.0
445.0,67.29797722765267,72.40739378174035,45.0
446.0,67.29797722765267,72.4577043382348,45.0
447.0,67.29797722765267,72.50536845638243,45.0
448.0,67.29797722765267,72.550640715614,45.0
449.0,67.29797722765267,72.59374152594548,45.0
450.0,67.29797722765267,72.6348628579746,45.0
451.0,68.50724883238811,72.67417283788363,45.0
452.0,69.71617159607416,72.70902873569597,45.0
453.0,69.71617159607416,72.73956110344488,45.0
454.0,69.71617159607416,72.76867731057784,45.0
455.0,69.71617159607416,72.79648109899603,45.0
456.0,69.71617159607416,72.82465809755656,45.0
457.0,69.71617159607416,72.83188209660699,45.0
458.0,69.71617159607416,72.77778603436619,45.0
459.0,69.71617159607416,72.57824930846152,45.0
460.0,69.71617159607416,71.98513121424314,45.0
461.0,69.71617159607416,70.36749814736474,45.00000000000001
462.0,69.71617159607416,62.13973853191718,45.0
463.0,69.71617159607416,45.0,45.0
464.0,69.71617159607416,45.0,45.0
465.0,69.71617159607416,45.0,45.0
466.0,69.71617159607416,45.0,45.0
467.0,69.71617159607416,45.0,45.0
468.0,69.71617159607416,45.0,45.0
469.0,69.71617159607416,45.00000000000001,45.00000000000001
470.0,69.71617159607416,45.0,45.0
471.0,67.46617159607416,45.0,45.0
472.0,67.46617159607416,44.99375,45.0
473.0,67.46617159607416,44.987500000000004,45.0
474.0,67.46617159607416,44.981249999999996,45.0
475.0,67.46617159607416,44.975,45.0
476.0,67.46617159607416,44.97231699888383,45.0
477.0,67.46617159607416,44.92168524546763,45.0
478.0,67.46617159607416,44.784053870213356,45.0
479.0,65.14241322155338,44.409933003833856,45.0
480.0,65.14241322155338,43.386643292732586,45.0
481.0,65.14241322155338,40.7137760208562,45.0
482.0,65.14241322155338,40.61547462848746,45.0
483.0,65.14241322155338,40.5289245577195,45.0
484.0,65.14241322155338,40.455428415581395,45.0
485.0,62.704149952710445,40.34114378838103,45.0
486.0,62.704149952710445,40.14966612042392,45.0
487.0,62.704149952710445,39.72430470858166,45.0
488.0,62.704149952710445,38.653102494406966,45.0
489.0,62.704149952710445,35.91679930845037,45.0
490.0,62.704149952710445,35.78634183091571,45.0
491.0,62.704149952710445,35.70465057134007,45.0
492.0,62.704149952710445,35.69663410953467,45.0
493.0,62.704149952710445,35.86591447055602,45.0
494.0,62.704149952710445,36.49813175505631,45.0
495.0,62.704149952710445,38.30361873177168,45.0
496.0,62.704149952710445,38.29565181615115,45.0
497.0,62.704149952710445,38.28487090672944,45.0
498.0,62.704149952710445,38.27223361600944,45.0
499.0,62.704149952710445,38.25839418961586,45.0
500.0,62.704149952710445,38.2438071624142,45.0
501.0,62.704149952710445,38.22879233261667,45.0
502.0,62.704149952710445,38.21357670901918,45.0
503.0,62.704149952710445,38.19832228299762,45.0
504.0,62.704149952710445,38.183144818899564,45.0
505.0,62.704149952710445,38.1681268092086,45.0
506.0,62.704149952710445,38.153326554540655,45.0
507.0,62.704149952710445,38.13878461986156,45.0
508.0,62.704149952710445,38.1245284834493,45.0
509.0,62.704149952710445,38.11057592182461,45.0
510.0,62.704149952710445,38.096937498399285,45.0
511.0,62.704149952710445,38.08361840873918,45.0
512.0,62.704149952710445,38.07061985884364,45.0
513.0,58.47531452611247,38.05794010108342,45.0
514.0,39.13495290086527,38.049707459420134,44.99999999999999
515.0,39.13495290086527,38.039943021528224,45.0
516.0,39.13495290086527,38.03048134099259,45.0
517.0,39.13495290086527,38.02131501695128,45.0
518.0,39.13495290086527,38.01007777883699,45.0
519.0,39.13495290086527,38.03187227966001,45.0
520.0,39.13495290086527,38.09733303296619,45.0
521.0,39.13495290086527,38.293784225209016,45.0
522.0,39.13495290086527,38.84584512920176,45.0
523.0,39.13495290086527,40.29941005435538,45.0
524.0,39.13495290086527,39.565070063356565,45.0
525.0,39.13495290086527,39.58162604174865,45.0
526.0,39.13495290086527,39.59562111542861,45.0
527.0,39.13495290086527,39.60750465423834,45.0
528.0,39.13495290086527,39.61762951705426,45.0
529.0,39.13495290086527,39.62627636457093,45.0
530.0,39.13495290086527,39.63367108478383,45.0
531.0,39.13495290086527,39.63999744980407,45.0
532.0,39.13495290086527,39.64540643696743,45.0
533.0,39.13495290086527,39.65002318683782,45.0
534.0,39.13495290086527,39.65395226453313,45.0
535.0,39.13495290086527,39.65728168652627,45.0
536.0,39.13495290086527,39.6600860375722,45.0
537.0,39.13495290086527,39.66242890879984,45.0
538.0,39.13495290086527,39.66436482348138,45.0
539.0,39.13495290086527,39.665940771953245,45.0
540.0,39.13495290086527,39.66719744533431,45.0
541.0,39.13495290086527,39.66817023492284,45.0
542.0,39.13495290086527,39.668890047686034,45.0
543.0,39.13495290086527,39.6693839762114,45.0
544.0,39.13495290086527,39.66967585258981,45.00000000000001
545.0,39.13495290086527,39.66978670905843,45.0
546.0,39.13495290086527,39.66973516323056,45.0
547.0,39.13495290086527,39.66953774193922,45.0
548.0,39.13495290086527,39.669209154810815,45.0
549.0,39.13495290086527,39.66876252643778,45.0
550.0,39.13495290086527,39.66820959427204,45.0
551.0,39.13495290086527,39.66756087799152,45.0
552.0,39.13495290086527,39.66682582501352,45.0
553.0,39.13495290086527,39.666012935972404,45.0
554.0,39.13495290086527,39.665129873295676,45.0
555.0,39.13495290086527,39.66418355546427,45.0
556.0,39.13495290086527,39.66318023910017,45.0
557.0,39.13495290086527,39.66212559066569,45.0
558.0,39.13495290086527,39.66102474926575,45.0
559.0,39.13495290086527,39.6598823818054,45.0
560.0,39.13495290086527,39.65870273155722,45.0
561.0,39.13495290086527,39.65748966103066,45.0
562.0,39.13495290086527,39.65624668990024,45.0
563.0,39.13495290086527,39.65497702863721,45.0
564.0,39.13495290086527,39.653683608394886,45.0
565.0,39.13495290086527,39.65236910761946,45.0
566.0,39.13495290086527,39.65103597579147,45.0
567.0,39.13495290086527,39.64968645464721,45.0
568.0,39.13495290086527,39.648322597181426,45.0
569.0,39.13495290086527,39.64694628469327,45.0
570.0,39.13495290086527,39.645559242101925,45.0
571.0,39.13495290086527,39.64416305172979,45.0
572.0,39.13495290086527,39.642759165725565,45.0
573.0,39.13495290086527,39.64134891727802,45.0
574.0,39.13495290086527,39.6399335307525,45.0
575.0,39.13495290086527,39.638514130866355,45.0
576.0,39.13495290086527,39.637091751005286,45.0
577.0,39.13495290086527,39.63566734077073,45.0
578.0,39.13495290086527,39.63424177283759,45.0
579.0,39.13495290086527,39.63281584919315,45.0
580.0,39.13495290086527,39.63139030681893,45.0
581.0,39.13495290086527,39.62996582287149,45.0
582.0,39.13495290086527,39.628543019411005,45.0
583.0,39.13495290086527,39.62712246772168,45.0
584.0,39.13495290086527,39.62570469226331,45.0
585.0,39.13495290086527,39.624290174288646,45.0
586.0,39.13495290086527,39.62287935515815,45.0
587.0,39.13495290086527,39.62147263938013,45.0
588.0,39.13495290086527,39.62007039740136,45.0
589.0,39.13495290086527,39.618672968170905,45.0
590.0,39.13495290086527,39.617280661497475,45.0
591.0,39.13495290086527,39.615893760218555,45.0
592.0,39.13495290086527,39.614512522198,45.0
593.0,39.13495290086527,39.61313718216693,45.0
594.0,39.13495290086527,39.61176795342143,45.0
595.0,39.13495290086527,39.610405029389206,45.0
596.0,39.13495290086527,39.60904858507651,45.0
597.0,39.13495290086527,39.60769877840496,45.0
598.0,39.13495290086527,39.60635575144784,45.0
599.0,39.13495290086527,39.60501963157374,45.0
600.0,39.13495290086527,39.60369053250528,45.0
601.0,39.13495290086527,39.6023685552999,45.0
602.0,39.13495290086527,39.6010537892585,45.0
603.0,39.13495290086527,39.59974631276831,45.0
604.0,39.13495290086527,39.598446194084545,45.0
605.0,39.13495290086527,39.597153492056,45.0
606.0,39.13495290086527,39.59586825679884,45.0
607.0,39.13495290086527,39.594590530322485,45.0
608.0,39.13495290086527,39.59332034711136,45.0
609.0,39.13495290086527,39.592057734665744,45.0
610.0,39.13495290086527,39.59080271400486,45.0
611.0,39.13495290086527,39.589555300135004,45.0
612.0,39.13495290086527,39.588315502485344,45.0
613.0,39.13495290086527,39.587083325313614,45.0
614.0,39.13495290086527,39.585858768084066,45.0
615.0,39.13495290086527,39.58464182581966,45.0
616.0,39.13495290086527,39.583432489430294,45.0
617.0,39.13495290086527,39.58223074601876,45.00000000000001
618.0,39.13495290086527,39.58103657916615,45.0
619.0,39.13495290086527,39.57984996919806,45.0
620.0,39.13495290086527,39.578670893432886,45.0
621.0,39.13495290086527,39.577499326413644,45.0
622.0,39.13495290086527,39.57633524012424,45.0
623.0,39.13495290086527,39.57517860419147,45.0
624.0,39.13495290086527,39.57402938607356,45.0
625.0,39.13495290086527,39.572887551236285,45.0
626.0,39.13495290086527,39.57175306331739,45.0
627.0,39.13495290086527,39.570625884280254,45.0
628.0,39.13495290086527,39.56950597455742,45.0
629.0,39.13495290086527,39.56839329318465,45.0
630.0,39.13495290086527,39.567287797926156,45.0
631.0,39.13495290086527,39.56618944539172,45.0
632.0,39.13495290086527,39.56509819114601,45.0
633.0,39.13495290086527,39.56401398981077,45.0
634.0,39.13495290086527,39.562936795160276,45.0
635.0,39.13495290086527,39.56186656021056,45.0
636.0,39.13495290086527,39.560803237302736,45.0
637.0,39.13495290086527,39.559746778180816,45.0
638.0,39.13495290086527,39.55869713406443,45.0
639.0,39.13495290086527,39.55765425571676,45.0
640.0,39.13495290086527,39.556618093507886,45.0
641.0,39.13495290086527,39.555588597473985,45.0
642.0,39.13495290086527,39.55456571737261,45.0
643.0,39.13495290086527,39.553549402734184,45.0
644.0,39.13495290086527,39.552539602910095,45.0
645.0,39.13495290086527,39.55153626711754,45.0
646.0,39.13495290086527,39.55053934448132,45.0
647.0,39.13495290086527,39.549548784072755,45.0
648.0,39.13495290086527,39.548564534945946,45.0
649.0,39.13495290086527,39.547586546171566,45.0
650.0,39.13495290086527,39.546614766868224,45.0
651.0,39.13495290086527,39.54564914623169,45.0
652.0,39.13495290086527,39.544689633562,45.0
653.0,39.13495290086527,39.54373617828864,45.0
654.0,39.13495290086527,39.54278872999397,45.0
655.0,39.13495290086527,39.541847238434734,45.0
656.0,39.13495290086527,39.540911653562326,45.0
657.0,39.13495290086527,39.53998192554108,45.0
658.0,39.13495290086527,39.53905800476563,45.0
659.0,39.13495290086527,39.538139841876564,45.0
660.0,39.13495290086527,39.53722738777505,45.0
661.0,39.13495290086527,39.53632059363619,45.0
662.0,39.13495290086527,39.535419410921364,45.0
663.0,39.13495290086527,39.534523791389454,45.0
664.0,39.13495290086527,39.53363368710713,45.0
665.0,39.13495290086527,39.5327490504583,45.0
666.0,39.13495290086527,39.531869834152616,45.0
667.0,39.13495290086527,39.530995991233254,45.0
668.0,39.13495290086527,39.53012747508382,45.0
669.0,39.13495290086527,39.52926423943477,45.0
670.0,39.13495290086527,39.528406238368966,45.0
671.0,39.13495290086527,39.52755342632671,45.0
672.0,39.13495290086527,39.52670575811023,45.0
673.0,39.13495290086527,39.525863188887485,45.0
674.0,39.13495290086527,39.525025674195675,45.0
675.0,39.13495290086527,39.52419316994404,45.0
676.0,39.13495290086527,39.523365632416436,45.0
677.0,39.13495290086527,39.52254301827327,45.0
678.0,39.13495290086527,39.52172528455327,45.0
679.0,39.13495290086527,39.52091238867472,45.0
680.0,39.13495290086527,39.52010428843644,45.0
681.0,39.13495290086527,39.519300942018354,45.0
682.0,39.13495290086527,39.51850230798194,45.0
683.0,39.13495290086527,39.51770834527016,45.0
684.0,39.13495290086527,39.516919013207364,45.0
685.0,39.13495290086527,39.516134271498785,45.0
686.0,39.13495290086527,39.51535408022988,45.00000000000001
687.0,39.13495290086527,39.5145783998654,45.0
688.0,39.13495290086527,39.51380719124843,45.0
689.0,39.13495290086527,39.513040415598994,45.0
690.0,39.13495290086527,39.51227803451272,45.0
691.0,39.13495290086527,39.51152000995917,45.0
692.0,39.13495290086527,39.51076630428023,45.0
693.0,39.13495290086527,39.510016880188104,45.0
694.0,39.13495290086527,39.50927170076341,45.0
695.0,39.13495290086527,39.50853072945306,45.0
696.0,39.13495290086527,39.507793930068004,45.0
697.0,39.13495290086527,39.507061266780994,45.0
698.0,39.13495290086527,39.506332704124134,45.0
699.0,39.13495290086527,39.50560820698643,45.0
700.0,39.13495290086527,39.504887740611196,45.0
701.0,39.13495290086527,39.504171270593474,45.0
702.0,39.13495290086527,39.50345876287736,45.0
703.0,39.13495290086527,39.50275018375318,45.0
704.0,39.13495290086527,39.5020454998548,45.0
705.0,39.13495290086527,39.501344678156805,45.0
706.0,39.13495290086527,39.50064768597147,45.0
707.0,39.13495290086527,39.49995449094606,45.0
708.0,39.13495290086527,39.49926506105971,45.0
709.0,39.13495290086527,39.49857936462057,45.0
710.0,39.13495290086527,39.4978973702628,45.0
711.0,39.13495290086527,39.49721904694353,45.0
712.0,39.13495290086527,39.49654436393982,45.0
713.0,39.13495290086527,39.4958732908457,45.0
714.0,39.13495290086527,39.49520579756903,45.0
715.0,39.13495290086527,39.49454185432851,45.0
716.0,39.13495290086527,39.49388143165061,45.0
717.0,39.13495290086527,39.493224500366445,45.0
718.0,39.13495290086527,39.49257103160884,45.0
719.0,39.13495290086527,39.49192099680913,45.0
720.0,39.13495290086527,39.49127436769419,45.0
721.0,39.13495290086527,39.49063111628337,45.0
722.0,39.13495290086527,39.48999121488545,45.0
723.0,39.13495290086527,39.489354636095584,45.0
724.0,39.13495290086527,39.48872135279234,45.0
725.0,39.13495290086527,39.48809133813458,45.0
726.0,39.13495290086527,39.48746456555864,45.0
727.0,39.13495290086527,39.48684100877513,45.0
728.0,39.13495290086527,39.48622064176615,45.0
729.0,39.13495290086527,39.485603438782285,45.0
730.0,39.13495290086527,39.4849893743396,45.0
731.0,39.13495290086527,39.48437842321684,45.0
732.0,39.13495290086527,39.48377056045249,45.0
733.0,39.13495290086527,39.483165761341894,45.0
734.0,39.13495290086527,39.482564001434376,45.0
735.0,39.13495290086527,39.481965256530515,45.0
736.0,39.13495290086527,39.48136950267922,45.0
737.0,39.13495290086527,39.48077671617503,45.0
738.0,39.13495290086527,39.480186873555255,45.0
739.0,39.13495290086527,39.47959995159737,45.0
740.0,39.13495290086527,39.479015927316205,45.0
741.0,39.13495290086527,39.478434777961255,45.0
742.0,39.13495290086527,39.47785648101407,45.0
743.0,39.13495290086527,39.47728101418558,45.0
744.0,39.13495290086527,39.47670835541348,45.0
745.0,39.13495290086527,39.47613848285961,45.0
746.0,39.13495290086527,39.47557137490747,45.0
747.0,39.13495290086527,39.475007010159615,45.0
748.0,39.13495290086527,39.47444536743514,45.0
749.0,39.13495290086527,39.47388642576722,45.0
750.0,39.13495290086527,39.47333016440063,45.0
751.0,39.13495290086527,39.47277656278932,45.0
752.0,39.13495290086527,39.472225600594,45.0
753.0,39.13495290086527,39.47167725767973,45.0
754.0,39.13495290086527,39.4711315141136,45.0
755.0,39.13495290086527,39.47058835016235,45.0
756.0,39.13495290086527,39.47004774629012,45.0
757.0,39.13495290086527,39.4695096831561,45.0
758.0,39.13495290086527,39.46897414161232,45.0
759.0,39.13495290086527,39.46844110270141,45.0
760.0,39.13495290086527,39.467910547654384,45.0
761.0,39.13495290086527,39.46738245788842,45.0
762.0,39.13495290086527,39.4668568150048,45.0
763.0,39.13495290086527,39.4663336007867,45.0
764.0,39.13495290086527,39.465812797197074,45.0
765.0,39.13495290086527,39.46529438637663,45.0
766.0,39.13495290086527,39.46477835064174,45.0
767.0,39.13495290086527,39.46426467248239,45.0
768.0,39.13495290086527,39.46375333456021,45.0
769.0,39.13495290086527,39.46324431970645,45.0
770.0,39.13495290086527,39.462737610920016,45.0
771.0,39.13495290086527,39.462233191365584,45.0
772.0,39.13495290086527,39.46173104437162,45.0
773.0,39.13495290086527,39.461231153428514,45.0
774.0,39.13495290086527,39.46073350218674,45.0
775.0,39.13495290086527,39.46023807445495,45.0
776.0,39.13495290086527,39.459744854198185,45.0
777.0,39.13495290086527,39.45925382553607,45.0
778.0,39.13495290086527,39.45876497274102,45.0
779.0,39.13495290086527,39.45827828023654,45.0
780.0,39.13495290086527,39.45779373259538,45.0
781.0,39.13495290086527,39.45731131453788,45.0
782.0,39.13495290086527,39.456831010930344,45.0
783.0,39.13495290086527,39.45635280678324,45.0
784.0,39.13495290086527,39.45587668724959,45.0
785.0,39.13495290086527,39.455402637623436,45.0
786.0,39.13495290086527,39.45493064333805,45.0
787.0,39.13495290086527,39.454460689964506,45.0
788.0,39.13495290086527,39.45399276321,45.0
789.0,39.13495290086527,39.45352684891638,45.0
790.0,39.13495290086527,39.45306293305853,45.0
791.0,39.13495290086527,39.45260100174292,45.0
792.0,39.13495290086527,39.452141041206055,45.0
793.0,39.13495290086527,39.45168303781311,45.0
794.0,39.13495290086527,39.451226978056305,45.0
795.0,39.13495290086527,39.45077284855361,45.0
796.0,39.13495290086527,39.45032063604727,45.0
797.0,39.13495290086527,39.44987032740237,45.0
798.0,39.13495290086527,39.44942190960551,45.0
799.0,39.13495290086527,39.44897536976339,45.0
800.0,39.13495290086527,39.44853069510147,45.0
801.0,39.13495290086527,39.448087872962674,45.0
802.0,39.13495290086527,39.447646890806006,45.0
803.0,39.13495290086527,39.4472077362053,45.0
804.0,39.13495290086527,39.44677039684791,45.0
805.0,39.13495290086527,39.44633486053347,45.0
806.0,39.13495290086527,39.44590111517261,45.0
807.0,39.13495290086527,39.445469148785726,45.0
808.0,39.13495290086527,39.445038949501765,45.0
809.0,39.13495290086527,39.44461050555705,45.0
810.0,39.13495290086527,39.444183805294,45.0
811.0,39.13495290086527,39.44375883716008,45.0
812.0,39.13495290086527,39.44333558970653,45.0
813.0,39.13495290086527,39.44291405158727,45.0
814.0,39.13495290086527,39.44249421155776,45.0
815.0,39.13495290086527,39.442076058473894,45.0
816.0,39.13495290086527,39.44165958129089,45.0
817.0,39.13495290086527,39.44124476906216,45.0
818.0,39.13495290086527,39.44083161093831,45.0
819.0,39.13495290086527,39.440420096166015,45.0
820.0,39.13495290086527,39.440010214086996,45.0
821.0,39.13495290086527,39.439601954137,45.0
822.0,39.13495290086527,39.4391953058447,45.0
823.0,39.13495290086527,39.438790258830814,45.0
824.0,39.13495290086527,39.43838680280697,45.0
825.0,39.13495290086527,39.43798492757483,45.0
826.0,39.13495290086527,39.437584623025046,45.0
827.0,39.13495290086527,39.43718587913634,45.0
828.0,39.13495290086527,39.436788685974506,45.0
829.0,39.13495290086527,39.43639303369156,45.0
830.0,39.13495290086527,39.43599891252472,45.0
831.0,39.13495290086527,39.43560631279554,45.0
832.0,39.13495290086527,39.435215224909015,45.0
833.0,39.13495290086527,39.43482563935265,45.0
834.0,39.13495290086527,39.43443754669562,45.0
835.0,39.13495290086527,39.4340509375879,45.0
836.0,39.13495290086527,39.43366580275933,45.0
837.0,39.13495290086527,39.43328213301889,45.0
838.0,39.13495290086527,39.432899919253785,45.0
839.0,39.13495290086527,39.43251915242859,45.0
840.0,39.13495290086527,39.43213982358455,45.0
841.0,39.13495290086527,39.431761923838614,45.0
842.0,39.13495290086527,39.43138544438276,45.0
843.0,39.13495290086527,39.4310103764832,45.0
844.0,39.13495290086527,39.430636711479494,45.0
845.0,39.13495290086527,39.4302644407839,45.0
846.0,39.13495290086527,39.42989355588059,45.0
847.0,39.13495290086527,39.42952404832484,45.0
848.0,39.13495290086527,39.42915590974236,45.0
849.0,39.13495290086527,39.42878913182852,45.0
850.0,39.13495290086527,39.428423706347665,45.0
851.0,39.13495290086527,39.42805962513231,45.0
852.0,39.13495290086527,39.4276968800826,45.0
853.0,39.13495290086527,39.42733546316542,45.0
854.0,39.13495290086527,39.42697536641386,45.0
855.0,39.13495290086527,39.42661658192647,45.0
856.0,39.13495290086527,39.42625910186655,45.0
857.0,39.13495290086527,39.42590291846157,45.0
858.0,39.13495290086527,39.42554802400248,45.0
859.0,39.13495290086527,39.42519441084303,45.0
860.0,39.13495290086527,39.42484207139917,45.0
861.0,39.13495290086527,39.42449099814838,45.0
862.0,39.13495290086527,39.424141183629125,45.0
863.0,39.13495290086527,39.4237926204401,45.0
864.0,39.13495290086527,39.4234453012398,45.0
865.0,39.13495290086527,39.423099218745705,45.0
866.0,39.13495290086527,39.422754365733894,45.0
867.0,39.13495290086527,39.42241073503831,45.0
868.0,39.13495290086527,39.42206831955022,45.0
869.0,39.13495290086527,39.42172711221768,45.0
870.0,39.13495290086527,39.42138710604493,45.0
871.0,39.13495290086527,39.421048294091825,45.0
872.0,39.13495290086527,39.42071066947329,45.0
873.0,39.13495290086527,39.42037422535879,45.0
874.0,39.13495290086527,39.420038954971766,45.0
875.0,39.13495290086527,39.419704851589096,45.0
876.0,39.13495290086527,39.4193719085406,45.0
877.0,39.13495290086527,39.41904011920847,45.0
878.0,39.13495290086527,39.41870947702681,45.0
879.0,39.13495290086527,39.41837997548108,45.0
880.0,39.13495290086527,39.41805160810757,45.0
881.0,39.13495290086527,39.41772436849299,45.0
882.0,39.13495290086527,39.417398250273884,45.0
883.0,39.13495290086527,39.417073247136194,45.0
884.0,39.13495290086527,39.41674935281477,45.0
885.0,39.13495290086527,39.41642656109287,45.0
886.0,39.13495290086527,39.416104865801735,45.0
887.0,39.13495290086527,39.415784260820104,45.0
888.0,39.13495290086527,39.41546474007368,45.0
889.0,39.13495290086527,39.41514629753484,45.0
890.0,39.13495290086527,39.41482892722201,45.0
891.0,39.13495290086527,39.41451262319934,45.0
892.0,39.13495290086527,39.414197379576215,45.0
893.0,39.13495290086527,39.41388319050682,45.0
894.0,39.13495290086527,39.413570050189755,45.0
895.0,39.13495290086527,39.413257952867525,45.0
896.0,39.13495290086527,39.412946892826206,45.0
897.0,39.13495290086527,39.412636864395,45.0
898.0,39.13495290086527,39.41232786194578,45.0
899.0,39.13495290086527,39.412019879892796,45.0
900.0,39.13495290086527,39.41171291269216,45.0
901.0,39.13495290086527,39.41140695484148,45.0
902.0,39.13495290086527,39.41110200087951,45.0
903.0,39.13495290086527,39.41079804538573,45.0
904.0,39.13495290086527,39.41049508297996,45.0
905.0,39.13495290086527,39.41019310832202,45.0
906.0,39.13495290086527,39.40989211611127,45.0
907.0,39.13495290086527,39.40959210108633,45.0
908.0,39.13495290086527,39.4092930580247,45.0
909.0,39.13495290086527,39.4089949817423,45.0
910.0,39.13495290086527,39.408697867093274,45.0
911.0,39.13495290086527,39.408401708969485,45.0
912.0,39.13495290086527,39.40810650230029,45.0
913.0,39.13495290086527,39.407812242052074,45.0
914.0,39.13495290086527,39.407518923228,45.0
915.0,39.13495290086527,39.40722654086762,45.0
916.0,39.13495290086527,39.4069350900466,45.0
917.0,39.13495290086527,39.40664456587629,45.0
918.0,39.13495290086527,39.40635496350347,45.0
919.0,39.13495290086527,39.406066278110025,45.0
920.0,39.13495290086527,39.405778504912575,45.0
921.0,39.13495290086527,39.40549163916224,45.0
922.0,39.13495290086527,39.40520567614424,45.0
923.0,39.13495290086527,39.40492061117763,45.0
924.0,39.13495290086527,39.40463643961496,45.0
925.0,39.13495290086527,39.404353156842056,45.0
926.0,39.13495290086527,39.404070758277626,45.0
927.0,39.13495290086527,39.40378923937297,45.0
928.0,39.13495290086527,39.403508595611754,45.0
929.0,39.13495290086527,39.403228822509675,45.0
930.0,39.13495290086527,39.40294991561415,45.0
931.0,39.13495290086527,39.40267187050409,45.0
932.0,39.13495290086527,39.40239468278958,45.0
933.0,39.13495290086527,39.4021183481116,45.0
934.0,39.13495290086527,39.40184286214175,45.0
935.0,39.13495290086527,39.401568220582014,45.0
936.0,39.13495290086527,39.40129441916443,45.0
937.0,39.13495290086527,39.401021453650905,45.0
938.0,39.13495290086527,39.40074931983284,45.0
939.0,39.13495290086527,39.400478013530964,45.0
940.0,39.13495290086527,39.40020753059506,45.0
941.0,39.13495290086527,39.399937866903656,45.0
942.0,39.13495290086527,39.39966901836382,45.0
943.0,39.13495290086527,39.39940098091091,45.0
944.0,39.13495290086527,39.39913375050832,45.0
945.0,39.13495290086527,39.39886732314721,45.0
946.0,39.13495290086527,39.39860169484629,45.0
947.0,39.13495290086527,39.39833686165158,45.0
948.0,39.13495290086527,39.398072819636155,45.0
949.0,39.13495290086527,39.39780956489993,45.0
950.0,39.13495290086527,39.39754709356944,45.0
951.0,39.13495290086527,39.39728540179756,45.0
952.0,39.13495290086527,39.3970244857633,45.0
953.0,39.13495290086527,39.39676434167161,45.0
954.0,39.13495290086527,39.39650496575314,45.0
955.0,39.13495290086527,39.396246354263994,45.0
956.0,39.13495290086527,39.39598850348553,45.0
957.0,39.13495290086527,39.395731409724156,45.0
958.0,39.13495290086527,39.395475069311104,45.0
959.0,39.13495290086527,39.39521947860221,45.0
960.0,39.13495290086527,39.394964633977736,45.0
961.0,39.13495290086527,39.394710531842115,45.0
962.0,39.13495290086527,39.39445716862378,45.0
963.0,39.13495290086527,39.39420454077496,45.0
964.0,39.13495290086527,39.39395264477146,45.0
965.0,39.13495290086527,39.393701477112494,45.0
966.0,39.13495290086527,39.39345103432043,45.0
967.0,39.13495290086527,39.39320131294067,45.0
968.0,39.13495290086527,39.392952309541414,45.0
969.0,39.13495290086527,39.39270402071343,45.0
970.0,39.13495290086527,39.392456443069996,45.0
971.0,39.13495290086527,39.39220957324654,45.0
972.0,39.13495290086527,39.391963407900576,45.0
973.0,39.13495290086527,39.391717943711484,45.0
974.0,39.13495290086527,39.391473177380334,45.0
975.0,39.13495290086527,39.3912291056297,45.0
976.0,39.13495290086527,39.39098572520348,45.0
977.0,39.13495290086527,39.390743032866716,45.0
978.0,39.13495290086527,39.39050102540545,45.0
979.0,39.13495290086527,39.3902596996265,45.0
980.0,39.13495290086527,39.390019052357324,45.0
981.0,39.13495290086527,39.38977908044586,45.0
982.0,39.13495290086527,39.38953978076032,45.0
983.0,39.13495290086527,39.389301150189084,45.0
984.0,39.13495290086527,39.38906318564044,45.0
985.0,39.13495290086527,39.38882588404252,45.0
986.0,39.13495290086527,39.38858924234308,45.0
987.0,39.13495290086527,39.38835325750937,45.0
988.0,39.13495290086527,39.38811792652797,45.0
989.0,39.13495290086527,39.387883246404584,45.0
990.0,39.13495290086527,39.38764921416399,45.0
991.0,39.13495290086527,39.3874158268498,45.0
992.0,39.13495290086527,39.387183081524284,45.0
993.0,39.13495290086527,39.38695097526835,45.0
994.0,39.13495290086527,39.38671950518126,45.0
995.0,39.13495290086527,39.38648866838056,45.0
996.0,39.13495290086527,39.38625846200187,45.0
997.0,39.13495290086527,39.38602888319886,45.0
998.0,39.13495290086527,39.385799929142934,45.0
999.0,39.13495290086527,39.38557159702322,45.0
1000.0,39.13495290086527,39.38534388404643,45.0
1001.0,39.13495290086527,39.3851167874366,45.0
1002.0,39.13495290086527,39.38489030443509,45.0
1003.0,39.13495290086527,39.384664432300355,45.0
1004.0,39.13495290086527,39.384439168307864,45.0
1005.0,39.13495290086527,39.384214509749945,45.0
1006.0,39.13495290086527,39.38399045393566,45.0
1007.0,39.13495290086527,39.38376699819064,45.0
1008.0,39.13495290086527,39.38354413985698,45.0
1009.0,39.13495290086527,39.38332187629316,45.0
1010.0,39.13495290086527,39.38310020487383,45.0
1011.0,39.13495290086527,39.38287912298971,45.0
1012.0,39.13495290086527,39.382658628047515,45.0
1013.0,39.13495290086527,39.382438717469775,45.0
1014.0,39.13495290086527,39.38221938869472,45.0
1015.0,39.13495290086527,39.382000639176155,45.0
1016.0,39.13495290086527,39.38178246638339,45.0
1017.0,39.13495290086527,39.381564867801075,45.0
1018.0,39.13495290086527,39.38134784092907,45.0
1019.0,39.13495290086527,39.38113138328234,45.0
1020.0,39.13495290086527,39.380915492390876,45.0
1021.0,39.13495290086527,39.38070016579954,45.0
1022.0,39.13495290086527,39.380485401067915,45.0
1023.0,39.13495290086527,39.38027119577031,45.0
1024.0,39.13495290086527,39.380057547495525,45.0
1025.0,39.13495290086527,39.37984445384681,45.0
1026.0,39.13495290086527,39.379631912441724,45.0
1027.0,39.13495290086527,39.37941992091202,45.0
1028.0,39.13495290086527,39.3792084769036,45.0
1029.0,39.13495290086527,39.37899757807634,45.0
1030.0,39.13495290086527,39.37878722210397,45.0
1031.0,39.13495290086527,39.37857740667406,45.0
1032.0,39.13495290086527,39.37836812948784,45.0
1033.0,39.13495290086527,39.3781593882601,45.0
1034.0,39.13495290086527,39.37795118071913,45.0
1035.0,39.13495290086527,39.37774350460659,45.0
1036.0,39.13495290086527,39.3775363576774,45.0
1037.0,39.13495290086527,39.37732973769966,45.0
1038.0,39.13495290086527,39.37712364245456,45.0
1039.0,39.13495290086527,39.37691806973625,45.0
1040.0,39.13495290086527,39.37671301735176,45.0
1041.0,39.13495290086527,39.37650848312093,45.0
1042.0,39.13495290086527,39.37630446487626,45.0
1043.0,39.13495290086527,39.37610096046288,45.0
1044.0,39.13495290086527,39.375897967738396,45.0
1045.0,39.13495290086527,39.375695484572844,45.0
1046.0,39.13495290086527,39.37549350884855,45.0
1047.0,39.13495290086527,39.3752920384601,45.0
1048.0,39.13495290086527,39.375091071314216,45.0
1049.0,39.13495290086527,39.37489060532965,45.0
1050.0,39.13495290086527,39.37469063843711,45.0
1051.0,39.13495290086527,39.374491168579226,45.0
1052.0,39.13495290086527,39.37429219371034,45.0
1053.0,39.13495290086527,39.374093711796554,45.0
1054.0,39.13495290086527,39.373895720815575,45.0
1055.0,39.13495290086527,39.373698218756616,45.0
1056.0,39.13495290086527,39.37350120362036,45.0
1057.0,39.13495290086527,39.37330467341883,45.0
1058.0,39.13495290086527,39.37310862617536,45.0
1059.0,39.13495290086527,39.372913059924464,45.0
1060.0,39.13495290086527,39.37271797271176,45.0
1061.0,39.13495290086527,39.37252336259397,45.0
1062.0,39.13495290086527,39.37232922763867,45.0
1063.0,39.13495290086527,39.37213556592441,45.0
1064.0,39.13495290086527,39.371942375540485,45.0
1065.0,39.13495290086527,39.371749654586964,45.0
1066.0,39.13495290086527,39.3715574011745,45.0
1067.0,39.13495290086527,39.37136561342435,45.0
1068.0,39.13495290086527,39.371174289468314,45.0
1069.0,39.13495290086527,39.37098342744852,45.0
1070.0,39.13495290086527,39.370793025517514,45.0
1071.0,39.13495290086527,39.3706030818381,45.0
1072.0,39.13495290086527,39.37041359458326,45.0
1073.0,39.13495290086527,39.37022456193612,45.0
1074.0,39.13495290086527,39.37003598208987,45.0
1075.0,39.13495290086527,39.36984785324767,45.0
1076.0,39.13495290086527,39.36966017362263,45.0
1077.0,39.13495290086527,39.369472941437635,45.0
1078.0,39.13495290086527,39.369286154925426,45.0
1079.0,39.13495290086527,39.3690998123284,45.0
1080.0,39.13495290086527,39.36891391189862,45.0
1081.0,39.13495290086527,39.3687284518977,45.0
1082.0,39.13495290086527,39.36854343059678,45.0
1083.0,39.13495290086527,39.368358846276436,45.0
1084.0,39.13495290086527,39.368174697226586,45.0
1085.0,39.13495290086527,39.367990981746516,45.0
1086.0,39.13495290086527,39.36780769814469,45.0
1087.0,39.13495290086527,39.36762484473879,45.0
1088.0,39.13495290086527,39.36744241985561,45.0
1089.0,39.13495290086527,39.36726042183099,45.0
1090.0,39.13495290086527,39.367078849009765,45.0
1091.0,39.13495290086527,39.366897699745664,45.0
1092.0,39.13495290086527,39.36671697240137,45.0
1093.0,39.13495290086527,39.366536665348264,45.0
1094.0,39.13495290086527,39.36635677696655,45.0
1095.0,39.13495290086527,39.36617730564508,45.0
1096.0,39.13495290086527,39.365998249781356,45.0
1097.0,39.13495290086527,39.365819607781404,45.0
1098.0,39.13495290086527,39.36564137805981,45.0
1099.0,39.13495290086527,39.365463559039604,45.0
1100.0,39.13495290086527,39.36528614915215,45.0
1101.0,39.13495290086527,39.36510914683721,45.0
1102.0,39.13495290086527,39.36493255054282,45.0
1103.0,39.13495290086527,39.36475635872522,45.0
1104.0,39.13495290086527,39.36458056984879,45.0
1105.0,39.13495290086527,39.36440518238609,45.0
1106.0,39.13495290086527,39.364230194817694,45.0
1107.0,39.13495290086527,39.36405560563218,45.0
1108.0,39.13495290086527,39.36388141332609,45.0
1109.0,39.13495290086527,39.36370761640384,45.0
1110.0,39.13495290086527,39.36353421337773,45.0
1111.0,39.13495290086527,39.36336120276782,45.0
1112.0,39.13495290086527,39.3631885831019,45.0
1113.0,39.13495290086527,39.363016352915466,45.0
1114.0,39.13495290086527,39.362844510751636,45.0
1115.0,39.13495290086527,39.36267305516113,45.0
1116.0,39.13495290086527,39.3625019847022,45.0
1117.0,39.13495290086527,39.36233129794055,45.0
1118.0,39.13495290086527,39.362160993449365,45.0
1119.0,39.13495290086527,39.36199106980919,45.0
1120.0,39.13495290086527,39.36182152560791,45.0
1121.0,39.13495290086527,39.361652359440704,45.0
1122.0,39.13495290086527,39.361483569909964,45.0
1123.0,39.13495290086527,39.361315155625334,45.0
1124.0,39.13495290086527,39.36114711520352,45.0
1125.0,39.13495290086527,39.36097944726842,45.0
1126.0,39.13495290086527,39.36081215045089,45.0
1127.0,39.13495290086527,39.36064522338886,45.0
1128.0,39.13495290086527,39.36047866472719,45.0
1129.0,39.13495290086527,39.36031247311766,45.0
1130.0,39.13495290086527,39.36014664721894,45.0
1131.0,39.13495290086527,39.35998118569647,45.0
1132.0,39.13495290086527,39.35981608722253,45.0
1133.0,39.13495290086527,39.3596513504761,45.0
1134.0,39.13495290086527,39.35948697414287,45.0
1135.0,39.13495290086527,39.359322956915165,45.0
1136.0,39.13495290086527,39.359159297491914,45.0
1137.0,39.13495290086527,39.35899599457864,45.0
1138.0,39.13495290086527,39.35883304688735,45.0
1139.0,39.13495290086527,39.358670453136554,45.0
1140.0,39.13495290086527,39.35850821205118,45.0
1141.0,39.13495290086527,39.35834632236258,45.0
1142.0,39.13495290086527,39.35818478280843,45.0
1143.0,39.13495290086527,39.35802359213274,45.0
1144.0,39.13495290086527,39.35786274908579,45.0
1145.0,39.13495290086527,39.3577022524241,45.0
1146.0,39.13495290086527,39.357542100910365,45.0
1147.0,39.13495290086527,39.35738229331345,45.0
1148.0,39.13495290086527,39.357222828408325,45.0
1149.0,39.13495290086527,39.35706370497607,45.0
1150.0,39.13495290086527,39.35690492180376,45.0
1151.0,39.13495290086527,39.3567464776845,45.0
1152.0,39.13495290086527,39.35658837141734,45.0
1153.0,39.13495290086527,39.35643060180725,45.0
1154.0,39.13495290086527,39.35627316766509,45.0
1155.0,39.13495290086527,39.35611606780762,45.0
1156.0,39.13495290086527,39.35595930105732,45.0
1157.0,39.13495290086527,39.355802866242534,45.0
1158.0,39.13495290086527,39.355646762197296,45.0
1159.0,39.13495290086527,39.35549098776135,45.0
1160.0,39.13495290086527,39.355335541780136,45.0
1161.0,39.13495290086527,39.355180423104706,45.0
1162.0,39.13495290086527,39.3550256305917,45.0
1163.0,39.13495290086527,39.35487116310333,45.0
1164.0,39.13495290086527,39.35471701950737,45.0
1165.0,39.13495290086527,39.35456319867704,45.0
1166.0,39.13495290086527,39.35440969949104,45.0
1167.0,39.13495290086527,39.35425652083351,45.0
1168.0,39.13495290086527,39.35410366159394,45.0
1169.0,39.13495290086527,39.35395112066726,45.0
1170.0,39.13495290086527,39.353798896953634,45.0
1171.0,39.13495290086527,39.35364698935857,45.0
1172.0,39.13495290086527,39.353495396792844,45.0
1173.0,39.13495290086527,39.35334411817243,45.0
1174.0,39.13495290086527,39.35319315241853,45.0
1175.0,39.13495290086527,39.353042498457484,45.0
1176.0,39.13495290086527,39.35289215522079,45.0
1177.0,39.13495290086527,39.352742121645015,45.0
1178.0,39.13495290086527,39.35259239667184,45.0
1179.0,39.13495290086527,39.352442979247925,45.0
1180.0,39.13495290086527,39.35229386832503,45.0
1181.0,39.13495290086527,39.35214506285979,45.0
1182.0,39.13495290086527,39.35199656181388,45.0
1183.0,39.13495290086527,39.35184836415381,45.0
1184.0,39.13495290086527,39.35170046885104,45.0
1185.0,39.13495290086527,39.35155287488189,45.0
1186.0,39.13495290086527,39.35140558122745,45.0
1187.0,39.13495290086527,39.35125858687369,45.0
1188.0,39.13495290086527,39.351111890811275,45.0
1189.0,39.13495290086527,39.350965492035684,45.0
1190.0,39.13495290086527,39.35081938954704,45.0
1191.0,39.13495290086527,39.350673582350204,45.0
1192.0,39.13495290086527,39.35052806945468,45.0
1193.0,39.13495290086527,39.3503828498746,45.0
1194.0,39.13495290086527,39.350237922628686,45.0
1195.0,39.13495290086527,39.350093286740275,45.0
1196.0,39.13495290086527,39.34994894123719,45.0
1197.0,39.13495290086527,39.349804885151826,45.0
1198.0,39.13495290086527,39.34966111752105,45.0
1199.0,39.13495290086527,39.34951763738622,45.0
1200.0,39.13495290086527,39.34937444379308,45.0
