"tick","donation-normed-small","donation-small","donation-valued-small"
1.0,25.0,47.667476472266074,77.0
2.0,25.0,77.0,77.0
3.0,25.0,77.0,77.0
4.0,25.0,77.0,77.0
5.0,25.0,77.0,77.0
6.0,25.0,77.0,77.0
7.0,25.0,77.0,77.0
8.0,25.0,77.0,77.0
9.0,25.0,77.0,77.0
10.0,25.0,77.0,77.0
11.0,25.0,77.0,77.0
12.0,25.0,77.0,77.0
13.0,25.0,77.0,77.0
14.0,25.0,77.0,77.0
15.0,25.0,77.0,77.0
16.0,25.0,77.0,77.0
17.0,25.0,77.0,77.0
18.0,25.0,77.0,77.0
19.0,25.0,77.0,77.0
20.0,25.0,77.0,77.0
21.0,25.0,77.0,77.0
22.0,25.0,77.0,77.0
23.0,25.0,77.0,77.0
24.0,25.0,77.0,77.0
25.0,25.0,77.0,77.0
26.0,25.0,77.0,77.0
27.0,25.0,77.0,77.0
28.0,25.0,77.0,77.0
29.0,25.0,77.0,77.0
30.0,25.0,77.0,77.0
31.0,25.0,77.0,77.0
32.0,25.0,77.0,77.0
33.0,25.0,77.0,77.0
34.0,25.0,77.0,77.0
35.0,25.0,77.0,77.0
36.0,25.0,77.0,77.0
37.0,25.0,77.0,77.0
38.0,25.0,77.0,77.0
39.0,25.0,77.0,77.0
40.0,25.0,77.0,77.0
41.0,25.0,77.0,77.0
42.0,25.0,77.0,77.0
43.0,25.0,77.0,77.0
44.0,25.0,77.0,77.0
45.0,25.0,77.0,77.0
46.0,25.0,77.0,77.0
47.0,25.0,77.0,77.0
48.0,25.0,77.0,77.0
49.0,33.666666666666664,65.012,65.0
50.0,33.666666666666664,65.024,65.0
51.0,33.666666666666664,65.036,65.0
52.0,39.342933333333335,65.048,65.0
53.0,65.0466341124286,65.04716096214305,65.0
54.0,65.0466341124286,65.1324205628146,65.0
55.0,65.0466341124286,65.38471943741523,65.0
56.0,65.0466341124286,66.09107813497629,65.0
57.0,65.0466341124286,68.03511823834225,65.0
58.0,65.0466341124286,73.1037932882984,65.0
59.0,65.0466341124286,73.10016916016379,65.0
60.0,65.0466341124286,72.76431170657354,65.0
61.0,65.0466341124286,71.56854769519768,65.0
62.0,65.0466341124286,76.88079361396736,65.0
63.0,65.0466341124286,73.90161332303407,65.0
64.0,65.0466341124286,74.0,65.0
65.0,65.0466341124286,74.089572499564,65.0
66.0,65.0466341124286,74.1715728752538,65.0
67.0,65.0466341124286,74.24701119355326,65.0
68.0,65.0466341124286,74.31671842700025,65.0
69.0,65.0466341124286,74.3813853171681,65.0
70.0,65.0466341124286,74.44159140373267,65.0
71.0,65.0466341124286,74.49782703131511,65.0
72.0,65.0466341124286,74.55051025721683,65.0
73.0,65.0466341124286,74.60000000000001,65.0
74.0,65.0466341124286,74.64660637834179,65.0
75.0,65.0466341124286,74.6905989232415,65.0
76.0,65.0466341124286,74.73221316194463,65.0
77.0,65.0466341124286,74.77165594187538,65.0
78.0,65.0466341124286,74.80910976997933,65.0
79.0,65.0466341124286,74.8447363756787,65.0
80.0,65.0466341124286,74.87867965644035,65.0
81.0,65.0466341124286,74.91106812853162,65.0
82.0,65.0466341124286,74.94201697828989,65.0
83.0,65.0466341124286,74.97162978865157,65.0
84.0,65.0466341124286,75.0,65.0
85.0,65.0466341124286,75.02721215233572,65.0
86.0,65.0466341124286,75.05334294643085,65.0
87.0,65.0466341124286,75.07846215433896,65.0
88.0,65.0466341124286,75.10263340389896,65.0
89.0,65.0466341124286,75.12591485733672,65.0
90.0,65.0466341124286,75.14835980045488,65.0
91.0,65.0466341124286,75.17001715600874,65.0
92.0,65.0466341124286,75.19093193253342,65.0
93.0,65.0466341124286,75.21114561800017,65.0
94.0,65.0466341124286,75.23069652614123,65.0
95.0,65.0466341124286,75.24962010202528,65.0
96.0,65.0466341124286,75.26794919243112,65.0
97.0,65.0466341124286,75.28571428571429,65.0
98.0,65.0466341124286,75.30294372515228,65.0
99.0,65.0466341124286,75.3196638991664,65.0
100.0,65.0466341124286,75.3358994113243,65.0
101.0,65.0466341124286,75.35167323261574,65.0
102.0,65.0466341124286,75.36700683814455,65.0
103.0,65.0466341124286,75.38192033008822,65.0
104.0,65.0466341124286,75.39643254852545,65.0
105.0,65.0466341124286,75.41056117152195,65.0
106.0,65.0466341124286,75.42432280568333,65.0
107.0,65.0466341124286,75.43773306823012,65.0
108.0,65.0466341124286,75.45080666151703,65.0
109.0,65.0466341124286,75.46355744080525,65.0
110.0,65.0466341124286,75.47599847599771,65.0
111.0,65.0466341124286,75.4881421079631,65.0
112.0,65.0466341124286,75.5,65.0
113.0,73.41869874037222,75.5115831849295,65.0
114.0,75.5115831849295,75.50731137479595,65.0
115.0,75.5115831849295,75.51688751745722,65.0
116.0,75.5115831849295,75.52621868269982,65.0
117.0,75.51367397032527,56.42857142857143,56.42857142857143
118.0,75.51367397032527,56.42857142857143,56.42857142857143
119.0,75.51367397032527,56.42857142857143,56.42857142857143
120.0,75.51367397032527,56.42857142857143,56.42857142857143
121.0,75.51367397032527,56.42857142857144,56.42857142857144
122.0,75.51367397032527,56.42857142857143,56.42857142857143
123.0,75.51367397032527,56.42857142857143,56.42857142857143
124.0,75.51367397032527,56.42857142857142,56.42857142857142
125.0,75.51367397032527,56.42857142857143,56.42857142857143
126.0,75.51367397032527,56.42857142857143,56.42857142857143
127.0,75.51367397032527,56.42857142857144,56.42857142857144
128.0,75.51367397032527,56.42857142857142,56.42857142857142
129.0,75.51367397032527,56.42857142857144,56.42857142857144
130.0,75.51367397032527,56.42857142857142,56.42857142857142
131.0,75.51367397032527,56.42857142857144,56.42857142857144
132.0,75.51367397032527,56.42857142857142,56.42857142857142
133.0,75.51367397032527,56.42857142857144,56.42857142857144
134.0,75.51367397032527,56.42857142857142,56.42857142857142
135.0,75.51367397032527,56.42857142857144,56.42857142857144
136.0,75.51367397032527,56.42857142857142,56.42857142857142
137.0,75.51367397032527,56.42857142857144,56.42857142857144
138.0,75.51367397032527,56.42857142857142,56.42857142857142
139.0,75.51367397032527,56.42857142857144,56.42857142857144
140.0,75.51367397032527,56.42857142857142,56.42857142857142
141.0,75.51367397032527,56.42857142857144,56.42857142857144
142.0,75.51367397032527,56.42857142857142,56.42857142857142
143.0,75.51367397032527,56.42857142857144,56.42857142857144
144.0,75.51367397032527,56.42857142857142,56.42857142857142
145.0,75.51367397032527,56.42857142857144,56.42857142857144
146.0,75.51367397032527,56.42857142857142,56.42857142857142
147.0,75.51367397032527,56.42857142857144,56.42857142857144
148.0,75.51367397032527,56.42857142857142,56.42857142857142
149.0,75.51367397032527,56.42857142857144,56.42857142857144
150.0,75.51367397032527,56.42857142857142,56.42857142857142
151.0,75.51367397032527,56.42857142857144,56.42857142857144
152.0,75.51367397032527,56.42857142857142,56.42857142857142
153.0,75.51367397032527,56.42857142857144,56.42857142857144
154.0,75.51367397032527,56.42857142857142,56.42857142857142
155.0,75.51367397032527,56.42857142857144,56.42857142857144
156.0,75.51367397032527,56.42857142857142,56.42857142857142
157.0,75.51367397032527,56.42857142857144,56.42857142857144
158.0,75.51367397032527,56.42857142857142,56.42857142857142
159.0,75.51367397032527,56.42857142857144,56.42857142857144
160.0,75.51367397032527,56.42857142857142,56.42857142857142
161.0,75.51367397032527,56.42857142857144,56.42857142857144
162.0,75.51367397032527,56.42857142857142,56.42857142857142
163.0,75.51367397032527,56.42857142857144,56.42857142857144
164.0,75.51367397032527,56.42857142857142,56.42857142857142
165.0,75.51367397032527,56.42857142857144,56.42857142857144
166.0,75.51367397032527,56.42857142857142,56.42857142857142
167.0,75.51367397032527,56.42857142857144,56.42857142857144
168.0,56.42857142857143,56.42857142857142,56.42857142857142
169.0,56.42857142857143,56.428571428571445,56.42857142857144
170.0,56.42857142857143,56.42857142857143,56.42857142857143
171.0,56.42857142857143,56.42857142857144,56.42857142857143
172.0,56.42857142857143,56.42857142857143,56.42857142857143
173.0,56.42857142857143,56.42857142857142,56.42857142857143
174.0,56.42857142857143,56.42857142857144,56.42857142857144
175.0,56.42857142857143,56.42857142857142,56.42857142857143
176.0,56.42857142857143,56.42857142857144,56.42857142857144
177.0,56.42857142857143,56.428571428571445,56.42857142857144
178.0,56.42857142857143,56.42857142857143,56.42857142857144
179.0,56.42857142857143,56.42857142857144,56.42857142857143
180.0,56.42857142857143,56.42857142857143,56.42857142857143
181.0,56.42857142857143,56.42857142857144,56.42857142857143
182.0,56.42857142857143,56.42857142857144,56.42857142857143
183.0,56.42857142857143,56.42857142857143,56.42857142857143
184.0,56.42857142857143,56.42857142857143,56.42857142857143
185.0,56.42857142857143,56.42857142857143,56.42857142857143
186.0,56.42857142857143,56.42857142857141,56.42857142857143
187.0,56.42857142857143,56.42857142857143,56.42857142857143
188.0,56.42857142857143,56.42857142857143,56.42857142857143
189.0,56.42857142857143,56.42857142857143,56.42857142857143
190.0,56.42857142857143,56.42857142857143,56.42857142857143
191.0,56.42857142857143,56.42857142857142,56.42857142857143
192.0,56.42857142857143,56.42857142857143,56.42857142857143
193.0,56.42857142857143,56.42857142857143,56.42857142857143
194.0,56.42857142857143,56.42857142857143,56.42857142857143
195.0,56.42857142857143,56.42857142857143,56.42857142857143
196.0,56.42857142857143,56.42857142857143,56.42857142857143
197.0,56.42857142857143,36.265037403166325,50.0
198.0,56.42857142857143,45.401979795322184,50.0
199.0,56.42857142857143,45.38527982390061,50.0
200.0,56.42857142857143,45.36936891104358,50.0
201.0,56.42857142857143,45.3541868147508,50.0
202.0,56.42857142857143,45.33967954142661,50.0
203.0,56.42857142857143,45.32579853656958,50.0
204.0,56.42857142857143,45.3125,50.0
205.0,56.42857142857143,45.29974430359263,50.0
206.0,56.42857142857143,45.28749549386054,50.0
207.0,56.42857142857143,45.275720865153616,50.0
208.0,56.42857142857143,45.26439059192236,50.0
209.0,56.42857142857143,45.25347741062341,50.0
210.0,56.42857142857143,45.24295634353677,50.0
211.0,56.42857142857143,45.2328044581209,50.0
212.0,56.42857142857143,45.22300065662496,50.0
213.0,56.42857142857143,45.21352549156242,50.0
214.0,56.42857142857143,45.2043610033713,50.0
215.0,56.42857142857143,45.195490577175654,50.0
216.0,56.42857142857143,45.186898816047915,50.0
217.0,56.42857142857143,45.17857142857143,50.0
218.0,56.42857142857143,45.170495128834865,50.0
219.0,56.42857142857143,45.16265754726575,50.0
220.0,56.42857142857143,45.155047150941726,50.0
221.0,56.42857142857143,45.14765317221138,50.0
222.0,56.42857142857143,45.140465544619744,50.0
223.0,56.42857142857143,45.133474845271145,50.0
224.0,56.42857142857143,45.12667224287869,50.0
225.0,56.42857142857143,45.12004945084909,50.0
226.0,56.42857142857143,45.11359868483594,50.0
227.0,56.42857142857143,45.10731262426714,50.0
228.0,56.42857142857143,45.10118437741389,50.0
229.0,56.42857142857143,45.09520744962254,50.0
230.0,56.42857142857143,45.089375714376075,50.0
231.0,56.42857142857143,45.083683386892304,50.0
232.0,56.42857142857143,45.078125,50.0
233.0,56.42857142857143,45.072695382064296,50.0
234.0,56.42857142857143,45.06738963675875,50.0
235.0,56.42857142857143,45.062203124504215,50.0
236.0,56.42857142857143,45.05713144541468,50.0
237.0,56.42857142857143,45.05217042360745,50.0
238.0,56.42857142857143,45.0473160927506,50.0
239.0,56.42857142857143,45.04256468273404,50.0
240.0,56.42857142857143,45.03791260736239,50.0
241.0,56.42857142857143,45.03335645297823,50.0
242.0,56.42857142857143,45.028892967933984,50.0
243.0,56.42857142857143,45.02451905283833,50.0
244.0,56.42857142857143,45.020231751510956,50.0
245.0,56.42857142857143,45.01602824258546,50.0
246.0,56.42857142857143,45.011905831706336,50.0
247.0,56.42857142857143,45.007861944270886,50.0
248.0,49.5580639681548,45.003894118671816,50.0
249.0,46.52520810888039,45.010004492539586,50.0
250.0,46.52520810888039,45.0019034633909,50.0
251.0,46.52520810888039,44.993871728342214,50.0
252.0,46.52520810888039,44.98590721886924,50.0
253.0,46.52520810888039,44.97229818968029,50.0
254.0,46.52520810888039,45.04365647931157,50.0
255.0,46.52520810888039,45.144762995848176,50.0
256.0,46.52520810888039,45.4256659612922,50.0
257.0,46.52520810888039,46.19520197462479,50.0
258.0,46.52520810888039,48.13623807971767,50.0
259.0,46.52520810888039,42.186464504255895,50.0
260.0,46.52520810888039,42.10147831396766,50.0
261.0,46.52520810888039,42.0282803587488,50.0
262.0,46.52520810888039,41.96434950439499,50.0
263.0,46.52520810888039,41.9078544321585,50.0
264.0,46.52520810888039,41.85743022916132,50.0
265.0,46.52520810888039,41.81203701175605,50.0
266.0,46.52520810888039,46.827656547752056,50.0
267.0,46.52520810888039,46.7929500932722,50.0
268.0,46.52520810888039,46.76127599914206,50.0
269.0,46.52520810888039,46.73222108685623,50.0
270.0,46.52520810888039,46.70544637625107,50.0
271.0,46.52520810888039,46.68067088128059,50.0
272.0,46.52520810888039,46.65765951274553,50.0
273.0,46.52520810888039,46.636213916137564,50.0
274.0,46.52520810888039,46.61616544128196,50.0
275.0,46.52520810888039,46.59736968322093,50.0
276.0,46.52520810888039,46.57970219680101,50.0
277.0,46.52520810888039,46.56305509883994,50.0
278.0,46.52520810888039,46.547334349123695,50.0
279.0,46.52520810888039,46.53245755601895,50.0
280.0,46.52520810888039,46.51835219145143,50.0
281.0,46.52520810888039,46.50495412819276,50.0
282.0,46.52520810888039,46.49220643303721,50.0
283.0,46.52520810888039,46.4800583647232,50.0
284.0,46.52520810888039,46.46846453687304,50.0
285.0,46.52520810888039,46.45738421484319,50.0
286.0,46.52520810888039,46.44678072193873,50.0
287.0,46.52520810888039,46.43662093548604,50.0
288.0,46.52520810888039,46.426874857156456,50.0
289.0,46.52520810888039,46.41751524497516,50.0
290.0,46.52520810888039,46.40851729683609,50.0
291.0,46.52520810888039,46.39985837723103,50.0
292.0,46.52520810888039,46.39151778040098,50.0
293.0,46.52520810888039,46.38347652431921,50.0
294.0,46.52520810888039,46.37571717088029,50.0
295.0,46.52520810888039,46.36822366845173,50.0
296.0,46.52520810888039,46.36098121357916,50.0
297.0,46.52520810888039,46.353976129155654,50.0
298.0,46.52520810888039,46.34719575679138,50.0
299.0,46.52520810888039,46.340628361471005,50.0
300.0,46.52520810888039,46.33426304687725,50.0
301.0,46.52520810888039,46.32808968000039,50.0
302.0,46.52520810888039,46.3220988238556,50.0
303.0,46.52520810888039,46.31628167729882,50.0
304.0,46.52520810888039,46.31063002107366,50.0
305.0,46.52520810888039,46.30513616934247,50.0
306.0,46.52520810888039,46.29979292605506,50.0
307.0,46.52520810888039,46.29459354559574,50.0
308.0,46.52520810888039,46.28953169722188,50.0
309.0,46.52520810888039,46.28460143287046,50.0
310.0,46.52520810888039,46.279797157962186,50.0
311.0,46.52520810888039,46.27511360487943,50.0
312.0,46.52520810888039,46.27054580883351,50.0
313.0,46.52520810888039,46.26608908587132,50.0
314.0,46.52520810888039,46.26173901280105,50.0
315.0,46.52520810888039,46.25749140884224,50.0
316.0,46.52520810888039,46.25334231882812,50.0
317.0,45.18510057160367,46.249287997807485,50.0
318.0,45.18510057160367,46.23835978937326,50.0
319.0,45.18510057160367,46.22751943528334,50.0
320.0,45.18510057160367,46.21676374089354,50.0
321.0,45.18510057160367,46.206089671679045,50.0
322.0,45.18510057160367,46.19946946800209,50.0
323.0,45.18510057160367,46.13949034636937,50.0
324.0,45.18510057160367,45.98263073375754,50.0
325.0,45.18510057160367,45.562294059474134,50.0
326.0,45.18510057160367,44.42562828463993,50.0
327.0,45.18510057160367,41.4507111556387,50.0
328.0,45.18510057160367,41.34499864357437,50.0
329.0,45.18510057160367,26.0113537828713,50.0
330.0,45.18510057160367,37.30412812508942,50.0
331.0,45.18510057160367,37.29442170997233,50.0
332.0,45.18510057160367,37.28489124465826,50.0
333.0,45.18510057160367,37.27553147680342,50.0
334.0,45.18510057160367,37.266337370980736,50.0
335.0,45.18510057160367,37.257304097296135,50.0
336.0,45.18510057160367,37.24842702072655,50.0
337.0,45.18510057160367,37.23970169112621,50.0
338.0,45.18510057160367,37.23112383385232,50.0
339.0,45.18510057160367,37.22268934096522,50.0
340.0,45.18510057160367,37.21439426296181,50.0
341.0,45.18510057160367,37.206234801004726,50.0
342.0,45.18510057160367,37.19820729961209,50.0
343.0,45.18510057160367,37.19030823977635,50.0
344.0,45.18510057160367,37.1825342324824,50.0
345.0,45.18510057160367,37.17488201259823,50.0
346.0,45.18510057160367,37.16734843311264,50.0
347.0,45.18510057160367,37.15993045969745,50.0
348.0,45.18510057160367,37.15262516557233,50.0
349.0,45.18510057160367,37.14542972665304,50.00000000000001
350.0,45.18510057160367,37.13834141696426,50.0
351.0,45.18510057160367,37.13135760430065,50.0
352.0,45.18510057160367,37.12447574611994,49.99999999999999
353.0,45.18510057160367,37.11769338565393,50.0
354.0,45.18510057160367,37.11100814822352,50.0
355.0,45.18510057160367,37.10441773774558,50.0
356.0,45.18510057160367,37.09791993341962,50.0
357.0,44.28652494513877,33.52935540140035,45.0
358.0,44.28652494513877,33.52730497574466,45.0
359.0,44.28652494513877,33.52533131879215,45.0
360.0,44.28652494513877,33.52343269759412,45.0
361.0,44.28652494513877,33.5195719980194,45.0
362.0,44.28652494513877,33.543144010516215,45.0
363.0,44.28652494513877,33.61643074406076,45.0
364.0,44.28652494513877,33.824734027652575,44.99999999999999
365.0,44.28652494513877,34.39993094548023,45.0
366.0,44.28652494513877,35.91649149725407,45.0
367.0,44.28652494513877,35.963992635785374,45.0
368.0,44.28652494513877,36.004851077978316,45.0
369.0,44.28652494513877,36.04038165956728,45.0
370.0,44.28652494513877,36.071563849892314,45.0
371.0,44.28652494513877,36.09914420621328,45.0
372.0,44.28652494513877,36.12370300173123,45.0
373.0,44.28652494513877,36.145698949716206,45.0
374.0,44.28652494513877,36.16550005482856,45.0
375.0,44.28652494513877,36.1834054061477,45.00000000000001
376.0,44.28652494513877,36.1996608960334,44.99999999999999
377.0,44.28652494513877,36.21447076924363,45.0
378.0,44.28652494513877,36.228006249429704,45.0
379.0,44.28652494513877,36.240412078649214,45.0
380.0,42.479247942034704,36.25181154145049,45.0
381.0,41.328506542547245,36.26621738047594,45.0
382.0,41.328506542547245,36.27247189409968,44.99999999999999
383.0,41.328506542547245,36.27799624671952,45.0
384.0,41.328506542547245,36.28285957171165,45.0
385.0,41.328506542547245,36.28489269373907,45.0
386.0,41.328506542547245,36.320542825800246,45.0
387.0,41.328506542547245,36.3537526117066,45.0
388.0,41.328506542547245,36.43213983947939,45.0
389.0,41.328506542547245,36.63415602128771,45.0
390.0,41.328506542547245,37.11181398554051,45.0
391.0,41.328506542547245,34.04192094593085,45.0
392.0,41.328506542547245,33.98872487966693,45.0
393.0,41.328506542547245,33.94312382201938,45.00000000000001
394.0,41.328506542547245,33.903504839522405,45.0
395.0,41.328506542547245,33.868688233223146,45.0
396.0,41.328506542547245,33.837789845654555,45.0
397.0,41.328506542547245,33.81013309368112,45.0
398.0,41.328506542547245,33.78519086914473,45.0
399.0,41.328506542547245,33.76254605263304,45.0
400.0,41.328506542547245,33.741864001535646,45.0
401.0,41.328506542547245,33.72287295826487,45.0
402.0,41.328506542547245,33.70534982669074,44.99999999999999
403.0,41.328506542547245,33.68910966682889,45.0
404.0,41.328506542547245,33.67399781529255,45.0
405.0,41.328506542547245,33.659883892551775,45.0
406.0,41.328506542547245,33.64665718748078,45.0
407.0,38.32788973070721,33.63422306171441,45.0
408.0,36.8268041919268,33.62966022903939,45.0
409.0,36.8268041919268,33.629317453283846,45.0
410.0,36.8268041919268,33.62955424057461,45.0
411.0,36.8268041919268,33.630317104316156,45.0
412.0,36.8268041919268,33.627472682360555,45.0
413.0,36.8268041919268,33.67795418232048,45.0
414.0,36.8268041919268,33.85596462045319,45.0
415.0,36.8268041919268,34.35509352407795,45.0
416.0,36.8268041919268,35.726450551227664,45.0
417.0,36.8268041919268,39.35605375668948,45.0
418.0,36.8268041919268,44.61493546980563,45.0
419.0,36.8268041919268,44.72246492539064,45.0
420.0,36.8268041919268,44.81748737934687,45.0
421.0,36.8268041919268,44.90232984605322,45.0
422.0,36.8268041919268,44.978747185263124,45.0
423.0,36.8268041919268,45.04809197477201,45.0
424.0,36.8268041919268,45.11142642292982,45.0
425.0,36.8268041919268,45.16959835668683,45.0
426.0,36.8268041919268,45.22329417966795,45.0
427.0,36.8268041919268,45.27307662921732,45.0
428.0,36.8268041919268,42.5404852233383,45.0
429.0,36.8268041919268,42.56447626715539,45.0
430.0,36.8268041919268,42.58707177932234,45.0
431.0,36.8268041919268,42.6084067105615,45.0
432.0,36.8268041919268,42.62859770594715,45.0
433.0,36.8268041919268,42.64774624346941,45.0
434.0,36.8268041919268,42.665941132830255,45.0
435.0,36.8268041919268,42.6832605237537,45.0
436.0,36.8268041919268,42.699773534211005,45.0
437.0,36.8268041919268,42.715541581183736,45.0
438.0,36.8268041919268,42.730619476482495,45.0
439.0,36.8268041919268,42.74505633541146,45.0
440.0,36.8268041919268,42.758896335158674,45.0
441.0,36.8268041919268,42.77217935162617,45.0
442.0,36.8268041919268,42.784941497241476,45.0
443.0,36.8268041919268,42.79721557758463,45.0
444.0,36.8268041919268,42.80903148104326,45.0
445.0,36.8268041919268,42.82041651290053,45.0
446.0,36.8268041919268,42.83139568306629,45.0
447.0,36.8268041919268,42.84199195493604,45.0
448.0,36.8268041919268,42.8522264614941,45.0
449.0,36.8268041919268,42.86211869368751,45.0
450.0,36.8268041919268,42.871686665222576,45.0
451.0,36.8268041919268,42.88094705723045,45.0
452.0,36.8268041919268,42.889915345676386,45.0
453.0,36.8268041919268,42.898605913920385,45.0
454.0,36.8268041919268,42.90703215245533,45.0
455.0,36.8268041919268,42.91520654753366,45.0
456.0,36.8268041919268,42.92314076013402,45.0
457.0,36.8268041919268,42.93084569650287,45.0
458.0,36.8268041919268,42.93833157132635,45.0
459.0,36.8268041919268,42.94560796443656,45.0
460.0,36.8268041919268,42.95268387183012,45.0
461.0,36.8268041919268,42.95956775166951,45.0
462.0,36.8268041919268,42.966267565848014,45.0
463.0,36.8268041919268,42.97279081762137,45.0
464.0,36.8268041919268,42.97914458574477,45.0
465.0,36.8268041919268,42.98533555549729,45.0
466.0,36.8268041919268,42.99137004692824,45.0
467.0,36.8268041919268,42.997254040618785,45.0
468.0,36.8268041919268,43.002993201216356,45.0
469.0,37.997046155862876,43.008592898969376,45.0
470.0,37.997046155862876,43.01880930357483,45.0
471.0,37.997046155862876,43.02889617995449,45.0
472.0,37.997046155862876,43.038858127240864,45.0
473.0,37.997046155862876,43.04869951998907,45.0
474.0,37.997046155862876,43.05571299013186,45.0
475.0,37.997046155862876,43.09906332864495,45.0
476.0,37.997046155862876,43.20843968889045,45.0
477.0,37.997046155862876,43.497483669633716,45.0
478.0,37.997046155862876,44.27509880186843,45.0
479.0,39.327155623382126,46.30657807000837,45.0
480.0,39.327155623382126,43.22540394423841,45.0
481.0,39.327155623382126,43.292719546678946,45.0
482.0,39.327155623382126,43.352823169576254,45.0
483.0,39.327155623382126,43.407022199392195,45.0
484.0,39.327155623382126,43.45351178225807,45.0
485.0,39.327155623382126,43.53353308012057,45.0
486.0,39.327155623382126,43.67837405530041,45.0
487.0,39.327155623382126,44.00595181395982,45.0
488.0,39.327155623382126,44.83586012338258,45.0
489.0,39.327155623382126,43.70203267806272,45.0
490.0,39.327155623382126,43.799887284116465,45.0
491.0,39.327155623382126,43.886732538949545,45.0
492.0,39.327155623382126,43.96457473930033,45.0
493.0,39.327155623382126,44.03492984519107,45.0
494.0,39.327155623382126,44.098969722082835,45.0
495.0,39.327155623382126,44.157617953690604,45.0
496.0,39.327155623382126,44.211614660830364,45.0
497.0,39.327155623382126,44.26156157883506,45.0
498.0,39.327155623382126,44.30795416679221,45.0
499.0,39.327155623382126,44.351204965453796,45.0
500.0,39.327155623382126,44.391660907794346,45.0
501.0,39.327155623382126,44.42961636190257,45.0
502.0,39.327155623382126,44.465323105043716,45.0
503.0,39.327155623382126,44.498998053412976,45.0
504.0,39.327155623382126,44.530829325369744,45.0
505.0,39.327155623382126,44.560981049962976,45.0
506.0,39.327155623382126,44.58959721881643,45.0
507.0,39.327155623382126,44.616804800174485,45.0
508.0,39.327155623382126,44.6427162778074,45.0
509.0,39.327155623382126,44.667431737203565,45.0
510.0,39.327155623382126,44.691040592187015,45.0
511.0,39.327155623382126,44.71362302353998,45.0
512.0,39.327155623382126,44.73525118516169,45.0
513.0,39.327155623382126,44.75599022122373,45.0
514.0,39.327155623382126,44.7758991286149,45.0
515.0,39.327155623382126,44.79503149194228,45.0
516.0,39.327155623382126,44.81343611292441,45.0
517.0,39.327155623382126,44.8311575517821,45.0
518.0,39.327155623382126,44.84823659491069,45.0
519.0,39.327155623382126,44.86471066049303,45.0
520.0,39.327155623382126,44.88061415162289,45.0
521.0,39.327155623382126,44.895978764836144,45.0
522.0,39.327155623382126,44.91083376059938,45.0
523.0,39.327155623382126,44.925206201214145,45.0
524.0,39.327155623382126,44.939121160706264,45.0
525.0,39.327155623382126,44.952601910541645,45.0
526.0,39.327155623382126,44.96567008441204,45.0
527.0,39.327155623382126,44.97834582483934,45.0
528.0,39.327155623382126,44.990647913936755,45.0
529.0,39.327155623382126,45.00259389032337,45.0
530.0,39.327155623382126,45.014200153902024,45.0
531.0,40.75101474314954,45.02548205997054,45.0
532.0,40.75101474314954,45.04145714093594,45.0
533.0,40.75101474314954,45.057135771714975,45.0
534.0,40.75101474314954,45.07253064979628,45.0
535.0,40.75101474314954,45.08765372076559,45.0
536.0,40.75101474314954,45.09966084557053,45.0
537.0,40.75101474314954,45.149801088732225,45.0
538.0,40.75101474314954,45.269344756360795,45.0
539.0,40.75101474314954,45.577968232017625,45.0
540.0,42.3585054939439,46.400968891292926,45.0
541.0,42.3585054939439,54.52587148694049,45.0
542.0,42.3585054939439,56.980500068292585,45.0
543.0,42.3585054939439,52.85456968634838,45.0
544.0,42.3585054939439,52.915969257224276,45.0
545.0,42.3585054939439,52.97107593523868,45.0
546.0,42.3585054939439,53.02094280871364,45.0
547.0,42.3585054939439,53.066389437327665,45.0
548.0,42.3585054939439,53.10806460838961,45.0
549.0,42.3585054939439,53.146489630631535,45.0
550.0,42.3585054939439,53.18208891961335,45.0
551.0,42.3585054939439,53.21521206108231,45.0
552.0,42.3585054939439,53.24615002397057,45.0
553.0,42.3585054939439,53.27514727261749,45.0
554.0,42.3585054939439,53.302410950552826,45.0
555.0,42.3585054939439,53.328117937701094,45.0
556.0,42.3585054939439,53.35242033972266,45.0
557.0,42.3585054939439,53.37544980538277,45.0
558.0,42.3585054939439,53.3973209567861,45.0
559.0,42.3585054939439,53.4181341402973,45.0
560.0,42.3585054939439,53.43797765173402,45.0
561.0,42.3585054939439,53.45692955068709,45.0
562.0,42.3585054939439,53.475059150802075,45.0
563.0,42.3585054939439,53.492428252340616,45.0
564.0,43.519954990512915,53.509092168150396,45.0
565.0,43.519954990512915,53.51991382429945,45.0
566.0,43.519954990512915,53.53012475911089,45.00000000000001
567.0,43.519954990512915,53.53976546013498,45.0
568.0,43.519954990512915,53.54887264377752,45.0
569.0,43.519954990512915,53.56043988664051,45.0
570.0,43.519954990512915,53.53174567445847,45.0
571.0,43.519954990512915,53.430410252436076,45.0
572.0,43.519954990512915,53.13240027024082,45.0
573.0,43.519954990512915,52.3005122191047,45.0
574.0,43.519954990512915,50.0992991444636,45.0
575.0,43.519954990512915,50.03431884410895,45.0
576.0,43.519954990512915,49.978757662198085,45.0
577.0,43.519954990512915,49.930718505023385,45.0
578.0,43.519954990512915,49.888790833221904,45.0
579.0,43.519954990512915,49.85190177219009,45.0
580.0,43.519954990512915,49.819219312874225,45.0
581.0,43.519954990512915,49.79008735689859,45.0
582.0,43.519954990512915,49.76398092763259,45.0
583.0,45.20824683587714,49.74047454653845,45.0
584.0,45.20824683587714,49.71356577969473,45.0
585.0,45.20824683587714,49.688619467007996,45.0
586.0,45.20824683587714,49.665394258625014,45.0
587.0,45.20824683587714,49.64368680645972,45.0
588.0,45.20824683587714,49.62655115260711,45.0
589.0,45.20824683587714,49.56723940167058,45.0
590.0,45.20824683587714,49.430299861621776,45.0
591.0,45.20824683587714,49.08039651856033,45.0
592.0,45.20824683587714,48.14985079984032,45.00000000000001
593.0,46.69496947467554,45.72790426264672,45.0
594.0,46.69496947467554,45.64097428624043,45.0
595.0,46.69496947467554,45.56531906242489,45.0
596.0,46.69496947467554,45.49879513654007,45.0
597.0,46.69496947467554,45.43979713735509,45.0
598.0,46.69496947467554,45.38401618128281,45.0
599.0,46.69496947467554,45.37494807668638,45.0
600.0,46.69496947467554,45.44552840186318,45.0
601.0,46.69496947467554,45.724148755742945,45.0
602.0,46.69496947467554,46.560987590318376,45.0
603.0,46.69496947467554,48.8244340088241,45.0
604.0,46.69496947467554,48.868715366743594,45.0
605.0,46.69496947467554,48.905238117196774,44.99999999999999
606.0,46.69496947467554,48.935741872553194,45.0
607.0,46.69496947467554,48.9614947975133,45.0
608.0,46.69496947467554,48.98344217802914,45.0
609.0,46.69496947467554,49.002302154979176,45.0
610.0,46.69496947467554,49.01862935310069,45.0
611.0,46.69496947467554,49.032858313469944,45.0
612.0,46.69496947467554,49.04533383493052,45.0
613.0,46.69496947467554,49.056332605795696,45.0
614.0,46.69496947467554,49.06607890621614,45.0
615.0,46.69496947467554,49.07475619095966,45.0
616.0,46.69496947467554,49.08251575741496,45.0
617.0,46.69496947467554,49.08948331725128,45.0
618.0,46.69496947467554,49.095764037891755,45.0
619.0,46.69496947467554,49.101446451941555,45.0
620.0,46.69496947467554,49.10660551878016,45.0
621.0,46.69496947467554,49.111305043992374,44.99999999999999
622.0,46.69496947467554,49.11559960736061,45.0
623.0,46.69496947467554,49.11953611115429,45.0
624.0,46.69496947467554,49.123155032441524,45.0
625.0,46.69496947467554,49.12649144278239,45.0
626.0,46.69496947467554,49.12957584369613,45.0
627.0,46.69496947467554,49.13243485518089,44.99999999999999
628.0,46.69496947467554,49.13509178623501,45.0
629.0,46.69496947467554,49.13756711002978,45.0
630.0,46.69496947467554,49.13987886158046,45.0
631.0,46.69496947467554,49.14204297207156,45.0
632.0,46.69496947467554,49.14407355113466,45.0
633.0,46.69496947467554,49.145983126150504,45.0
634.0,46.69496947467554,49.14778284589889,45.0
635.0,46.69496947467554,49.14948265450077,45.0
636.0,46.69496947467554,49.151091440501446,45.0
637.0,46.69496947467554,49.15261716506859,45.0
638.0,46.69496947467554,49.154066972577326,45.0
639.0,46.69496947467554,49.15544728628723,45.0
640.0,46.69496947467554,49.15676389135777,45.0
641.0,46.69496947467554,49.15802200707388,45.0
642.0,46.69496947467554,49.159226349848296,45.0
643.0,46.69496947467554,49.16038118831529,45.0
644.0,46.69496947467554,49.16149039162422,45.0
645.0,46.69496947467554,49.16255747186886,45.0
646.0,46.69496947467554,49.16358562144702,45.0
647.0,46.69496947467554,49.164577746025394,45.0
648.0,46.69496947467554,49.16553649368601,45.0
649.0,46.69496947467554,49.16646428074669,45.0
650.0,46.69496947467554,49.16736331467815,45.0
651.0,46.69496947467554,49.16823561448114,45.0
652.0,46.69496947467554,49.16908302883669,45.0
653.0,46.69496947467554,49.16990725229991,45.0
654.0,46.69496947467554,49.17070983977209,45.0
655.0,46.69496947467554,49.17149221945396,45.0
656.0,46.69496947467554,49.17225570445751,45.0
657.0,46.69496947467554,49.173001503230196,45.0
658.0,46.69496947467554,49.17373072892654,45.0
659.0,46.69496947467554,49.17444440784478,45.0
660.0,46.69496947467554,49.17514348703194,45.0
661.0,46.69496947467554,49.17582884114827,45.0
662.0,46.69496947467554,49.1765012786706,45.0
663.0,46.69496947467554,49.17716154750538,45.0
664.0,46.69496947467554,49.177810340073236,45.0
665.0,46.69496947467554,49.178448297920255,45.0
666.0,46.69496947467554,49.1790760159045,45.0
667.0,46.69496947467554,49.17969404600103,45.0
668.0,46.69496947467554,49.18030290076384,45.0
669.0,46.69496947467554,49.18090305647861,45.0
670.0,46.69496947467554,49.18149495603711,45.0
671.0,46.69496947467554,49.1820790115598,45.0
672.0,46.69496947467554,49.18265560679141,45.0
673.0,46.69496947467554,49.18322509929076,45.0
674.0,46.69496947467554,49.18378782243455,45.0
675.0,46.69496947467554,49.18434408725218,45.0
676.0,46.69496947467554,49.18489418410749,45.0
677.0,46.69496947467554,49.18543838424145,45.0
678.0,46.69496947467554,49.185976941188144,45.0
679.0,46.69496947467554,49.18651009207579,45.0
680.0,46.69496947467554,49.18703805882288,45.0
681.0,46.69496947467554,49.18756104923857,45.0
682.0,46.69496947467554,49.18807925803602,45.0
683.0,46.69496947467554,49.18859286776587,45.0
684.0,46.69496947467554,49.189102049677075,45.0
685.0,46.69496947467554,49.18960696451092,45.0
686.0,46.69496947467554,49.19010776323423,45.0
687.0,46.69496947467554,49.19060458771656,45.0
688.0,46.69496947467554,49.191097571356245,45.0
689.0,46.69496947467554,49.19158683965942,45.0
690.0,46.69496947467554,49.19207251077586,45.0
691.0,46.69496947467554,49.19255469599514,45.0
692.0,46.69496947467554,49.19303350020639,45.0
693.0,46.69496947467554,49.19350902232449,45.0
694.0,46.69496947467554,49.19398135568529,45.0
695.0,46.69496947467554,49.194450588412494,45.0
696.0,46.69496947467554,49.19491680375823,45.0
697.0,46.69496947467554,49.195380080419405,45.0
698.0,46.69496947467554,49.195840492831806,45.0
699.0,46.69496947467554,49.1962981114435,45.0
700.0,46.69496947467554,49.196753002969196,45.0
701.0,46.69496947467554,49.19720523062704,45.0
702.0,46.69496947467554,49.197654854358966,45.0
703.0,46.69496947467554,49.19810193103608,45.0
704.0,46.69496947467554,49.19854651465008,45.0
705.0,46.69496947467554,49.19898865649162,45.0
706.0,46.69496947467554,49.19942840531678,45.0
707.0,46.69496947467554,49.19986580750231,45.0
708.0,46.69496947467554,49.200300907190645,45.0
709.0,46.69496947467554,49.20073374642523,45.0
710.0,46.69496947467554,49.20116436527701,45.0
711.0,46.69496947467554,49.20159280196262,45.0
712.0,46.69496947467554,49.20201909295486,45.0
713.0,46.69496947467554,49.20244327308603,45.0
714.0,46.69496947467554,49.20286537564462,45.0
715.0,46.69496947467554,49.20328543246576,45.0
716.0,46.69496947467554,49.203703474015946,45.0
717.0,46.69496947467554,49.20411952947235,45.0
718.0,46.69496947467554,49.20453362679716,45.0
719.0,46.69496947467554,49.204945792807166,45.0
720.0,46.69496947467554,49.20535605323909,45.0
721.0,46.69496947467554,49.20576443281078,45.0
722.0,46.69496947467554,49.20617095527862,45.0
723.0,46.69496947467554,49.206575643491405,45.0
724.0,46.69496947467554,49.206978519440895,45.0
725.0,46.69496947467554,49.20737960430928,45.0
726.0,46.69496947467554,49.20777891851378,45.0
727.0,46.69496947467554,49.20817648174846,45.0
728.0,46.69496947467554,49.20857231302361,45.0
729.0,46.69496947467554,49.20896643070269,45.0
730.0,46.69496947467554,49.20935885253709,45.0
731.0,46.69496947467554,49.20974959569885,45.0
732.0,46.69496947467554,49.21013867681131,45.0
733.0,46.69496947467554,49.21052611197812,45.0
734.0,46.69496947467554,49.21091191681041,45.0
735.0,46.69496947467554,49.21129610645236,45.0
736.0,46.69496947467554,49.211678695605414,45.0
737.0,46.69496947467554,49.2120596985509,45.0
738.0,46.69496947467554,49.21243912917146,45.0
739.0,46.69496947467554,49.21281700097118,45.0
740.0,46.69496947467554,49.21319332709462,45.0
741.0,46.69496947467554,49.21356812034466,45.0
742.0,46.69496947467554,49.213941393199406,45.0
743.0,46.69496947467554,49.21431315782808,45.0
744.0,46.69496947467554,49.21468342610606,45.0
745.0,46.69496947467554,49.21505220962901,45.0
746.0,46.69496947467554,49.21541951972623,45.0
747.0,46.69496947467554,49.215785367473295,45.0
748.0,46.69496947467554,49.21614976370394,45.0
749.0,46.69496947467554,49.21651271902127,45.0
750.0,46.69496947467554,49.21687424380843,45.0
751.0,46.69496947467554,49.217234348238556,45.0
752.0,46.69496947467554,49.21759304228432,45.0
753.0,46.69496947467554,49.2179503357268,45.0
754.0,46.69496947467554,49.21830623816398,45.0
755.0,46.69496947467554,49.21866075901873,45.0
756.0,46.69496947467554,49.2190139075464,45.0
757.0,46.69496947467554,49.219365692841876,45.0
758.0,46.69496947467554,49.219716123846446,45.0
759.0,46.69496947467554,49.22006520935413,45.0
760.0,46.69496947467554,49.22041295801774,45.0
761.0,46.69496947467554,49.2207593783546,45.0
762.0,46.69496947467554,49.22110447875204,45.0
763.0,46.69496947467554,49.22144826747239,45.0
764.0,46.69496947467554,49.221790752657995,45.0
765.0,46.69496947467554,49.22213194233567,45.0
766.0,46.69496947467554,49.22247184442121,45.0
767.0,46.69496947467554,49.22281046672338,45.0
768.0,46.69496947467554,49.22314781694797,45.0
769.0,46.69496947467554,49.22348390270138,45.0
770.0,46.69496947467554,49.223818731494234,45.0
771.0,46.69496947467554,49.224152310744685,45.0
772.0,46.69496947467554,49.22448464778156,45.0
773.0,46.69496947467554,49.22481574984741,45.0
774.0,46.69496947467554,49.22514562410134,45.0
775.0,46.69496947467554,49.225474277621714,45.0
776.0,46.69496947467554,49.225801717408736,45.0
777.0,46.69496947467554,49.22612795038686,45.0
778.0,46.69496947467554,49.22645298340718,45.0
779.0,46.69496947467554,49.22677682324954,45.0
780.0,46.69496947467554,49.227099476624716,45.0
781.0,46.69496947467554,49.227420950176345,45.0
782.0,46.69496947467554,49.22774125048285,45.0
783.0,46.69496947467554,49.22806038405921,45.0
784.0,46.69496947467554,49.22837835735874,45.0
785.0,46.69496947467554,49.228695176774636,45.0
786.0,46.69496947467554,49.22901084864159,45.0
787.0,46.69496947467554,49.229325379237245,45.0
788.0,46.69496947467554,49.229638774783595,45.0
789.0,46.69496947467554,49.229951041448345,45.0
790.0,46.69496947467554,49.2302621853462,45.0
791.0,46.69496947467554,49.23057221254003,45.0
792.0,46.69496947467554,49.23088112904211,45.0
793.0,46.69496947467554,49.23118894081517,45.0
794.0,46.69496947467554,49.231495653773486,45.0
795.0,46.69496947467554,49.23180127378387,45.0
796.0,46.69496947467554,49.23210580666668,45.0
797.0,46.69496947467554,49.23240925819666,45.0
798.0,46.69496947467554,49.232711634103936,45.0
799.0,46.69496947467554,49.23301294007476,45.0
800.0,46.69496947467554,49.23331318175239,45.0
801.0,46.69496947467554,49.23361236473781,45.0
802.0,46.69496947467554,49.23391049459051,45.0
803.0,46.69496947467554,49.23420757682917,45.0
804.0,46.69496947467554,49.23450361693236,45.0
805.0,46.69496947467554,49.23479862033918,45.0
806.0,46.69496947467554,49.23509259244989,45.0
807.0,46.69496947467554,49.23538553862652,45.0
808.0,46.69496947467554,49.23567746419344,45.00000000000001
809.0,46.69496947467554,49.23596837443789,45.0
810.0,46.69496947467554,49.23625827461059,45.0
811.0,46.69496947467554,49.23654716992613,45.0
812.0,46.69496947467554,49.236835065563625,45.0
813.0,46.69496947467554,49.23712196666702,45.0
814.0,46.69496947467554,49.23740787834567,45.0
815.0,46.69496947467554,49.23769280567474,45.0
816.0,46.69496947467554,49.23797675369563,45.0
817.0,46.69496947467554,49.2382597274164,45.0
818.0,46.69496947467554,49.23854173181215,45.0
819.0,46.69496947467554,49.2388227718254,45.0
820.0,46.69496947467554,49.239102852366514,45.0
821.0,46.69496947467554,49.23938197831397,45.0
822.0,46.69496947467554,49.23966015451484,45.0
823.0,46.69496947467554,49.239937385784934,45.0
824.0,46.69496947467554,49.24021367690935,45.0
825.0,46.69496947467554,49.24048903264259,45.0
826.0,46.69496947467554,49.24076345770905,45.0
827.0,46.69496947467554,49.24103695680316,45.0
828.0,46.69496947467554,49.24130953458977,45.0
829.0,46.69496947467554,49.2415811957044,45.0
830.0,46.69496947467554,49.24185194475355,45.0
831.0,46.69496947467554,49.24212178631489,45.0
832.0,46.69496947467554,49.24239072493762,45.0
833.0,46.69496947467554,49.242658765142664,45.0
834.0,46.69496947467554,49.24292591142293,45.0
835.0,46.69496947467554,49.243192168243525,45.0
836.0,46.69496947467554,49.243457540042066,45.0
837.0,46.69496947467554,49.24372203122885,45.0
838.0,46.69496947467554,49.2439856461871,45.0
839.0,46.69496947467554,49.24424838927316,45.0
840.0,46.69496947467554,49.244510264816775,45.0
841.0,46.69496947467554,49.244771277121224,45.0
842.0,46.69496947467554,49.245031430463605,45.0
843.0,46.69496947467554,49.245290729095,45.0
844.0,46.69496947467554,49.24554917724065,45.0
845.0,46.69496947467554,49.245806779100185,45.0
846.0,46.69496947467554,49.24606353884785,45.0
847.0,46.69496947467554,49.24631946063262,45.0
848.0,46.69496947467554,49.246574548578444,45.0
849.0,46.69496947467554,49.24682880678439,45.0
850.0,46.69496947467554,49.24708223932486,45.0
851.0,46.69496947467554,49.24733485024976,45.0
852.0,46.69496947467554,49.24758664358464,45.0
853.0,46.69496947467554,49.247837623330916,45.0
854.0,46.69496947467554,49.24808779346601,45.0
855.0,46.69496947467554,49.248337157943546,45.0
856.0,46.69496947467554,49.24858572069346,45.0
857.0,46.69496947467554,49.248833485622235,45.0
858.0,46.69496947467554,49.249080456613,45.0
859.0,46.69496947467554,49.24932663752573,45.0
860.0,46.69496947467554,49.24957203219739,45.0
861.0,46.69496947467554,49.249816644442085,45.0
862.0,46.69496947467554,49.250060478051225,45.0
863.0,46.69496947467554,49.25030353679365,45.0
864.0,46.69496947467554,49.25054582441583,45.0
865.0,46.69496947467554,49.250787344641964,45.0
866.0,46.69496947467554,49.25102810117417,45.0
867.0,46.69496947467554,49.251268097692574,45.0
868.0,46.69496947467554,49.251507337855514,45.0
869.0,46.69496947467554,49.25174582529965,45.0
870.0,46.69496947467554,49.251983563640124,45.0
871.0,46.69496947467554,49.25222055647066,45.0
872.0,46.69496947467554,49.25245680736378,45.0
873.0,46.69496947467554,49.25269231987084,45.0
874.0,46.69496947467554,49.25292709752225,45.0
875.0,46.69496947467554,49.25316114382758,45.0
876.0,46.69496947467554,49.25339446227569,45.0
877.0,46.69496947467554,49.253627056334864,45.0
878.0,46.69496947467554,49.25385892945293,45.0
879.0,46.69496947467554,49.254090085057435,45.0
880.0,46.69496947467554,49.25432052655574,45.0
881.0,46.69496947467554,49.25455025733511,45.0
882.0,46.69496947467554,49.25477928076296,45.0
883.0,46.69496947467554,49.25500760018684,45.0
884.0,46.69496947467554,49.25523521893468,45.0
885.0,46.69496947467554,49.255462140314826,45.0
886.0,46.69496947467554,49.25568836761622,45.0
887.0,46.69496947467554,49.255913904108525,45.0
888.0,46.69496947467554,49.256138753042194,45.0
889.0,46.69496947467554,49.25636291764864,45.0
890.0,46.69496947467554,49.256586401140346,45.0
891.0,46.69496947467554,49.256809206710976,45.0
892.0,46.69496947467554,49.2570313375355,45.0
893.0,46.69496947467554,49.25725279677033,45.0
894.0,46.69496947467554,49.25747358755339,45.0
895.0,46.69496947467554,49.2576937130043,45.0
896.0,46.69496947467554,49.25791317622442,45.0
897.0,46.69496947467554,49.25813198029701,45.0
898.0,46.69496947467554,49.258350128287354,45.0
899.0,46.69496947467554,49.25856762324283,45.0
900.0,46.69496947467554,49.25878446819306,45.0
901.0,46.69496947467554,49.25900066615002,45.0
902.0,46.69496947467554,49.25921622010814,45.0
903.0,46.69496947467554,49.25943113304439,45.0
904.0,46.69496947467554,49.25964540791844,45.0
905.0,46.69496947467554,49.25985904767276,45.0
906.0,46.69496947467554,49.26007205523271,45.0
907.0,46.69496947467554,49.260284433506634,45.0
908.0,46.69496947467554,49.26049618538601,45.0
909.0,46.69496947467554,49.26070731374551,45.0
910.0,46.69496947467554,49.26091782144319,45.0
911.0,46.69496947467554,49.26112771132048,45.0
912.0,46.69496947467554,49.26133698620237,45.0
913.0,46.69496947467554,49.261545648897496,45.0
914.0,46.69496947467554,49.26175370219822,45.0
915.0,46.69496947467554,49.26196114888078,45.0
916.0,46.69496947467554,49.262167991705354,45.0
917.0,46.69496947467554,49.26237423341618,45.0
918.0,46.69496947467554,49.262579876741626,45.0
919.0,46.69496947467554,49.262784924394346,45.0
920.0,46.69496947467554,49.262989379071335,45.0
921.0,46.69496947467554,49.26319324345405,45.0
922.0,46.69496947467554,49.26339652020849,45.0
923.0,46.69496947467554,49.26359921198534,45.0
924.0,46.69496947467554,49.26380132142,45.0
925.0,46.69496947467554,49.26400285113271,45.0
926.0,46.69496947467554,49.26420380372871,45.0
927.0,46.69496947467554,49.264404181798234,45.0
928.0,46.69496947467554,49.264603987916665,45.0
929.0,46.69496947467554,49.264803224644616,45.0
930.0,46.69496947467554,49.26500189452803,45.0
931.0,46.69496947467554,49.265200000098254,45.0
932.0,46.69496947467554,49.26539754387218,45.0
933.0,46.69496947467554,49.265594528352274,45.0
934.0,46.69496947467554,49.26579095602671,45.0
935.0,46.69496947467554,49.26598682936945,45.0
936.0,46.69496947467554,49.26618215084034,45.0
937.0,46.69496947467554,49.266376922885186,45.0
938.0,46.69496947467554,49.26657114793586,45.0
939.0,46.69496947467554,49.26676482841039,45.0
940.0,46.69496947467554,49.266957966713015,45.0
941.0,46.69496947467554,49.26715056523433,45.0
942.0,46.69496947467554,49.26734262635134,45.0
943.0,46.69496947467554,49.26753415242754,45.0
944.0,46.69496947467554,49.26772514581299,45.0
945.0,46.69496947467554,49.26791560884448,44.99999999999999
946.0,46.69496947467554,49.268105543845515,45.0
947.0,46.69496947467554,49.26829495312646,44.99999999999999
948.0,46.69496947467554,49.26848383898459,45.0
949.0,46.69496947467554,49.2686722037042,44.99999999999999
950.0,46.69496947467554,49.26886004955671,45.0
951.0,46.69496947467554,49.26904737880066,45.0
952.0,46.69496947467554,49.26923419368191,45.0
953.0,46.69496947467554,49.269420496433625,45.0
954.0,46.69496947467554,49.2696062892764,45.0
955.0,46.69496947467554,49.26979157441835,45.0
956.0,46.69496947467554,49.26997635405514,45.0
957.0,46.69496947467554,49.27016063037013,45.0
958.0,46.69496947467554,49.27034440553443,45.0
959.0,46.69496947467554,49.27052768170694,45.0
960.0,46.69496947467554,49.27071046103448,45.0
961.0,46.69496947467554,49.27089274565185,45.0
962.0,46.69496947467554,49.2710745376819,45.0
963.0,46.69496947467554,49.2712558392356,45.0
964.0,46.69496947467554,49.27143665241216,45.0
965.0,46.69496947467554,49.27161697929904,45.0
966.0,46.69496947467554,49.27179682197209,45.0
967.0,46.69496947467554,49.271976182495564,45.0
968.0,46.69496947467554,49.272155062922245,45.0
969.0,46.69496947467554,49.27233346529349,45.0
970.0,46.69496947467554,49.272511391639334,45.0
971.0,46.69496947467554,49.27268884397849,45.0
972.0,46.69496947467554,49.27286582431852,45.0
973.0,46.69496947467554,49.27304233465585,45.0
974.0,46.69496947467554,49.27321837697583,45.0
975.0,46.69496947467554,49.27339395325283,45.0
976.0,46.69496947467554,49.273569065450324,45.0
977.0,46.69496947467554,49.273743715520936,45.0
978.0,46.69496947467554,49.27391790540651,45.0
979.0,46.69496947467554,49.274091637038175,45.0
980.0,46.69496947467554,49.274264912336456,45.0
981.0,46.69496947467554,49.27443773321125,45.0
982.0,46.69496947467554,49.27461010156203,45.0
983.0,46.69496947467554,49.27478201927777,45.0
984.0,46.69496947467554,49.274953488237124,45.0
985.0,46.69496947467554,49.275124510308416,45.0
986.0,46.69496947467554,49.27529508734975,45.0
987.0,46.69496947467554,49.275465221209046,45.0
988.0,46.69496947467554,49.27563491372414,45.0
989.0,46.69496947467554,49.27580416672285,45.0
990.0,46.69496947467554,49.27597298202295,45.0
991.0,46.69496947467554,49.276141361432366,45.0
992.0,46.69496947467554,49.27630930674915,45.0
993.0,46.69496947467554,49.276476819761584,45.0
994.0,46.69496947467554,49.276643902248225,45.0
995.0,46.69496947467554,49.27681055597795,45.0
996.0,46.69496947467554,49.27697678271008,45.0
997.0,46.69496947467554,49.277142584194344,45.0
998.0,46.69496947467554,49.277307962171065,45.0
999.0,46.69496947467554,49.27747291837108,45.0
1000.0,46.69496947467554,49.27763745451591,45.0
1001.0,46.69496947467554,49.2778015723178,45.0
1002.0,46.69496947467554,49.2779652734797,45.0
1003.0,46.69496947467554,49.27812855969543,45.0
1004.0,46.69496947467554,49.2782914326497,45.00000000000001
1005.0,46.69496947467554,49.27845389401812,45.0
1006.0,46.69496947467554,49.27861594546731,45.0
1007.0,46.69496947467554,49.27877758865496,45.0
1008.0,46.69496947467554,49.27893882522986,45.0
1009.0,46.69496947467554,49.27909965683196,45.0
1010.0,46.69496947467554,49.27926008509247,45.0
1011.0,46.69496947467554,49.27942011163382,45.0
1012.0,46.69496947467554,49.27957973806984,45.0
1013.0,46.69496947467554,49.27973896600571,45.0
1014.0,46.69496947467554,49.279897797038046,45.0
1015.0,46.69496947467554,49.280056232755015,45.0
1016.0,46.69496947467554,49.280214274736274,45.0
1017.0,46.69496947467554,49.28037192455313,45.0
1018.0,46.69496947467554,49.28052918376855,45.0
1019.0,46.69496947467554,49.28068605393716,45.0
1020.0,46.69496947467554,49.280842536605434,45.0
1021.0,46.69496947467554,49.28099863331159,45.0
1022.0,46.69496947467554,49.28115434558577,45.0
1023.0,46.69496947467554,49.28130967494997,45.0
1024.0,46.69496947467554,49.28146462291824,45.0
1025.0,46.69496947467554,49.2816191909966,45.0
1026.0,46.69496947467554,49.28177338068313,45.0
1027.0,46.69496947467554,49.28192719346807,45.0
1028.0,46.69496947467554,49.28208063083381,45.0
1029.0,46.69496947467554,49.28223369425497,45.0
1030.0,46.69496947467554,49.28238638519843,45.0
1031.0,46.69496947467554,49.28253870512339,45.0
1032.0,46.69496947467554,49.28269065548144,45.0
1033.0,46.69496947467554,49.282842237716544,45.0
1034.0,46.69496947467554,49.28299345326516,45.0
1035.0,46.69496947467554,49.28314430355624,45.0
1036.0,46.69496947467554,49.2832947900113,45.0
1037.0,46.69496947467554,49.28344491404445,45.0
1038.0,46.69496947467554,49.28359467706248,45.0
1039.0,46.69496947467554,49.28374408046482,45.0
1040.0,46.69496947467554,49.28389312564369,45.0
1041.0,46.69496947467554,49.28404181398407,45.0
1042.0,46.69496947467554,49.28419014686378,45.0
1043.0,46.69496947467554,49.284338125653534,45.0
1044.0,46.69496947467554,49.28448575171693,45.0
1045.0,46.69496947467554,49.28463302641055,45.0
1046.0,46.69496947467554,49.284779951084005,45.0
1047.0,46.69496947467554,49.28492652707991,45.0
1048.0,46.69496947467554,49.28507275573402,45.0
1049.0,46.69496947467554,49.2852186383752,45.0
1050.0,46.69496947467554,49.28536417632553,45.0
1051.0,46.69496947467554,49.28550937090026,44.99999999999999
1052.0,46.69496947467554,49.28565422340794,45.0
1053.0,46.69496947467554,49.28579873515045,45.0
1054.0,46.69496947467554,49.285942907422964,45.0
1055.0,46.69496947467554,49.286086741514076,45.0
1056.0,46.69496947467554,49.28623023870582,45.0
1057.0,46.69496947467554,49.28637340027365,45.0
1058.0,46.69496947467554,49.28651622748663,45.0
1059.0,46.69496947467554,49.28665872160727,45.0
1060.0,46.69496947467554,49.286800883891715,45.0
1061.0,46.69496947467554,49.28694271558977,45.0
1062.0,46.69496947467554,49.28708421794485,45.0
1063.0,46.69496947467554,49.28722539219413,45.0
1064.0,46.69496947467554,49.28736623956851,45.0
1065.0,46.69496947467554,49.28750676129267,45.0
1066.0,46.69496947467554,49.28764695858513,45.0
1067.0,46.69496947467554,49.28778683265826,45.0
1068.0,46.69496947467554,49.28792638471835,45.0
1069.0,46.69496947467554,49.28806561596558,45.0
1070.0,46.69496947467554,49.28820452759416,45.0
1071.0,46.69496947467554,49.288343120792284,45.0
1072.0,46.69496947467554,49.288481396742185,45.0
1073.0,46.69496947467554,49.28861935662021,45.0
1074.0,46.69496947467554,49.28875700159679,45.0
1075.0,46.69496947467554,49.28889433283652,45.0
1076.0,46.69496947467554,49.289031351498224,45.0
1077.0,46.69496947467554,49.28916805873491,45.0
1078.0,46.69496947467554,49.28930445569386,45.0
1079.0,46.69496947467554,49.289440543516655,45.0
1080.0,46.69496947467554,49.28957632333921,45.0
1081.0,46.69496947467554,49.28971179629179,45.0
1082.0,46.69496947467554,49.2898469634991,45.0
1083.0,46.69496947467554,49.28998182608022,45.0
1084.0,46.69496947467554,49.290116385148764,45.0
1085.0,46.69496947467554,49.29025064181278,45.0
1086.0,46.69496947467554,49.29038459717491,45.0
1087.0,46.69496947467554,49.29051825233232,45.0
1088.0,46.69496947467554,49.2906516083768,45.0
1089.0,46.69496947467554,49.29078466639476,45.0
1090.0,46.69496947467554,49.29091742746728,45.0
1091.0,46.69496947467554,49.29104989267014,45.0
1092.0,46.69496947467554,49.29118206307384,45.0
1093.0,46.69496947467554,49.29131393974366,45.0
1094.0,46.69496947467554,49.29144552373964,45.0
1095.0,46.69496947467554,49.29157681611668,45.0
1096.0,46.69496947467554,49.29170781792451,45.0
1097.0,46.69496947467554,49.29183853020775,45.0
1098.0,46.69496947467554,49.29196895400594,45.0
1099.0,46.69496947467554,49.29209909035356,45.0
1100.0,46.69496947467554,49.29222894028007,45.0
1101.0,46.69496947467554,49.29235850480993,45.0
1102.0,46.69496947467554,49.29248778496266,45.0
1103.0,46.69496947467554,49.2926167817528,45.0
1104.0,46.69496947467554,49.29274549619006,45.0
1105.0,46.69496947467554,49.29287392927916,45.0
1106.0,46.69496947467554,49.2930020820201,45.0
1107.0,46.69496947467554,49.29312995540798,45.0
1108.0,46.69496947467554,49.29325755043311,45.0
1109.0,46.69496947467554,49.29338486808109,45.0
1110.0,46.69496947467554,49.293511909332764,45.0
1111.0,46.69496947467554,49.29363867516423,45.0
1112.0,46.69496947467554,49.293765166546976,45.0
1113.0,46.69496947467554,49.2938913844478,45.0
1114.0,46.69496947467554,49.294017329828876,45.0
1115.0,46.69496947467554,49.294143003647804,45.0
1116.0,46.69496947467554,49.294268406857604,45.0
1117.0,46.69496947467554,49.294393540406745,45.0
1118.0,46.69496947467554,49.294518405239224,45.0
1119.0,46.69496947467554,49.29464300229448,45.0
1120.0,46.69496947467554,49.29476733250756,45.0
1121.0,46.69496947467554,49.294891396809035,45.0
1122.0,46.69496947467554,49.29501519612508,45.0
1123.0,46.69496947467554,49.29513873137748,45.0
1124.0,46.69496947467554,49.29526200348367,45.0
1125.0,46.69496947467554,49.29538501335675,45.0
1126.0,46.69496947467554,49.29550776190551,45.0
1127.0,46.69496947467554,49.29563025003446,45.0
1128.0,46.69496947467554,49.295752478643855,45.0
1129.0,46.69496947467554,49.29587444862971,45.0
1130.0,46.69496947467554,49.295996160883846,45.0
1131.0,46.69496947467554,49.29611761629389,45.0
1132.0,46.69496947467554,49.29623881574331,45.0
1133.0,46.69496947467554,49.29635976011144,45.0
1134.0,46.69496947467554,49.29648045027352,45.0
1135.0,46.69496947467554,49.29660088710066,45.0
1136.0,46.69496947467554,49.29672107145996,45.0
1137.0,46.69496947467554,49.29684100421444,45.0
1138.0,46.69496947467554,49.29696068622314,45.0
1139.0,46.69496947467554,49.29708011834105,45.0
1140.0,46.69496947467554,49.29719930141924,45.0
1141.0,46.69496947467554,49.29731823630482,45.0
1142.0,46.69496947467554,49.29743692384097,45.0
1143.0,46.69496947467554,49.29755536486697,45.0
1144.0,46.69496947467554,49.297673560218215,45.0
1145.0,46.69496947467554,49.29779151072624,45.0
1146.0,46.69496947467554,49.29790921721877,45.0
1147.0,46.69496947467554,49.29802668051968,45.0
1148.0,46.69496947467554,49.29814390144907,45.0
1149.0,46.69496947467554,49.29826088082327,45.0
1150.0,46.69496947467554,49.29837761945488,45.0
1151.0,46.69496947467554,49.298494118152725,45.0
1152.0,46.69496947467554,49.29861037772197,45.0
1153.0,46.69496947467554,49.29872639896407,45.0
1154.0,46.69496947467554,49.29884218267682,45.0
1155.0,46.69496947467554,49.29895772965439,45.0
1156.0,46.69496947467554,49.299073040687304,45.0
1157.0,46.69496947467554,49.29918811656249,45.0
1158.0,46.69496947467554,49.29930295806329,45.0
1159.0,46.69496947467554,49.299417565969506,45.0
1160.0,46.69496947467554,49.29953194105738,45.0
1161.0,46.69496947467554,49.299646084099635,45.0
1162.0,46.69496947467554,49.2997599958655,45.0
1163.0,46.69496947467554,49.2998736771207,45.0
1164.0,46.69496947467554,49.299987128627535,45.0
1165.0,46.69496947467554,49.300100351144835,45.0
1166.0,46.69496947467554,49.30021334542801,45.0
1167.0,46.69496947467554,49.30032611222907,45.0
1168.0,46.69496947467554,49.30043865229665,45.0
1169.0,46.69496947467554,49.300550966375994,45.0
1170.0,46.69496947467554,49.30066305520903,45.0
1171.0,46.69496947467554,49.300774919534334,45.0
1172.0,46.69496947467554,49.30088656008718,45.0
1173.0,46.69496947467554,49.30099797759956,45.0
1174.0,46.69496947467554,49.30110917280017,45.0
1175.0,46.69496947467554,49.30122014641447,45.0
1176.0,46.69496947467554,49.3013308991647,45.0
1177.0,46.69496947467554,49.30144143176982,45.0
1178.0,46.69496947467554,49.30155174494567,45.0
1179.0,46.69496947467554,49.30166183940484,45.0
1180.0,46.69496947467554,49.301771715856795,45.0
1181.0,46.69496947467554,49.301881375007824,45.0
1182.0,46.69496947467554,49.30199081756112,45.0
1183.0,46.69496947467554,49.30210004421673,44.99999999999999
1184.0,46.69496947467554,49.30220905567163,45.00000000000001
1185.0,46.69496947467554,49.30231785261971,45.0
1186.0,46.69496947467554,49.30242643575178,45.0
1187.0,46.69496947467554,49.30253480575563,45.0
1188.0,46.69496947467554,49.302642963316,45.0
1189.0,46.69496947467554,49.30275090911465,45.0
1190.0,46.69496947467554,49.302858643830305,45.0
1191.0,46.69496947467554,49.302966168138745,45.0
1192.0,46.69496947467554,49.303073482712776,45.0
1193.0,46.69496947467554,49.30318058822225,45.0
1194.0,46.69496947467554,49.303287485334096,45.0
1195.0,46.69496947467554,49.30339417471234,45.0
1196.0,46.69496947467554,49.303500657018084,45.0
1197.0,46.69496947467554,49.30360693290957,45.0
1198.0,46.69496947467554,49.30371300304219,45.0
1199.0,46.69496947467554,49.30381886806842,45.0
1200.0,46.69496947467554,49.30392452863798,45.0
