"tick","donation-normed-big","donation-big group","donation-valued-big"
1.0,25.0,71.53078117781288,95.0
2.0,25.0,95.0,95.0
3.0,25.0,95.0,95.0
4.0,25.0,95.0,95.0
5.0,25.0,95.0,95.0
6.0,25.0,95.0,95.0
7.0,25.0,95.0,95.0
8.0,25.0,95.0,95.0
9.0,25.0,95.0,95.0
10.0,25.0,95.0,95.0
11.0,25.0,95.0,95.0
12.0,25.0,95.0,95.0
13.0,25.0,95.0,95.0
14.0,25.0,95.0,95.0
15.0,25.0,95.0,95.0
16.0,25.0,95.0,95.0
17.0,25.0,95.0,95.0
18.0,25.0,95.0,95.0
19.0,25.0,95.0,95.0
20.0,25.0,95.0,95.0
21.0,25.0,95.0,95.0
22.0,25.0,95.0,95.0
23.0,25.0,95.0,95.0
24.0,25.0,95.0,95.0
25.0,25.0,95.0,95.0
26.0,25.0,95.0,95.0
27.0,25.0,95.0,95.0
28.0,25.0,95.0,95.0
29.0,25.0,95.0,95.0
30.0,25.0,95.0,95.0
31.0,25.0,95.0,95.0
32.0,25.0,95.0,95.0
33.0,25.0,95.0,95.0
34.0,25.0,95.0,95.0
35.0,25.0,95.0,95.0
36.0,25.0,95.0,95.0
37.0,25.0,95.0,95.0
38.0,25.0,95.0,95.0
39.0,25.0,95.0,95.0
40.0,25.0,95.0,95.0
41.0,25.0,95.0,95.0
42.0,25.0,95.0,95.0
43.0,25.0,95.0,95.0
44.0,25.0,95.0,95.0
45.0,25.0,95.0,95.0
46.0,25.0,95.0,95.0
47.0,25.0,95.0,95.0
48.0,25.0,95.0,95.0
49.0,30.95140561539008,86.82595140561538,86.81818181818181
50.0,30.95140561539008,86.83372099304897,86.81818181818181
51.0,30.95140561539008,86.84149058048253,86.81818181818181
52.0,60.11637033325229,86.84926016791611,86.81818181818181
53.0,87.03940335837905,86.8486695534241,86.81818181818181
54.0,87.03940335837905,86.90406324114387,86.81818181818181
55.0,87.03940335837905,87.06760911583306,86.81818181818181
56.0,87.03940335837905,87.52514311506914,86.81818181818181
57.0,87.03940335837905,88.7840603053154,86.81818181818181
58.0,87.03940335837905,92.06557175574302,86.81818181818181
59.0,87.03940335837905,92.06411345059587,86.81818181818181
60.0,87.03940335837905,91.84907165584681,86.81818181818181
61.0,87.03940335837905,91.0814184790213,86.81818181818181
62.0,87.03940335837905,88.89539179258696,86.81818181818181
63.0,87.03940335837905,87.36253154083671,86.81818181818181
64.0,87.03940335837905,87.32253020350856,86.81818181818181
65.0,87.03940335837905,87.28956569089226,86.81818181818181
66.0,87.03940335837905,87.26202577083328,86.81818181818181
67.0,87.03940335837905,87.23874510801753,86.81818181818181
68.0,87.03940335837905,87.2188621005261,86.81818181818181
69.0,87.03940335837905,87.20172713307763,86.81818181818181
70.0,87.03940335837905,87.18684198224591,86.81818181818181
71.0,87.03940335837905,87.17381873712675,86.81818181818181
72.0,87.03940335837905,87.16235130557247,86.81818181818181
73.0,87.03940335837905,87.15219524619593,86.81818181818181
74.0,87.03940335837905,87.14315323370596,86.81818181818181
75.0,87.03940335837905,87.1350644132664,86.81818181818181
76.0,87.03940335837905,87.12779648861964,86.81818181818181
77.0,87.03940335837905,87.12123976352179,86.81818181818181
78.0,87.03940335837905,87.11530259969533,86.81818181818181
79.0,87.03940335837905,87.10990791602437,86.81818181818181
80.0,87.03940335837905,87.10499046269152,86.81818181818181
81.0,87.03940335837905,87.10049467869123,86.81818181818181
82.0,87.03940335837905,87.09637299316027,86.81818181818181
83.0,87.03940335837905,87.09258446767195,86.81818181818181
84.0,87.03940335837905,87.08909370286278,86.81818181818181
85.0,87.03940335837905,87.08586995172682,86.81818181818181
86.0,87.03940335837905,87.08288639577314,86.81818181818181
87.0,87.03940335837905,87.08011955048156,86.81818181818181
88.0,87.03940335837905,87.07754877412303,86.81818181818181
89.0,87.03940335837905,87.07515585975639,86.81818181818181
90.0,87.03940335837905,87.0729246945665,86.81818181818181
91.0,87.03940335837905,87.07084097404483,86.81818181818181
92.0,87.03940335837905,87.06889196107501,86.81818181818181
93.0,87.03940335837905,87.06706628198242,86.81818181818181
94.0,87.03940335837905,87.0653537531585,86.81818181818181
95.0,87.03940335837905,87.06374523309525,86.81818181818181
96.0,87.03940335837905,87.06223249563222,86.81818181818181
97.0,87.03940335837905,87.06080812098524,86.81818181818181
98.0,87.03940335837905,87.05946540174372,86.81818181818181
99.0,87.03940335837905,87.05819826151495,86.81818181818181
100.0,87.03940335837905,87.0570011842961,86.81818181818181
101.0,87.03940335837905,87.0558691529744,86.81818181818181
102.0,87.03940335837905,87.05479759562405,86.81818181818181
103.0,87.03940335837905,87.05378233848285,86.81818181818181
104.0,87.03940335837905,87.05281956466881,86.81818181818181
105.0,87.03940335837905,87.05190577784481,86.81818181818181
106.0,87.03940335837905,87.05103777016124,86.81818181818181
107.0,87.03940335837905,87.05021259390574,86.81818181818181
108.0,87.03940335837905,87.04942753637573,86.81818181818181
109.0,87.03940335837905,87.04868009755896,86.81818181818181
110.0,87.03940335837905,87.0479679702671,86.81818181818181
111.0,87.03940335837905,87.04728902241612,86.81818181818181
112.0,87.03940335837905,87.04664128119244,86.81818181818181
113.0,87.03940335837905,87.04602291887576,86.81818181818181
114.0,87.03940335837905,87.0454322401235,86.81818181818181
115.0,87.03940335837905,87.04486767054577,86.81818181818181
116.0,87.03940335837905,87.0443277464213,86.81818181818181
117.0,86.78961117231421,76.9777905908868,80.0
118.0,86.78961117231421,76.9810745146885,80.0
119.0,86.78961117231421,76.98443325616208,80.0
120.0,86.78961117231421,76.98786403251985,80.0
121.0,86.78961117231421,76.98760497231291,80.0
122.0,86.78961117231421,77.037945605121,80.0
123.0,86.78961117231421,77.18003894690197,80.0
124.0,86.78961117231421,77.57142890475657,80.0
125.0,86.78961117231421,78.64036821933497,80.0
126.0,86.78961117231421,81.44784210126817,80.0
127.0,86.78961117231421,81.54205777891971,80.0
128.0,86.78961117231421,81.6239430501429,80.0
129.0,86.78961117231421,81.69592692489427,80.0
130.0,86.78961117231421,81.75981903754354,80.0
131.0,86.78961117231421,81.81699886698875,80.0
132.0,86.78961117231421,81.86853878964921,80.0
133.0,86.78961117231421,81.91528667849603,80.0
134.0,86.78961117231421,81.95792288066234,80.0
135.0,86.78961117231421,81.99700046550699,80.0
136.0,86.78961117231421,82.0329742544796,80.0
137.0,86.78961117231421,82.06622215003793,80.0
138.0,86.78961117231421,82.09706106690753,80.0
139.0,86.78961117231421,82.12575900900926,80.0
140.0,86.78961117231421,82.15254434764542,80.0
141.0,86.78961117231421,82.1776130364337,80.0
142.0,86.78961117231421,82.20113428412189,80.0
143.0,86.78961117231421,82.22325506021572,80.0
144.0,86.78961117231421,82.24410370696391,80.0
145.0,86.78961117231421,82.26379285984656,80.0
146.0,86.78961117231421,82.28242182772884,80.0
147.0,86.78961117231421,82.30007854695401,80.0
148.0,86.78961117231421,82.31684119664503,80.0
149.0,86.78961117231421,82.33277954248992,80.0
150.0,86.78961117231421,82.34795606133015,80.0
151.0,86.78961117231421,82.36242688757352,80.0
152.0,86.78961117231421,82.37624261384623,80.0
153.0,86.78961117231421,82.38944897167777,80.0
154.0,86.78961117231421,82.4020874128888,80.0
155.0,86.78961117231421,82.41419560834773,80.0
156.0,86.78961117231421,82.42580787761726,80.0
157.0,86.78961117231421,82.43695556052164,80.0
158.0,86.78961117231421,82.44766733968414,80.0
159.0,86.78961117231421,82.45796952149486,80.0
160.0,86.78961117231421,82.46788628168999,80.0
161.0,86.78961117231421,82.47743988068737,80.0
162.0,86.78961117231421,82.48665085297957,80.0
163.0,86.78961117231421,82.49553817419392,80.0
164.0,86.78961117231421,82.50411940886451,80.0
165.0,86.78961117231421,82.5124108414889,80.0
166.0,86.78961117231421,82.5204275930575,80.0
167.0,86.78961117231421,82.5281837249175,80.0
168.0,86.64536434340786,82.53569233156544,80.0
169.0,86.64536434340786,82.5442797102377,80.0
170.0,86.64536434340786,82.55264317595366,80.0
171.0,86.64536434340786,82.56079338806896,80.0
172.0,86.64536434340786,82.56874032417304,80.0
173.0,86.64536434340786,82.57574335939944,80.0
174.0,86.64536434340786,82.59264265071103,80.0
175.0,86.64536434340786,82.62765703257715,80.0
176.0,86.64536434340786,82.71222507061972,80.0
177.0,86.64536434340786,82.93179188003411,80.0
178.0,86.64536434340786,83.49803369844878,80.0
179.0,86.64536434340786,83.52281462046662,80.0
180.0,86.64536434340786,83.54498236279554,80.0
181.0,86.64536434340786,83.56502764793883,80.0
182.0,86.64536434340786,83.58331730071417,80.0
183.0,86.64536434340786,83.60013202049362,80.0
184.0,86.64536434340786,83.61569095113433,80.0
185.0,86.64536434340786,83.63016817860589,80.0
186.0,86.64536434340786,83.6437041155927,80.0
187.0,86.64536434340786,83.65641354715764,80.0
188.0,86.64536434340786,83.66839143711623,80.0
189.0,86.64536434340786,83.67971719693023,80.0
190.0,86.64536434340786,83.6904578767323,80.0
191.0,86.64536434340786,83.70067058646605,80.0
192.0,86.64536434340786,83.7104043578163,80.0
193.0,86.64536434340786,83.71970159373186,80.0
194.0,86.64536434340786,83.72859920957494,80.0
195.0,86.64536434340786,83.73712954075518,80.0
196.0,86.64536434340786,83.74532107147532,80.0
197.0,86.2177257673374,77.70111341249513,74.23076923076923
198.0,86.2177257673374,77.71396940542928,74.23076923076923
199.0,86.2177257673374,77.72657517855006,74.23076923076923
200.0,86.2177257673374,77.73894735408733,74.23076923076923
201.0,86.2177257673374,77.74776061673661,74.23076923076923
202.0,86.2177257673374,77.80127012248165,74.23076923076923
203.0,86.2177257673374,77.93605711321227,74.23076923076923
204.0,86.2177257673374,78.292121652478,74.23076923076923
205.0,86.2177257673374,79.25000316222823,74.23076923076923
206.0,86.2177257673374,81.75245944079023,74.23076923076923
207.0,86.2177257673374,81.84382593865897,74.23076923076923
208.0,86.2177257673374,81.92404250528288,74.23076923076923
209.0,86.2177257673374,81.99527634257021,74.23076923076923
210.0,86.2177257673374,82.05914368168774,74.23076923076923
211.0,86.2177257673374,82.11687797475,74.23076923076923
212.0,86.2177257673374,82.1694392862333,74.23076923076923
213.0,86.2177257673374,82.21758773272414,74.23076923076923
214.0,86.2177257673374,82.2619341513944,74.23076923076923
215.0,86.2177257673374,82.30297589884066,74.23076923076923
216.0,86.2177257673374,82.3411226780239,74.23076923076923
217.0,86.2177257673374,82.37671551908961,74.23076923076923
218.0,86.2177257673374,82.41004096109738,74.23076923076923
219.0,86.2177257673374,82.44134180635847,74.23076923076923
220.0,86.2177257673374,82.47082538564503,74.23076923076923
221.0,86.2177257673374,82.49866998806608,74.23076923076923
222.0,86.2177257673374,82.52502991889678,74.23076923076923
223.0,86.2177257673374,82.55003951871312,74.23076923076923
224.0,86.2177257673374,82.57381638706572,74.23076923076923
225.0,86.2177257673374,82.59646399046423,74.23076923076923
226.0,86.2177257673374,82.61807378912128,74.23076923076923
227.0,86.2177257673374,82.6387269841123,74.23076923076923
228.0,86.2177257673374,82.65849596259834,74.23076923076923
229.0,86.2177257673374,82.67744550097866,74.23076923076923
230.0,86.2177257673374,82.69563377254381,74.23076923076923
231.0,86.2177257673374,82.71311319614824,74.23076923076923
232.0,86.2177257673374,82.72993115476852,74.23076923076923
233.0,86.2177257673374,82.74613060692194,74.23076923076923
234.0,86.2177257673374,82.76175060936167,74.23076923076923
235.0,86.2177257673374,82.77682676590187,74.23076923076923
236.0,86.2177257673374,82.79139161442599,74.23076923076923
237.0,86.2177257673374,82.80547496191673,74.23076923076923
238.0,86.2177257673374,82.81910417557937,74.23076923076923
239.0,86.2177257673374,82.83230443671629,74.23076923076923
240.0,86.2177257673374,82.845098962872,74.23076923076923
241.0,86.2177257673374,82.85750920284167,74.23076923076923
242.0,86.2177257673374,82.86955500838789,74.23076923076923
243.0,86.2177257673374,82.88125478589092,74.23076923076923
244.0,86.2177257673374,82.89262563065614,74.23076923076923
245.0,86.2177257673374,82.90368344618052,74.23076923076923
246.0,86.2177257673374,82.91444305033534,74.23076923076923
247.0,86.2177257673374,82.92491827013512,74.23076923076923
248.0,86.2177257673374,82.93512202651819,74.23076923076923
249.0,86.2177257673374,82.94506641036504,74.23076923076923
250.0,86.2177257673374,82.9547627508086,74.23076923076923
251.0,86.2177257673374,82.96422167674595,74.23076923076923
252.0,86.2177257673374,82.97345317234202,74.23076923076923
253.0,86.2177257673374,82.98246662720655,74.23076923076923
254.0,86.2177257673374,82.99127088184346,74.23076923076923
255.0,86.2177257673374,82.99987426888997,74.23076923076923
256.0,86.2177257673374,83.00828465060245,74.23076923076923
257.0,86.2177257673374,83.01650945298661,74.23076923076923
258.0,86.2177257673374,83.02455569692418,74.23076923076923
259.0,86.2177257673374,83.03243002660345,74.23076923076923
260.0,86.2177257673374,83.0401387355285,74.23076923076923
261.0,86.2177257673374,83.04768779034626,74.23076923076923
262.0,86.2177257673374,83.05508285270773,74.23076923076923
263.0,86.2177257673374,83.06232929935095,74.23076923076923
264.0,86.2177257673374,83.06943224057697,74.23076923076923
265.0,86.2177257673374,83.0763965372683,74.23076923076923
266.0,86.2177257673374,83.08322681658456,74.23076923076923
267.0,86.2177257673374,83.08992748645643,74.23076923076923
268.0,86.2177257673374,83.09650274898522,74.23076923076923
269.0,86.2177257673374,83.10295661284465,74.23076923076923
270.0,86.2177257673374,83.10929290477334,74.23076923076923
271.0,86.2177257673374,83.11551528023416,74.23076923076923
272.0,86.2177257673374,83.12162723331309,74.23076923076923
273.0,86.2177257673374,83.12763210592051,74.23076923076923
274.0,86.2177257673374,83.13353309635262,74.23076923076923
275.0,86.2177257673374,83.13933326726523,74.23076923076923
276.0,86.2177257673374,83.14503555310758,74.23076923076923
277.0,85.82353532317778,77.57386107366534,69.28571428571429
278.0,85.82353532317778,77.58438907262057,69.28571428571429
279.0,85.82353532317778,77.59483370085668,69.28571428571429
280.0,85.82353532317778,77.60519726734287,69.28571428571429
281.0,85.82353532317778,77.61239606499907,69.28571428571429
282.0,85.82353532317778,77.66100015632317,69.28571428571429
283.0,85.82353532317778,77.78479575262917,69.28571428571429
284.0,85.82353532317778,78.11311331224283,69.28571428571429
285.0,85.82353532317778,78.99750600677736,69.28571428571429
286.0,85.82353532317778,81.30893225326096,69.28571428571429
287.0,85.82353532317778,81.39295168902595,69.28571428571429
288.0,85.82353532317778,81.46673917515868,69.28571428571429
289.0,85.82353532317778,81.53229176428044,69.28571428571429
290.0,85.82353532317778,81.59109794400403,69.28571428571429
291.0,85.82353532317778,81.64429297279389,69.28571428571429
292.0,85.82353532317778,81.69275989931154,69.28571428571429
293.0,85.82353532317778,81.73719737302116,69.28571428571429
294.0,85.82353532317778,81.77816642200585,69.28571428571429
295.0,85.82353532317778,81.81612349729623,69.28571428571429
296.0,85.82353532317778,81.85144430795806,69.28571428571429
297.0,85.82353532317778,81.88444133424782,69.28571428571429
298.0,85.82353532317778,81.91537690960847,69.28571428571429
299.0,85.82353532317778,81.94447313842922,69.28571428571429
300.0,85.7020456072466,81.97191951611272,69.28571428571429
301.0,85.7020456072466,81.99899406018486,69.28571428571429
302.0,85.7020456072466,82.02472235544553,69.28571428571429
303.0,85.7020456072466,82.0492268705732,69.28571428571429
304.0,85.7020456072466,82.0726147211249,69.28571428571429
305.0,85.7020456072466,82.09434360011805,69.28571428571429
306.0,85.7020456072466,82.12368877304908,69.28571428571429
307.0,85.7020456072466,82.16769197180689,69.28571428571429
308.0,85.7020456072466,82.25309280593171,69.28571428571429
309.0,85.7020456072466,82.45245719778245,69.28571428571429
310.0,85.7020456072466,82.94547196261276,69.28571428571429
311.0,85.7020456072466,82.97845885944248,69.28571428571429
312.0,85.7020456072466,83.0087509320198,69.28571428571429
313.0,85.7020456072466,83.03679858272575,69.28571428571429
314.0,85.7020456072466,83.06294378125544,69.28571428571429
315.0,85.7020456072466,83.08745251300314,69.28571428571429
316.0,85.7020456072466,83.11053596793049,69.28571428571429
317.0,85.7020456072466,83.13236483243597,69.28571428571429
318.0,85.7020456072466,83.15307920293759,69.28571428571429
319.0,85.7020456072466,83.17279563276891,69.28571428571429
320.0,85.7020456072466,83.19161225058727,69.28571428571429
321.0,85.7020456072466,83.20961255002565,69.28571428571429
322.0,85.7020456072466,83.22686824408902,69.28571428571429
323.0,85.7020456072466,83.24344144856445,69.28571428571429
324.0,85.7020456072466,83.25938637566773,69.28571428571429
325.0,85.7020456072466,83.27475066456995,69.28571428571429
326.0,85.7020456072466,83.28957643883483,69.28571428571429
327.0,85.7020456072466,83.30390115578032,69.28571428571429
328.0,85.7020456072466,83.31775829538863,69.28571428571429
329.0,85.7020456072466,83.33117792411511,69.28571428571429
330.0,85.7020456072466,83.34418716015705,69.28571428571429
331.0,85.7020456072466,83.35681056036599,69.28571428571429
332.0,85.7020456072466,83.36907044430232,69.28571428571429
333.0,85.7020456072466,83.38098716745019,69.28571428571429
334.0,85.7020456072466,83.39257935299761,69.28571428571429
335.0,85.7020456072466,83.4038640896034,69.28571428571429
336.0,85.7020456072466,83.41485710105691,69.28571428571429
337.0,85.7020456072466,83.42557289256243,69.28571428571429
338.0,85.7020456072466,83.43602487746965,69.28571428571429
339.0,85.7020456072466,83.44622548755464,69.28571428571429
340.0,85.7020456072466,83.45618626939044,69.28571428571429
341.0,85.7020456072466,83.46591796889598,69.28571428571429
342.0,85.7020456072466,83.47543060579059,69.28571428571429
343.0,85.7020456072466,83.48473353939144,69.28571428571429
344.0,85.7020456072466,83.49383552695464,69.28571428571429
345.0,85.7020456072466,83.50274477556991,69.28571428571429
346.0,85.7020456072466,83.51146898845806,69.28571428571429
347.0,85.7020456072466,83.52001540639442,69.28571428571429
348.0,85.7020456072466,83.52839084487086,69.28571428571429
349.0,85.40454314257822,78.30591091292891,65.0
350.0,85.40454314257822,78.31850910966044,65.0
351.0,85.40454314257822,78.3309647243441,65.0
352.0,85.40454314257822,78.34328281342779,65.0
353.0,85.40454314257822,78.35256740518876,65.0
354.0,85.40454314257822,78.4007167511918,65.0
355.0,85.40454314257822,78.51949216226731,65.0
356.0,85.40454314257822,78.83046609395507,65.0
357.0,85.40454314257822,79.66409951196994,65.0
358.0,85.40454314257822,81.83909253518736,65.0
359.0,85.40454314257822,81.920284738505,65.0
360.0,85.40454314257822,81.99181518966421,65.0
361.0,85.40454314257822,82.05556277854471,65.0
362.0,85.40454314257822,82.11292825484809,65.0
363.0,85.40454314257822,82.16498024957745,65.0
364.0,85.40454314257822,82.21255023864643,65.0
365.0,85.40454314257822,82.25629628990654,65.0
366.0,85.40454314257822,82.29674703899599,65.0
367.0,85.40454314257822,82.33433275536704,65.0
368.0,85.40454314257822,82.36940775130684,65.0
369.0,85.40454314257822,82.40226684804429,65.0
370.0,85.40454314257822,82.43315767629173,65.0
371.0,85.40454314257822,82.46229000215133,65.0
372.0,85.40454314257822,82.48984289295717,65.0
373.0,85.40454314257822,82.51597029061853,65.0
374.0,85.40454314257822,82.54080539462251,65.0
375.0,85.40454314257822,82.56446414403594,65.0
376.0,85.40454314257822,82.58704800961,65.0
377.0,85.40454314257822,82.60864625199623,65.0
378.0,85.40454314257822,82.62933776273684,65.0
379.0,85.40454314257822,82.64919257622914,65.0
380.0,85.40454314257822,82.66827312002206,65.0
381.0,85.40454314257822,82.68663525537441,65.0
382.0,85.40454314257822,82.70432914846147,65.0
383.0,85.40454314257822,82.72140000389935,65.0
384.0,85.40454314257822,82.73788868561113,65.0
385.0,85.40454314257822,82.75383224495161,65.0
386.0,85.40454314257822,82.7692643720519,65.0
387.0,85.40454314257822,82.78421578325295,65.0
388.0,85.40454314257822,82.79871455507279,65.0
389.0,85.40454314257822,82.81278641322723,65.0
390.0,85.40454314257822,82.82645498369497,65.0
391.0,85.40454314257822,82.83974201159232,65.0
392.0,85.40454314257822,82.85266755263328,65.0
393.0,85.40454314257822,82.865250141152,65.0
394.0,85.40454314257822,82.87750693801244,65.0
395.0,85.40454314257822,82.88945386119663,65.0
396.0,85.40454314257822,82.90110570142538,65.0
397.0,85.40454314257822,82.91247622480333,65.0
398.0,85.40454314257822,82.92357826417924,65.0
399.0,85.40454314257822,82.93442380066436,65.0
400.0,85.40454314257822,82.94502403654137,65.0
401.0,85.40454314257822,82.95538946062182,65.0
402.0,85.40454314257822,82.96552990696344,65.0
403.0,85.40454314257822,82.97545460773212,65.0
404.0,85.40454314257822,82.98517224088971,65.0
405.0,85.40454314257822,82.99469097329786,65.0
406.0,85.40454314257822,83.00401849975238,65.0
407.0,85.40454314257822,83.01316207839567,65.0
408.0,85.40454314257822,83.02212856290086,65.0
409.0,85.12257190357106,78.15873496749194,61.25
410.0,85.12257190357106,78.17157020202522,61.25
411.0,85.12257190357106,78.18425667443692,61.25
412.0,85.12257190357106,78.19679954496557,61.25
413.0,85.12257190357106,78.20649660755561,61.25
414.0,85.12257190357106,78.25244936335817,61.25
415.0,85.12257190357106,78.36429911050462,61.25
416.0,85.12257190357106,78.65550240574983,61.25
417.0,85.12257190357106,79.43445871832034,61.25
418.0,85.12257190357106,81.46521137348643,61.25
419.0,85.12257190357106,81.5419346878208,61.25
420.0,85.12257190357106,81.60962907029719,61.25
421.0,85.12257190357106,81.67004829841821,61.25
422.0,85.12257190357106,81.72449991891577,61.25
423.0,85.12257190357106,81.77398152109498,61.25
424.0,85.12257190357106,81.81926936098043,61.25
425.0,85.12257190357106,81.86097785293016,61.25
426.0,85.12257190357106,81.89960061000882,61.25
427.0,85.12257190357106,81.93553943640627,61.25
428.0,85.12257190357106,81.96912524079121,61.25
429.0,85.12257190357106,82.00063340349678,61.25
430.0,85.12257190357106,82.0302952562266,61.25
431.0,85.12257190357106,82.05830678570517,61.25
432.0,85.12257190357106,82.084835321459,61.25
433.0,85.12257190357106,82.11002473740481,61.25
434.0,85.12257190357106,82.13399954255225,61.25
435.0,85.12257190357106,82.15686813084582,61.25
436.0,85.12257190357106,82.17872538715591,61.25
437.0,85.12257190357106,82.1996547950115,61.25
438.0,85.12257190357106,82.21973015495077,61.25
439.0,85.12257190357106,82.23901699579963,61.25
440.0,85.12257190357106,82.25757374174125,61.25
441.0,85.12257190357106,82.27545268363856,61.25
442.0,85.12257190357106,82.29270079230076,61.25
443.0,85.12257190357106,82.30936040324988,61.25
444.0,85.12257190357106,82.32546979633995,61.25
445.0,85.12257190357106,82.34106368881822,61.25
446.0,85.12257190357106,82.35617365672198,61.25
447.0,85.12257190357106,82.37082849662423,61.25
448.0,85.12257190357106,82.38505453747271,61.25
449.0,85.12257190357106,82.39887591047699,61.25
450.0,85.12257190357106,82.41231478356556,61.25
451.0,85.12257190357106,82.42539156579508,61.25
452.0,85.12257190357106,82.43812508616817,61.25
453.0,85.12257190357106,82.45053275057246,61.25
454.0,85.12257190357106,82.46263067994296,61.25
455.0,85.12257190357106,82.47443383225406,61.25
456.0,85.12257190357106,82.48595611053794,61.25
457.0,85.12257190357106,82.49721045878735,61.25
458.0,85.12257190357106,82.50820894732337,61.25
459.0,85.12257190357106,82.51896284897275,61.25
460.0,85.12257190357106,82.5294827072061,61.25
461.0,85.12257190357106,82.5397783972251,61.25
462.0,85.12257190357106,82.54985918084819,61.25
463.0,85.12257190357106,82.55973375592768,61.25
464.0,85.12257190357106,82.56941030093573,61.25
465.0,85.12257190357106,82.57889651526743,61.25
466.0,85.12257190357106,82.58819965574358,61.25
467.0,85.12257190357106,82.59732656973014,61.25
468.0,85.12257190357106,82.60628372524131,61.25
469.0,85.12257190357106,82.61507723834758,61.25
470.0,85.12257190357106,82.62371289817007,61.25
471.0,85.12257190357106,82.63219618971134,61.25
472.0,85.12257190357106,82.64053231473999,61.25
473.0,85.12257190357106,82.64872621092505,61.25
474.0,85.12257190357106,82.65678256939131,61.25
475.0,85.12257190357106,82.6647058508478,61.25
476.0,85.12257190357106,82.67250030042655,61.25
477.0,84.86125005646535,78.1151999695374,57.94117647058823
478.0,84.86125005646535,78.12675642363445,57.94117647058823
479.0,84.86125005646535,78.13820251682799,57.94117647058823
480.0,84.86125005646535,78.14954155206253,57.94117647058823
481.0,84.72425115921013,78.15823597085756,57.94117647058823
482.0,84.72425115921013,78.20185351831452,57.94117647058823
483.0,84.72425115921013,78.30734144227083,57.94117647058823
484.0,84.72425115921013,78.58118164183556,57.94117647058823
485.0,84.72425115921013,79.31281706626551,57.94117647058823
486.0,84.72425115921013,81.2188319277799,57.94117647058823
487.0,84.72425115921013,81.29762040617778,57.94117647058823
488.0,84.72425115921013,81.38007646936104,57.94117647058823
489.0,84.72425115921013,81.48867621611763,57.94117647058823
490.0,84.72425115921013,81.68127049696565,57.94117647058823
491.0,84.72425115921013,82.09908010656618,57.94117647058823
492.0,84.72425115921013,82.15421053028254,57.94117647058823
493.0,84.72425115921013,82.2043586183138,57.94117647058823
494.0,84.72425115921013,82.250308393395,57.94117647058823
495.0,84.72425115921013,82.29267584213908,57.94117647058823
496.0,84.72425115921013,82.33195356026229,57.94117647058823
497.0,84.72425115921013,82.36854144394717,57.94117647058823
498.0,84.72425115921013,82.4027683839036,57.94117647058823
499.0,84.72425115921013,82.43490796640796,57.94117647058823
500.0,84.72425115921013,82.46519007047134,57.94117647058823
501.0,84.72425115921013,82.49380958696585,57.94117647058823
502.0,84.72425115921013,82.52093307699815,57.94117647058823
503.0,84.72425115921013,82.54670392749455,57.94117647058823
504.0,84.72425115921013,82.57124639295324,57.94117647058823
505.0,84.72425115921013,82.59466879957432,57.94117647058823
506.0,84.72425115921013,82.61706611119271,57.94117647058823
507.0,84.72425115921013,82.63852200316653,57.94117647058823
508.0,84.72425115921013,82.6591105527886,57.94117647058823
509.0,84.72425115921013,82.67889762786999,57.94117647058823
510.0,84.72425115921013,82.69794203559417,57.94117647058823
511.0,84.72425115921013,82.71629647936354,57.94117647058823
512.0,84.72425115921013,82.73400836066487,57.94117647058823
513.0,84.72425115921013,82.7511204549329,57.94117647058823
514.0,84.72425115921013,82.76767148428637,57.94117647058823
515.0,84.72425115921013,82.78369660532417,57.94117647058823
516.0,84.72425115921013,82.79922782655143,57.94117647058823
517.0,84.72425115921013,82.81429436718243,57.94117647058823
518.0,84.72425115921013,82.82892296685331,57.94117647058823
519.0,84.72425115921013,82.8431381540241,57.94117647058823
520.0,84.72425115921013,82.85696247945758,57.94117647058823
521.0,84.72425115921013,82.87041672004366,57.94117647058823
522.0,84.72425115921013,82.88352005733938,57.94117647058823
523.0,84.72425115921013,82.89629023446474,57.94117647058823
524.0,84.72425115921013,82.90874369440243,57.94117647058823
525.0,84.72425115921013,82.92089570226179,57.94117647058823
526.0,84.72425115921013,82.93276045366812,57.94117647058823
527.0,84.72425115921013,82.94435117110856,57.94117647058823
528.0,84.72425115921013,82.95568018979175,57.94117647058823
529.0,84.72425115921013,82.96675903434904,57.94117647058823
530.0,84.72425115921013,82.97759848751538,57.94117647058823
531.0,84.72425115921013,82.98820865176666,57.94117647058823
532.0,84.72425115921013,82.99859900475519,57.94117647058823
533.0,84.72425115921013,83.0087784492711,57.94117647058823
534.0,84.72425115921013,83.01875535836027,57.94117647058823
535.0,84.72425115921013,83.02853761614614,57.94117647058823
536.0,84.72425115921013,83.03813265483363,57.94117647058823
537.0,84.72425115921013,83.04754748831148,57.94117647058823
538.0,84.72425115921013,83.05678874271908,57.94117647058823
539.0,84.72425115921013,83.06586268429716,57.94117647058823
540.0,84.72425115921013,83.07477524480588,57.94117647058823
541.0,84.72425115921013,83.08353204475746,57.94117647058823
542.0,84.72425115921013,83.09213841468437,57.94117647058823
543.0,84.72425115921013,83.10059941463655,57.94117647058823
544.0,84.72425115921013,83.10891985208104,57.94117647058823
545.0,84.72425115921013,83.11710429835682,57.94117647058823
546.0,84.72425115921013,83.12515710382182,57.94117647058823
547.0,84.72425115921013,83.13308241181382,57.94117647058823
548.0,84.72425115921013,83.14088417153428,57.94117647058823
549.0,84.53129681060292,78.8112153123372,55.0
550.0,84.53129681060292,78.8225969540904,55.0
551.0,84.53129681060292,78.83387210894924,55.0
552.0,84.53129681060292,78.84504387767313,55.0
553.0,84.53129681060292,78.85369755956683,55.0
554.0,84.53129681060292,78.89475271602025,55.0
555.0,84.53129681060292,78.99468024976781,55.0
556.0,84.53129681060292,79.25480510327104,55.0
557.0,84.53129681060292,79.95055244244769,55.0
558.0,84.53129681060292,81.7642751645525,55.0
559.0,84.53129681060292,81.8329047320705,55.0
560.0,84.53129681060292,81.89348655202843,55.0
561.0,84.53129681060292,81.94758605626781,55.0
562.0,84.53129681060292,81.99637020536638,55.0
563.0,84.53129681060292,82.04072918850063,55.0
564.0,84.53129681060292,82.08135556892135,55.0
565.0,84.53129681060292,82.118797411927,55.0
566.0,84.53129681060292,82.15349493458982,55.0
567.0,84.53129681060292,82.1858063958765,55.0
568.0,84.53129681060292,82.21602677169217,55.0
569.0,84.53129681060292,82.24440147691445,55.0
570.0,84.53129681060292,82.27113661575082,55.0
571.0,84.53129681060292,82.29640675299639,55.0
572.0,84.53129681060292,82.32036088508974,55.0
573.0,84.53129681060292,82.34312708400013,55.0
574.0,84.53129681060292,82.36481614911541,55.0
575.0,84.53129681060292,82.3855245082767,55.0
576.0,84.53129681060292,82.40533654389627,55.0
577.0,84.53129681060292,82.42432647417805,55.0
578.0,84.53129681060292,82.44255988666832,55.0
579.0,84.53129681060292,82.46009499764047,55.0
580.0,84.53129681060292,82.47698369344936,55.0
581.0,84.53129681060292,82.49327239713068,55.0
582.0,84.53129681060292,82.50900279390208,55.0
583.0,84.53129681060292,82.52421244195645,55.0
584.0,84.53129681060292,82.53893528940074,55.0
585.0,84.53129681060292,82.55320211393632,55.0
586.0,84.53129681060292,82.56704089858117,55.0
587.0,84.53129681060292,82.58047715415684,55.0
588.0,84.53129681060292,82.59353419724287,55.0
589.0,84.53129681060292,82.60623339069726,55.0
590.0,84.53129681060292,82.61859435256785,55.0
591.0,84.53129681060292,82.63063513819702,55.0
592.0,84.53129681060292,82.64237239949918,55.0
593.0,84.53129681060292,82.6538215247235,55.0
594.0,84.53129681060292,82.66499676147168,55.0
595.0,84.53129681060292,82.67591132529618,55.0
596.0,84.53129681060292,82.6865774958392,55.0
597.0,84.53129681060292,82.69700670217135,55.0
598.0,84.53129681060292,82.70720959873879,55.0
599.0,84.53129681060292,82.71719613311963,55.0
600.0,84.53129681060292,82.72697560661655,55.0
601.0,84.53129681060292,82.73655672856678,55.0
602.0,84.53129681060292,82.7459476651272,55.0
603.0,84.53129681060292,82.75515608318892,55.0
604.0,84.53129681060292,82.76418918998837,55.0
605.0,84.53129681060292,82.77305376890568,55.0
606.0,84.53129681060292,82.78175621187894,55.0
607.0,84.53129681060292,82.79030254880722,55.0
608.0,84.53129681060292,82.79869847426868,55.0
609.0,84.53129681060292,82.80694937184094,55.0
610.0,84.53129681060292,82.81506033627383,55.0
611.0,84.53129681060292,82.82303619373748,55.0
612.0,84.53129681060292,82.83088152034004,55.0
613.0,84.53129681060292,82.83860065908877,55.0
614.0,84.53129681060292,82.8461977354475,55.0
615.0,84.53129681060292,82.85367667162598,55.0
616.0,84.53129681060292,82.8610411997229,55.0
617.0,84.34959044749365,78.77396771604495,52.36842105263158
618.0,84.24367912771696,78.78474195859546,52.36842105263158
619.0,84.24367912771696,78.79620230454354,52.36842105263158
620.0,84.24367912771696,78.80756682195312,52.36842105263158
621.0,84.24367912771696,78.8165530527391,52.36842105263158
622.0,84.24367912771696,78.85616796263712,52.36842105263158
623.0,84.24367912771696,78.9509846663659,52.36842105263158
624.0,84.24367912771696,79.20324758548034,52.36842105263158
625.0,84.24367912771696,79.87820042125654,52.36842105263158
626.0,84.24367912771696,81.63959530815615,52.36842105263158
627.0,84.24367912771696,81.8322055673688,52.36842105263158
628.0,84.24367912771696,82.22435881958772,52.36842105263158
629.0,84.24367912771696,82.28708144290371,52.36842105263158
630.0,84.24367912771696,82.34330581922015,52.36842105263158
631.0,84.24367912771696,82.39416299270628,52.36842105263158
632.0,84.24367912771696,82.44052339398668,52.36842105263158
633.0,84.24367912771696,82.48306960544659,52.36842105263158
634.0,84.24367912771696,82.52234566662273,52.36842105263158
635.0,84.24367912771696,82.5587913889609,52.36842105263158
636.0,84.24367912771696,82.59276679770912,52.36842105263158
637.0,84.24367912771696,82.62456989863352,52.36842105263158
638.0,84.24367912771696,82.65444982646193,52.36842105263158
639.0,84.24367912771696,82.68261673237137,52.36842105263158
640.0,84.24367912771696,82.70924932668377,52.36842105263158
641.0,84.24367912771696,82.73450070779134,52.36842105263158
642.0,84.24367912771696,82.75850291990632,52.36842105263158
643.0,84.24367912771696,82.7813705552117,52.36842105263158
644.0,84.24367912771696,82.80320362881008,52.36842105263158
645.0,84.24367912771696,82.82408989404738,52.36842105263158
646.0,84.24367912771696,82.8441067227074,52.36842105263158
647.0,84.24367912771696,82.86332264364508,52.36842105263158
648.0,84.24367912771696,82.88179861093116,52.36842105263158
649.0,84.24367912771696,82.89958905603208,52.36842105263158
650.0,84.24367912771696,82.916742766237,52.36842105263158
651.0,84.24367912771696,82.93330362229496,52.36842105263158
652.0,84.24367912771696,82.94931122120782,52.36842105263158
653.0,84.24367912771696,82.96480140475575,52.36842105263158
654.0,84.24367912771696,82.97980671018826,52.36842105263158
655.0,84.24367912771696,82.99435675629334,52.36842105263158
656.0,84.24367912771696,83.00847857553178,52.36842105263158
657.0,84.24367912771696,83.02219690093433,52.36842105263158
658.0,84.24367912771696,83.0355344148789,52.36842105263158
659.0,84.24367912771696,83.04851196560193,52.36842105263158
660.0,84.24367912771696,83.06114875628401,52.36842105263158
661.0,84.24367912771696,83.07346251073103,52.36842105263158
662.0,84.24367912771696,83.08546961900446,52.36842105263158
663.0,84.24367912771696,83.09718526581354,52.36842105263158
664.0,84.24367912771696,83.1086235440343,52.36842105263158
665.0,84.24367912771696,83.1197975553545,52.36842105263158
666.0,84.24367912771696,83.1307194997384,52.36842105263158
667.0,84.24367912771696,83.14140075515441,52.36842105263158
668.0,84.24367912771696,83.15185194879616,52.36842105263158
669.0,84.24367912771696,83.1620830208526,52.36842105263158
670.0,84.24367912771696,83.1721032817334,52.36842105263158
671.0,84.24367912771696,83.18192146353051,52.36842105263158
672.0,84.24367912771696,83.19154576639383,52.36842105263158
673.0,84.24367912771696,83.20098390040351,52.36842105263158
674.0,84.24367912771696,83.21024312345067,52.36842105263158
675.0,84.24367912771696,83.21933027556905,52.36842105263158
676.0,84.24367912771696,83.22825181010546,52.36842105263158
677.0,84.24367912771696,83.23701382206927,52.36842105263158
678.0,84.24367912771696,83.24562207395755,52.36842105263158
679.0,84.24367912771696,83.25408201932025,52.36842105263158
680.0,84.24367912771696,83.2623988242944,52.36842105263158
681.0,84.24367912771696,83.27057738731375,52.36842105263158
682.0,84.24367912771696,83.27862235717296,52.36842105263158
683.0,84.24367912771696,83.28653814960845,52.36842105263158
684.0,84.24367912771696,83.29432896253718,52.36842105263158
685.0,84.24367912771696,83.30199879008146,52.36842105263158
686.0,84.24367912771696,83.30955143549212,52.36842105263158
687.0,84.24367912771696,83.31699052307268,52.36842105263158
688.0,84.24367912771696,83.32431950919342,52.36842105263158
689.0,84.1126774216429,79.41879579010451,50.0
690.0,84.1126774216429,79.42938957657415,50.0
691.0,84.1126774216429,79.439887753342,50.0
692.0,84.1126774216429,79.45029305571933,50.0
693.0,84.1126774216429,79.45842156963859,50.0
694.0,84.1126774216429,79.49585439865605,50.0
695.0,84.1126774216429,79.58653170412,50.0
696.0,84.1126774216429,79.82209145796543,50.0
697.0,84.1126774216429,80.4516274439899,50.0
698.0,84.1126774216429,82.09225787618917,50.0
699.0,84.1126774216429,82.15463065126914,50.0
700.0,84.1126774216429,82.20972526892245,50.0
701.0,84.1126774216429,82.25895746178061,50.0
702.0,84.1126774216429,82.30338258828638,50.0
703.0,84.1126774216429,82.34380569760246,50.0
704.0,84.1126774216429,82.38085310844961,50.0
705.0,84.1126774216429,82.41502045779076,50.0
706.0,84.1126774216429,82.44670584663838,50.0
707.0,84.1126774216429,82.47623325490972,50.0
708.0,84.1126774216429,82.50386943099184,50.0
709.0,84.1126774216429,82.52983630182503,50.0
710.0,84.1126774216429,82.55432024321556,50.0
711.0,84.1126774216429,82.57747910806347,50.0
712.0,84.1126774216429,82.59944762649786,50.0
713.0,84.1126774216429,82.62034160572843,50.0
714.0,84.1126774216429,82.64026123274087,50.0
715.0,84.1126774216429,82.65929369792568,50.0
716.0,84.1126774216429,82.67751529875842,50.0
717.0,84.1126774216429,82.69499314111933,50.0
718.0,84.1126774216429,82.71178652618387,50.0
719.0,84.1126774216429,82.72794808936254,50.0
720.0,84.1126774216429,82.7435247420564,50.0
721.0,84.1126774216429,82.75855845536769,50.0
722.0,84.1126774216429,82.77308691620443,50.0
723.0,84.1126774216429,82.78714407964475,50.0
724.0,84.1126774216429,82.80076063642272,50.0
725.0,84.1126774216429,82.81396441054304,50.0
726.0,84.1126774216429,82.82678069905431,50.0
727.0,84.1126774216429,82.83923256367821,50.0
728.0,84.1126774216429,82.85134108216502,50.0
729.0,84.1126774216429,82.86312556579534,50.0
730.0,84.1126774216429,82.87460374829661,50.0
731.0,84.1126774216429,82.885791950516,50.0
732.0,84.1126774216429,82.89670522445073,50.0
733.0,84.1126774216429,82.9073574796297,50.0
734.0,84.1126774216429,82.9177615943526,50.0
735.0,84.1126774216429,82.92792951388809,50.0
736.0,84.1126774216429,82.93787233740626,50.0
737.0,84.1126774216429,82.94760039514273,50.0
738.0,84.1126774216429,82.95712331707072,50.0
739.0,84.1126774216429,82.966450094166,50.0
740.0,84.1126774216429,82.97558913319385,50.0
741.0,84.1126774216429,82.98454830581406,50.0
742.0,84.1126774216429,82.99333499269059,50.0
743.0,84.1126774216429,83.00195612319682,50.0
744.0,84.1126774216429,83.01041821122867,50.0
745.0,84.1126774216429,83.01872738757095,50.0
746.0,84.1126774216429,83.02688942920305,50.0
747.0,84.1126774216429,83.03490978588162,50.0
748.0,84.1126774216429,83.04279360429618,50.0
749.0,84.1126774216429,83.05054575005579,50.0
750.0,84.1126774216429,83.0581708277343,50.0
751.0,84.1126774216429,83.0656731991755,50.0
752.0,84.1126774216429,83.07305700023278,50.0
753.0,84.1126774216429,83.08032615610259,50.0
754.0,84.1126774216429,83.08748439538755,50.0
755.0,84.1126774216429,83.09453526301411,50.0
756.0,84.1126774216429,83.10148213211266,50.0
757.0,84.1126774216429,83.10832821495926,50.0
758.0,84.1126774216429,83.11507657306426,50.0
759.0,84.1126774216429,83.1217301264875,50.0
760.0,84.1126774216429,83.12829166244838,50.0
761.0,84.1126774216429,83.13476384329334,50.0
762.0,84.1126774216429,83.14114921387878,50.0
763.0,84.1126774216429,83.14745020841761,50.0
764.0,84.1126774216429,83.15366915683678,50.0
765.0,84.1126774216429,83.15980829068604,50.0
766.0,84.1126774216429,83.16586974863561,50.0
767.0,84.1126774216429,83.17185558159619,50.0
768.0,84.1126774216429,83.17776775749175,50.0
769.0,84.1126774216429,83.18360816571352,50.0
770.0,84.1126774216429,83.189378621279,50.0
771.0,84.1126774216429,83.19508086872011,50.0
772.0,84.1126774216429,83.20071658572103,50.0
773.0,84.1126774216429,83.2062873865242,50.0
774.0,84.1126774216429,83.21179482512271,50.0
775.0,84.1126774216429,83.21724039825422,50.0
776.0,84.1126774216429,83.22262554821104,50.0
777.0,84.1126774216429,83.22795166548052,50.0
778.0,84.1126774216429,83.23322009122673,50.0
779.0,84.1126774216429,83.23843211962505,50.0
780.0,84.1126774216429,83.24358900006071,50.0
781.0,84.1126774216429,83.24869193919923,50.0
782.0,84.1126774216429,83.2537421029395,50.0
783.0,84.1126774216429,83.2587406182552,50.0
784.0,84.1126774216429,83.26368857493394,50.0
785.0,84.1126774216429,83.26858702721958,50.0
786.0,84.1126774216429,83.27343699536503,50.0
787.0,84.1126774216429,83.27823946710105,50.0
788.0,84.1126774216429,83.28299539902541,50.0
789.0,84.1126774216429,83.28770571791951,50.0
790.0,84.1126774216429,83.29237132199518,50.0
791.0,84.1126774216429,83.296993082077,50.0
792.0,84.1126774216429,83.30157184272353,50.0
793.0,84.1126774216429,83.30610842329213,50.0
794.0,84.1126774216429,83.3106036189491,50.0
795.0,84.1126774216429,83.31505820163028,50.0
796.0,84.1126774216429,83.31947292095408,50.0
797.0,84.1126774216429,83.32384850508943,50.0
798.0,84.1126774216429,83.3281856615821,50.0
799.0,84.1126774216429,83.33248507814108,50.0
800.0,84.1126774216429,83.33674742338785,50.0
801.0,84.1126774216429,83.34097334757031,50.0
802.0,84.1126774216429,83.34516348324306,50.0
803.0,84.1126774216429,83.3493184459171,50.0
804.0,84.1126774216429,83.35343883467881,50.0
805.0,84.1126774216429,83.35752523278143,50.0
806.0,84.1126774216429,83.3615782082099,50.0
807.0,84.1126774216429,83.3655983142204,50.0
808.0,84.1126774216429,83.36958608985624,50.0
809.0,84.1126774216429,83.37354206044085,50.0
810.0,84.1126774216429,83.37746673804997,50.0
811.0,84.1126774216429,83.3813606219629,50.0
812.0,84.1126774216429,83.38522419909499,50.0
813.0,84.1126774216429,83.38905794441149,50.0
814.0,84.1126774216429,83.39286232132457,50.0
815.0,84.1126774216429,83.39663778207303,50.0
816.0,84.1126774216429,83.40038476808736,50.0
817.0,84.1126774216429,83.40410371033926,50.0
818.0,84.1126774216429,83.40779502967669,50.0
819.0,84.1126774216429,83.41145913714666,50.0
820.0,84.1126774216429,83.41509643430382,50.0
821.0,84.1126774216429,83.41870731350751,50.0
822.0,84.1126774216429,83.42229215820734,50.0
823.0,84.1126774216429,83.42585134321706,50.0
824.0,84.1126774216429,83.4293852349784,50.0
825.0,84.1126774216429,83.43289419181457,50.0
826.0,84.1126774216429,83.43637856417419,50.0
827.0,84.1126774216429,83.43983869486581,50.0
828.0,84.1126774216429,83.44327491928405,50.0
829.0,84.1126774216429,83.44668756562709,50.0
830.0,84.1126774216429,83.45007695510613,50.0
831.0,84.1126774216429,83.45344340214724,50.0
832.0,84.1126774216429,83.45678721458606,50.0
833.0,84.1126774216429,83.46010869385505,50.0
834.0,84.1126774216429,83.46340813516461,50.0
835.0,84.1126774216429,83.46668582767728,50.0
836.0,84.1126774216429,83.46994205467608,50.0
837.0,84.1126774216429,83.47317709372687,50.0
838.0,84.1126774216429,83.47639121683513,50.0
839.0,84.1126774216429,83.47958469059714,50.0
840.0,84.1126774216429,83.4827577763464,50.0
841.0,84.1126774216429,83.4859107302945,50.0
842.0,84.1126774216429,83.48904380366776,50.0
843.0,84.1126774216429,83.49215724283891,50.0
844.0,84.1126774216429,83.49525128945481,50.0
845.0,84.1126774216429,83.49832618055942,50.0
846.0,84.1126774216429,83.50138214871298,50.0
847.0,84.1126774216429,83.50441942210755,50.0
848.0,84.1126774216429,83.50743822467835,50.0
849.0,84.1126774216429,83.51043877621203,50.0
850.0,84.1126774216429,83.51342129245084,50.0
851.0,84.1126774216429,83.51638598519408,50.0
852.0,84.1126774216429,83.51933306239606,50.0
853.0,84.1126774216429,83.52226272826093,50.0
854.0,84.1126774216429,83.52517518333507,50.0
855.0,84.1126774216429,83.52807062459567,50.0
856.0,84.1126774216429,83.53094924553757,50.0
857.0,84.1126774216429,83.53381123625691,50.0
858.0,84.1126774216429,83.53665678353227,50.0
859.0,84.1126774216429,83.53948607090341,50.0
860.0,84.1126774216429,83.54229927874803,50.0
861.0,84.1126774216429,83.54509658435559,50.0
862.0,84.1126774216429,83.54787816199934,50.0
863.0,84.1126774216429,83.55064418300606,50.0
864.0,84.1126774216429,83.55339481582416,50.0
865.0,84.1126774216429,83.55613022608915,50.0
866.0,84.1126774216429,83.55885057668787,50.0
867.0,84.1126774216429,83.56155602782036,50.0
868.0,84.1126774216429,83.56424673706024,50.0
869.0,84.1126774216429,83.5669228594134,50.0
870.0,84.1126774216429,83.56958454737489,50.0
871.0,84.1126774216429,83.57223195098425,50.0
872.0,84.1126774216429,83.57486521787946,50.0
873.0,84.1126774216429,83.57748449334909,50.0
874.0,84.1126774216429,83.58008992038336,50.0
875.0,84.1126774216429,83.58268163972356,50.0
876.0,84.1126774216429,83.58525978991024,50.0
877.0,84.1126774216429,83.58782450732997,50.0
878.0,84.1126774216429,83.59037592626099,50.0
879.0,84.1126774216429,83.59291417891765,50.0
880.0,84.1126774216429,83.59543939549344,50.0
881.0,84.1126774216429,83.59795170420317,50.0
882.0,84.1126774216429,83.60045123132386,50.0
883.0,84.1126774216429,83.60293810123463,50.0
884.0,84.1126774216429,83.60541243645544,50.0
885.0,84.1126774216429,83.6078743576851,50.0
886.0,84.1126774216429,83.61032398383792,50.0
887.0,84.1126774216429,83.61276143207981,50.0
888.0,84.1126774216429,83.61518681786309,50.0
889.0,84.1126774216429,83.61760025496082,50.0
890.0,84.1126774216429,83.62000185549985,50.0
891.0,84.1126774216429,83.62239172999328,50.0
892.0,84.1126774216429,83.62476998737226,50.0
893.0,84.1126774216429,83.62713673501653,50.0
894.0,84.1126774216429,83.62949207878472,50.0
895.0,84.1126774216429,83.6318361230436,50.0
896.0,84.1126774216429,83.63416897069665,50.0
897.0,84.1126774216429,83.636490723212,50.0
898.0,84.1126774216429,83.63880148064982,50.0
899.0,84.1126774216429,83.64110134168855,50.0
900.0,84.1126774216429,83.64339040365142,50.0
901.0,84.1126774216429,83.64566876253124,50.0
902.0,84.1126774216429,83.64793651301542,50.0
903.0,84.1126774216429,83.65019374851023,50.0
904.0,84.1126774216429,83.65244056116394,50.0
905.0,84.1126774216429,83.65467704189048,50.0
906.0,84.1126774216429,83.65690328039145,50.0
907.0,84.1126774216429,83.65911936517828,50.0
908.0,84.1126774216429,83.6613253835939,50.0
909.0,84.1126774216429,83.66352142183334,50.0
910.0,84.1126774216429,83.66570756496465,50.0
911.0,84.1126774216429,83.66788389694855,50.0
912.0,84.1126774216429,83.6700505006585,50.0
913.0,84.1126774216429,83.67220745789945,50.0
914.0,84.1126774216429,83.6743548494267,50.0
915.0,84.1126774216429,83.6764927549644,50.0
916.0,84.1126774216429,83.67862125322314,50.0
917.0,84.1126774216429,83.68074042191775,50.0
918.0,84.1126774216429,83.68285033778425,50.0
919.0,84.1126774216429,83.68495107659672,50.0
920.0,84.1126774216429,83.68704271318359,50.0
921.0,84.1126774216429,83.68912532144391,50.0
922.0,84.1126774216429,83.69119897436275,50.0
923.0,84.1126774216429,83.6932637440268,50.0
924.0,84.1126774216429,83.69531970163916,50.0
925.0,84.1126774216429,83.6973669175344,50.0
926.0,84.1126774216429,83.69940546119277,50.0
927.0,84.1126774216429,83.70143540125402,50.0
928.0,84.1126774216429,83.70345680553187,50.0
929.0,84.1126774216429,83.70546974102703,50.0
930.0,84.1126774216429,83.70747427394045,50.0
931.0,84.1126774216429,83.70947046968662,50.0
932.0,84.1126774216429,83.71145839290594,50.0
933.0,84.1126774216429,83.71343810747724,50.0
934.0,84.1126774216429,83.7154096765302,50.0
935.0,84.1126774216429,83.71737316245695,50.0
936.0,84.1126774216429,83.71932862692398,50.0
937.0,84.1126774216429,83.72127613088354,50.0
938.0,84.1126774216429,83.72321573458501,50.0
939.0,84.1126774216429,83.72514749758561,50.0
940.0,84.1126774216429,83.72707147876145,50.0
941.0,84.1126774216429,83.72898773631803,50.0
942.0,84.1126774216429,83.73089632780075,50.0
943.0,84.1126774216429,83.73279731010473,50.0
944.0,84.1126774216429,83.73469073948523,50.0
945.0,84.1126774216429,83.736576671567,50.0
946.0,84.1126774216429,83.73845516135407,50.0
947.0,84.1126774216429,83.74032626323931,50.0
948.0,84.1126774216429,83.74219003101342,50.0
949.0,84.1126774216429,83.74404651787394,50.0
950.0,84.1126774216429,83.74589577643445,50.0
951.0,84.1126774216429,83.7477378587328,50.0
952.0,84.1126774216429,83.74957281624005,50.0
953.0,84.1126774216429,83.75140069986868,50.0
954.0,84.1126774216429,83.7532215599809,50.0
955.0,84.1126774216429,83.75503544639659,50.0
956.0,84.1126774216429,83.75684240840134,50.0
957.0,84.1126774216429,83.7586424947541,50.0
958.0,84.1126774216429,83.76043575369496,50.0
959.0,84.1126774216429,83.76222223295255,50.0
960.0,84.1126774216429,83.76400197975147,50.0
961.0,84.1126774216429,83.76577504081926,50.0
962.0,84.1126774216429,83.76754146239396,50.0
963.0,84.1126774216429,83.76930129023056,50.0
964.0,84.1126774216429,83.77105456960824,50.0
965.0,84.1126774216429,83.77280134533679,50.0
966.0,84.1126774216429,83.7745416617633,50.0
967.0,84.1126774216429,83.77627556277874,50.0
968.0,84.1126774216429,83.77800309182422,50.0
969.0,84.1126774216429,83.77972429189732,50.0
970.0,84.1126774216429,83.78143920555806,50.0
971.0,84.1126774216429,83.78314787493497,50.0
972.0,84.1126774216429,83.78485034173133,50.0
973.0,84.1126774216429,83.7865466472305,50.0
974.0,84.1126774216429,83.78823683230205,50.0
975.0,84.1126774216429,83.78992093740712,50.0
976.0,84.1126774216429,83.79159900260416,50.0
977.0,84.1126774216429,83.79327106755409,50.0
978.0,84.1126774216429,83.79493717152582,50.0
979.0,84.1126774216429,83.79659735340155,50.0
980.0,84.1126774216429,83.79825165168194,50.0
981.0,84.1126774216429,83.7999001044908,50.0
982.0,84.1126774216429,83.80154274958068,50.0
983.0,84.1126774216429,83.80317962433719,50.0
984.0,84.1126774216429,83.80481076578437,50.0
985.0,84.1126774216429,83.80643621058897,50.0
986.0,84.1126774216429,83.80805599506525,50.0
987.0,84.1126774216429,83.8096701551797,50.0
988.0,84.1126774216429,83.81127872655554,50.0
989.0,84.1126774216429,83.81288174447691,50.0
990.0,84.1126774216429,83.81447924389347,50.0
991.0,84.1126774216429,83.81607125942465,50.0
992.0,84.1126774216429,83.81765782536372,50.0
993.0,84.1126774216429,83.81923897568217,50.0
994.0,84.1126774216429,83.82081474403374,50.0
995.0,84.1126774216429,83.82238516375816,50.0
996.0,84.1126774216429,83.82395026788558,50.0
997.0,84.1126774216429,83.82551008914011,50.0
998.0,84.1126774216429,83.82706465994384,50.0
999.0,84.1126774216429,83.82861401242036,50.0
1000.0,84.1126774216429,83.83015817839876,50.0
1001.0,84.1126774216429,83.83169718941714,50.0
1002.0,84.1126774216429,83.83323107672629,50.0
1003.0,84.1126774216429,83.83475987129309,50.0
1004.0,84.1126774216429,83.83628360380409,50.0
1005.0,84.1126774216429,83.83780230466887,50.0
1006.0,84.1126774216429,83.83931600402362,50.0
1007.0,84.1126774216429,83.84082473173419,50.0
1008.0,84.1126774216429,83.84232851739948,50.0
1009.0,84.1126774216429,83.84382739035469,50.0
1010.0,84.1126774216429,83.84532137967453,50.0
1011.0,84.1126774216429,83.84681051417623,50.0
1012.0,84.1126774216429,83.84829482242263,50.0
1013.0,84.1126774216429,83.84977433272537,50.0
1014.0,84.1126774216429,83.85124907314767,50.0
1015.0,84.1126774216429,83.85271907150742,50.0
1016.0,84.1126774216429,83.85418435537997,50.0
1017.0,84.1126774216429,83.85564495210116,50.0
1018.0,84.1126774216429,83.85710088876972,50.0
1019.0,84.1126774216429,83.85855219225068,50.0
1020.0,84.1126774216429,83.85999888917746,50.0
1021.0,84.1126774216429,83.86144100595502,50.0
1022.0,84.1126774216429,83.86287856876223,50.0
1023.0,84.1126774216429,83.86431160355464,50.0
1024.0,84.1126774216429,83.86574013606685,50.0
1025.0,84.1126774216429,83.8671641918155,50.0
1026.0,84.1126774216429,83.868583796101,50.0
1027.0,84.1126774216429,83.86999897401083,50.0
1028.0,84.1126774216429,83.87140975042145,50.0
1029.0,84.1126774216429,83.8728161500007,50.0
1030.0,84.1126774216429,83.87421819721041,50.0
1031.0,84.1126774216429,83.8756159163086,50.0
1032.0,84.1126774216429,83.87700933135166,50.0
1033.0,84.1126774216429,83.87839846619687,50.0
1034.0,84.1126774216429,83.87978334450413,50.0
1035.0,84.1126774216429,83.88116398973892,50.0
1036.0,84.1126774216429,83.88254042517364,50.0
1037.0,84.1126774216429,83.88391267389038,50.0
1038.0,84.1126774216429,83.88528075878267,50.0
1039.0,84.1126774216429,83.8866447025577,50.0
1040.0,84.1126774216429,83.88800452773823,50.0
1041.0,84.1126774216429,83.88936025666474,50.0
1042.0,84.1126774216429,83.89071191149743,50.0
1043.0,84.1126774216429,83.89205951421813,50.0
1044.0,84.1126774216429,83.89340308663208,50.0
1045.0,84.1126774216429,83.89474265037012,50.0
1046.0,84.1126774216429,83.89607822689044,50.0
1047.0,84.1126774216429,83.89740983748037,50.0
1048.0,84.1126774216429,83.89873750325829,50.0
1049.0,84.1126774216429,83.90006124517538,50.0
1050.0,84.1126774216429,83.9013810840175,50.0
1051.0,84.1126774216429,83.90269704040693,50.0
1052.0,84.1126774216429,83.90400913480393,50.0
1053.0,84.1126774216429,83.90531738750866,50.0
1054.0,84.1126774216429,83.90662181866283,50.0
1055.0,84.1126774216429,83.90792244825116,50.0
1056.0,84.1126774216429,83.90921929610344,50.0
1057.0,84.1126774216429,83.91051238189563,50.0
1058.0,84.1126774216429,83.91180172515188,50.0
1059.0,84.1126774216429,83.91308734524597,50.0
1060.0,84.1126774216429,83.91436926140274,50.0
1061.0,84.1126774216429,83.91564749269985,50.0
1062.0,84.1126774216429,83.9169220580691,50.0
1063.0,84.1126774216429,83.91819297629814,50.0
1064.0,84.1126774216429,83.91946026603168,50.0
1065.0,84.1126774216429,83.92072394577319,50.0
1066.0,84.1126774216429,83.92198403388628,50.0
1067.0,84.1126774216429,83.9232405485959,50.0
1068.0,84.1126774216429,83.92449350799018,50.0
1069.0,84.1126774216429,83.92574293002127,50.0
1070.0,84.1126774216429,83.92698883250733,50.0
1071.0,84.1126774216429,83.92823123313329,50.0
1072.0,84.1126774216429,83.92947014945261,50.0
1073.0,84.1126774216429,83.93070559888837,50.0
1074.0,84.1126774216429,83.93193759873462,50.0
1075.0,84.1126774216429,83.9331661661577,50.0
1076.0,84.1126774216429,83.93439131819741,50.0
1077.0,84.1126774216429,83.93561307176847,50.0
1078.0,84.1126774216429,83.93683144366159,50.0
1079.0,84.1126774216429,83.93804645054462,50.0
1080.0,84.1126774216429,83.93925810896393,50.0
1081.0,84.1126774216429,83.94046643534558,50.0
1082.0,84.1126774216429,83.94167144599625,50.0
1083.0,84.1126774216429,83.94287315710478,50.0
1084.0,84.1126774216429,83.94407158474314,50.0
1085.0,84.1126774216429,83.94526674486735,50.0
1086.0,84.1126774216429,83.94645865331906,50.0
1087.0,84.1126774216429,83.94764732582618,50.0
1088.0,84.1126774216429,83.94883277800433,50.0
1089.0,84.1126774216429,83.95001502535776,50.0
1090.0,84.1126774216429,83.9511940832803,50.0
1091.0,84.1126774216429,83.95236996705673,50.0
1092.0,84.1126774216429,83.95354269186356,50.0
1093.0,84.1126774216429,83.95471227277,50.0
1094.0,84.1126774216429,83.9558787247393,50.0
1095.0,84.1126774216429,83.95704206262951,50.0
1096.0,84.1126774216429,83.95820230119445,50.0
1097.0,84.1126774216429,83.95935945508486,50.0
1098.0,84.1126774216429,83.96051353884914,50.0
1099.0,84.1126774216429,83.9616645669346,50.0
1100.0,84.1126774216429,83.96281255368805,50.0
1101.0,84.1126774216429,83.96395751335709,50.0
1102.0,84.1126774216429,83.96509946009073,50.0
1103.0,84.1126774216429,83.96623840794058,50.0
1104.0,84.1126774216429,83.96737437086145,50.0
1105.0,84.1126774216429,83.96850736271251,50.0
1106.0,84.1126774216429,83.96963739725805,50.0
1107.0,84.1126774216429,83.97076448816831,50.0
1108.0,84.1126774216429,83.97188864902037,50.0
1109.0,84.1126774216429,83.97300989329909,50.0
1110.0,84.1126774216429,83.97412823439792,50.0
1111.0,84.1126774216429,83.97524368561952,50.0
1112.0,84.1126774216429,83.97635626017698,50.0
1113.0,84.1126774216429,83.97746597119418,50.0
1114.0,84.1126774216429,83.97857283170686,50.0
1115.0,84.1126774216429,83.97967685466358,50.0
1116.0,84.1126774216429,83.98077805292604,50.0
1117.0,84.1126774216429,83.98187643927022,50.0
1118.0,84.1126774216429,83.98297202638709,50.0
1119.0,84.1126774216429,83.98406482688313,50.0
1120.0,84.1126774216429,83.98515485328147,50.0
1121.0,84.1126774216429,83.98624211802235,50.0
1122.0,84.1126774216429,83.98732663346387,50.0
1123.0,84.1126774216429,83.9884084118829,50.0
1124.0,84.1126774216429,83.98948746547553,50.0
1125.0,84.1126774216429,83.99056380635793,50.0
1126.0,84.1126774216429,83.99163744656722,50.0
1127.0,84.1126774216429,83.99270839806171,50.0
1128.0,84.1126774216429,83.99377667272215,50.0
1129.0,84.1126774216429,83.99484228235184,50.0
1130.0,84.1126774216429,83.99590523867779,50.0
1131.0,84.1126774216429,83.99696555335102,50.0
1132.0,84.1126774216429,83.9980232379475,50.0
1133.0,84.1126774216429,83.99907830396855,50.0
1134.0,84.1126774216429,84.00013076284162,50.0
1135.0,84.1126774216429,84.00118062592101,50.0
1136.0,84.1126774216429,84.00222790448825,50.0
1137.0,84.1126774216429,84.00327260975287,50.0
1138.0,84.1126774216429,84.00431475285309,50.0
1139.0,84.1126774216429,84.00535434485639,50.0
1140.0,84.1126774216429,84.00639139675977,50.0
1141.0,84.1126774216429,84.00742591949098,50.0
1142.0,84.1126774216429,84.0084579239087,50.0
1143.0,84.1126774216429,84.00948742080287,50.0
1144.0,84.1126774216429,84.01051442089609,50.0
1145.0,84.1126774216429,84.01153893484326,50.0
1146.0,84.1126774216429,84.01256097323287,50.0
1147.0,84.1126774216429,84.013580546587,50.0
1148.0,84.1126774216429,84.01459766536227,50.0
1149.0,84.1126774216429,84.01561233995035,50.0
1150.0,84.1126774216429,84.01662458067818,50.0
1151.0,84.1126774216429,84.01763439780882,50.0
1152.0,84.1126774216429,84.01864180154185,50.0
1153.0,84.1126774216429,84.01964680201401,50.0
1154.0,84.1126774216429,84.02064940929962,50.0
1155.0,84.1126774216429,84.0216496334109,50.0
1156.0,84.1126774216429,84.02264748429897,50.0
1157.0,84.1126774216429,84.02364297185392,50.0
1158.0,84.1126774216429,84.02463610590544,50.0
1159.0,84.1126774216429,84.02562689622333,50.0
1160.0,84.1126774216429,84.02661535251802,50.0
1161.0,84.1126774216429,84.0276014844411,50.0
1162.0,84.1126774216429,84.0285853015855,50.0
1163.0,84.1126774216429,84.02956681348628,50.0
1164.0,84.1126774216429,84.03054602962108,50.0
1165.0,84.1126774216429,84.03152295941028,50.0
1166.0,84.1126774216429,84.03249761221795,50.0
1167.0,84.1126774216429,84.03346999735179,50.0
1168.0,84.1126774216429,84.0344401240639,50.0
1169.0,84.1126774216429,84.03540800155116,50.0
1170.0,84.1126774216429,84.03637363895562,50.0
1171.0,84.1126774216429,84.03733704536502,50.0
1172.0,84.1126774216429,84.03829822981301,50.0
1173.0,84.1126774216429,84.03925720127997,50.0
1174.0,84.1126774216429,84.04021396869285,50.0
1175.0,84.1126774216429,84.04116854092639,50.0
1176.0,84.1126774216429,84.04212092680265,50.0
1177.0,84.1126774216429,84.04307113509212,50.0
1178.0,84.1126774216429,84.0440191745137,50.0
1179.0,84.1126774216429,84.04496505373544,50.0
1180.0,84.1126774216429,84.04590878137445,50.0
1181.0,84.1126774216429,84.04685036599788,50.0
1182.0,84.1126774216429,84.04778981612299,50.0
1183.0,84.1126774216429,84.04872714021737,50.0
1184.0,84.1126774216429,84.04966234669969,50.0
1185.0,84.1126774216429,84.05059544393994,50.0
1186.0,84.1126774216429,84.05152644025975,50.0
1187.0,84.1126774216429,84.05245534393275,50.0
1188.0,84.1126774216429,84.05338216318502,50.0
1189.0,84.1126774216429,84.05430690619538,50.0
1190.0,84.1126774216429,84.05522958109579,50.0
1191.0,84.1126774216429,84.05615019597177,50.0
1192.0,84.1126774216429,84.05706875886264,50.0
1193.0,84.1126774216429,84.05798527776187,50.0
1194.0,84.1126774216429,84.05889976061768,50.0
1195.0,84.1126774216429,84.05981221533278,50.0
1196.0,84.1126774216429,84.06072264976561,50.0
1197.0,84.1126774216429,84.06163107172982,50.0
1198.0,84.1126774216429,84.06253748899506,50.0
1199.0,84.1126774216429,84.06344190928738,50.0
1200.0,84.1126774216429,84.06434434028901,50.0
