"tick","donation-normed-big","donation-big group","donation-valued-big"
1.0,55.0,91.57166304236185,95.0
2.0,55.0,95.0,95.0
3.0,55.0,95.0,95.0
4.0,55.0,95.0,95.0
5.0,55.559701492537314,94.99996268656716,95.0
6.0,55.559701492537314,94.99992537313433,95.0
7.0,55.559701492537314,94.99988805970149,95.0
8.0,55.559701492537314,94.99985074626865,95.0
9.0,55.559701492537314,94.99983472835154,95.0
10.0,55.559701492537314,94.99953244922668,95.0
11.0,55.559701492537314,94.9987107693744,95.0
12.0,55.559701492537314,94.9964772119632,95.0
13.0,55.559701492537314,94.99040577343945,95.0
14.0,55.559701492537314,94.97448611067227,95.0
15.0,55.559701492537314,94.97393699046931,95.0
16.0,55.559701492537314,94.97345802741026,95.0
17.0,55.559701492537314,94.9730354514221,95.0
18.0,55.559701492537314,94.9726590015639,95.0
19.0,55.559701492537314,94.97232085409503,95.0
20.0,55.559701492537314,94.97201492537313,95.0
21.0,55.559701492537314,94.97173640391927,95.0
22.0,55.559701492537314,94.9714814276267,95.0
23.0,55.559701492537314,94.97124685574143,95.0
24.0,55.559701492537314,94.97103010439366,95.0
25.0,55.559701492537314,94.97082902575508,95.0
26.0,55.559701492537314,94.97064181777446,95.0
27.0,55.559701492537314,94.97046695574839,95.0
28.0,55.559701492537314,94.97030313974746,95.0
29.0,55.559701492537314,94.97014925373135,95.0
30.0,55.559701492537314,94.9700043334007,95.0
31.0,55.559701492537314,94.96986754066155,95.0
32.0,55.559701492537314,94.96973814315317,95.0
33.0,55.559701492537314,94.96961549769317,95.0
34.0,55.559701492537314,94.9694990367849,95.0
35.0,55.559701492537314,94.9693882575383,95.0
36.0,55.559701492537314,94.96928271251106,95.0
37.0,55.559701492537314,94.96918200208789,95.0
38.0,55.559701492537314,94.96908576810235,95.0
39.0,55.559701492537314,94.96899368846812,95.0
40.0,55.559701492537314,94.96890547263682,95.0
41.0,55.559701492537314,94.96882085773527,95.0
42.0,55.559701492537314,94.96873960526607,95.0
43.0,55.559701492537314,94.9686614982763,95.0
44.0,55.559701492537314,94.96858633891823,95.0
45.0,55.559701492537314,94.96851394633913,95.0
46.0,55.559701492537314,94.96844415484934,95.0
47.0,55.559701492537314,94.96837681232584,95.0
48.0,55.559701492537314,94.96831177881676,95.0
49.0,55.559701492537314,94.96824892531716,95.0
50.0,55.559701492537314,94.96818813269235,95.0
51.0,55.559701492537314,94.96812929072753,95.0
52.0,80.17593625435732,94.96807229728722,95.0
53.0,92.4839131498958,94.96636463561475,95.0
54.0,92.4839131498958,94.96383228806982,95.0
55.0,92.4839131498958,94.96130152406177,95.0
56.0,92.4839131498958,94.95877226708669,95.0
57.0,92.4839131498958,94.95718751568049,95.0
58.0,92.4839131498958,94.9433986969043,95.0
59.0,92.4839131498958,94.90026996736908,95.0
60.0,92.4839131498958,94.78311485486711,95.0
61.0,92.4839131498958,94.46473297177965,95.0
62.0,92.4839131498958,93.62522996508908,95.0
63.0,92.4839131498958,93.24831018740741,95.0
64.0,92.4839131498958,93.21489776411576,95.0
65.0,92.4839131498958,93.18553715635593,95.0
66.0,92.4839131498958,93.15946896360117,95.0
67.0,92.4839131498958,93.13611943279564,95.0
68.0,92.4839131498958,93.11504584785231,95.0
69.0,92.4839131498958,93.09590036888405,95.0
70.0,92.4839131498958,93.07840537430148,95.0
71.0,92.4839131498958,93.06233621426293,95.0
72.0,92.4839131498958,93.04750887731626,95.0
73.0,92.4839131498958,93.03377099643505,95.0
74.0,92.4839131498958,93.02099517535898,95.0
75.0,92.4839131498958,93.00907395910613,95.0
76.0,92.4839131498958,92.99791599021579,95.0
77.0,92.4839131498958,92.98744303377916,95.0
78.0,92.4839131498958,92.9775876482438,95.0
79.0,92.4839131498958,92.96829134255294,95.0
80.0,92.4839131498958,92.95950310395301,95.0
81.0,92.4839131498958,92.95117821143603,95.0
82.0,92.4839131498958,92.94327727153271,95.0
83.0,92.4839131498958,92.93576542882028,95.0
84.0,92.4839131498958,92.9286117149132,95.0
85.0,92.4839131498958,92.92178850810811,95.0
86.0,92.4839131498958,92.91527108211616,95.0
87.0,92.4839131498958,92.90903722702413,95.0
88.0,92.4839131498958,92.90306692920628,95.0
89.0,92.4839131498958,92.89734209964519,95.0
90.0,92.4839131498958,92.89184634224007,95.0
91.0,92.4839131498958,92.88656475532653,95.0
92.0,92.4839131498958,92.88148376092234,95.0
93.0,92.4839131498958,92.87659095723535,95.0
94.0,92.4839131498958,92.87187499077795,95.0
95.0,92.4839131498958,92.86732544507915,95.0
96.0,92.4839131498958,92.86293274350773,95.0
97.0,92.4839131498958,92.85868806413866,95.0
98.0,92.4839131498958,92.8545832649373,95.0
99.0,92.4839131498958,92.85061081781485,95.0
100.0,92.4839131498958,92.84676375033966,95.0
101.0,92.4839131498958,92.84303559407239,95.0
102.0,92.4839131498958,92.83942033865681,95.0
103.0,92.4839131498958,92.8359123909205,95.0
104.0,92.4839131498958,92.83250653835348,95.0
105.0,92.4839131498958,92.82919791642078,95.0
106.0,92.4839131498958,92.82598197924214,95.0
107.0,92.4839131498958,92.8228544732367,95.0
108.0,92.4839131498958,92.81981141338447,95.0
109.0,92.4839131498958,92.81684906180216,95.0
110.0,92.4839131498958,92.81396390837355,95.0
111.0,92.4839131498958,92.8111526532028,95.0
112.0,92.4839131498958,92.8084121906925,95.0
113.0,92.4839131498958,92.80573959507252,95.0
114.0,92.4839131498958,92.80313210722454,95.0
115.0,92.4839131498958,92.80058712266711,95.0
116.0,92.4839131498958,92.79810218058459,95.0
117.0,92.4839131498958,92.79567495379148,95.0
118.0,92.4839131498958,92.79330323954154,95.0
119.0,92.4839131498958,92.79098495109743,95.0
120.0,92.4839131498958,92.78871810998884,95.0
121.0,92.4839131498958,92.78650083889295,95.0
122.0,92.4839131498958,92.7843313550784,95.0
123.0,92.4839131498958,92.78220796436206,95.0
124.0,92.4839131498958,92.78012905553106,95.0
125.0,92.4839131498958,92.77809309518811,95.0
126.0,92.4839131498958,92.77609862298364,95.0
127.0,92.4839131498958,92.77414424719946,95.0
128.0,92.4839131498958,92.77222864065551,95.0
129.0,92.4839131498958,92.77035053690986,95.0
130.0,92.4839131498958,92.76850872673073,95.0
131.0,92.4839131498958,92.76670205481291,95.0
132.0,92.4839131498958,92.7649294167253,95.0
133.0,92.4839131498958,92.76318975606333,95.0
134.0,92.4839131498958,92.76148206179684,95.0
135.0,92.4839131498958,92.75980536579348,95.0
136.0,92.4839131498958,92.75815874050515,95.0
137.0,92.4839131498958,92.75654129680566,95.0
138.0,92.4839131498958,92.75495218196814,95.0
139.0,92.4839131498958,92.75339057776982,95.0
140.0,92.4839131498958,92.751855698717,95.0
141.0,92.4839131498958,92.75034679038016,95.0
142.0,92.4839131498958,92.74886312783144,95.0
143.0,92.4839131498958,92.74740401417732,95.0
144.0,92.4839131498958,92.74596877917892,95.0
145.0,92.4839131498958,92.74455677795524,95.0
146.0,92.4839131498958,92.74316738976238,95.0
147.0,92.4839131498958,92.74180001684358,95.0
148.0,92.4839131498958,92.74045408334584,95.0
149.0,92.4839131498958,92.73912903429846,95.0
150.0,92.4839131498958,92.73782433464825,95.0
151.0,92.4839131498958,92.73653946835073,95.0
152.0,92.4839131498958,92.73527393750895,95.0
153.0,92.4839131498958,92.73402726156166,95.0
154.0,92.4839131498958,92.7327989765139,95.0
155.0,92.4839131498958,92.73158863421017,95.0
156.0,92.4839131498958,92.73039580164568,95.0
157.0,92.4839131498958,92.72922006031322,95.0
158.0,92.4839131498958,92.72806100558546,95.0
159.0,92.4839131498958,92.72691824612794,95.0
160.0,92.4839131498958,92.72579140334287,95.0
161.0,92.4839131498958,92.72468011084067,95.0
162.0,92.4839131498958,92.72358401393825,95.0
163.0,92.4839131498958,92.72250276918254,95.0
164.0,92.4839131498958,92.72143604389699,95.0
165.0,92.4839131498958,92.72038351575061,95.0
166.0,92.4839131498958,92.71934487234755,95.0
167.0,92.4839131498958,92.71831981083726,95.0
168.0,92.4839131498958,92.71730803754215,95.0
169.0,92.4839131498958,92.71630926760291,95.0
170.0,92.4839131498958,92.71532322464203,95.0
171.0,92.4839131498958,92.7143496404406,95.0
172.0,92.4839131498958,92.71338825463141,95.0
173.0,92.4839131498958,92.7124388144062,95.0
174.0,92.4839131498958,92.71150107423507,95.0
175.0,92.4839131498958,92.71057479559967,95.0
176.0,92.4839131498958,92.70965974673753,95.0
177.0,92.4839131498958,92.70875570239812,95.0
178.0,92.4839131498958,92.70786244360893,95.0
179.0,92.4839131498958,92.7069797574527,95.0
180.0,92.4839131498958,92.70610743685347,95.0
181.0,92.4839131498958,92.70524528037201,95.0
182.0,92.4839131498958,92.70439309201046,95.0
183.0,92.4839131498958,92.70355068102403,95.0
184.0,92.4839131498958,92.70271786174166,95.0
185.0,92.4839131498958,92.70189445339396,95.0
186.0,92.4839131498958,92.7010802799477,95.0
187.0,92.4839131498958,92.70027516994737,95.0
188.0,92.4839131498958,92.69947895636332,95.0
189.0,92.4839131498958,92.69869147644617,95.0
190.0,92.4839131498958,92.6979125715861,95.0
191.0,92.4839131498958,92.69714208717905,95.0
192.0,92.4839131498958,92.69637987249719,95.0
193.0,92.4839131498958,92.69562578056481,95.0
194.0,92.4839131498958,92.6948796680394,95.0
195.0,92.4839131498958,92.6941413950961,95.0
196.0,92.4839131498958,92.69341082531875,95.0
197.0,92.4839131498958,92.69268782559244,95.0
198.0,92.4839131498958,92.69197226600235,95.0
199.0,92.4839131498958,92.69126401973487,95.0
200.0,92.4839131498958,92.69056296298378,95.0
201.0,92.4839131498958,92.68986897485824,95.0
