"tick","donation-big group","donation-small","donation-normed-big","donation-normed-small","donation-valued-big","donation-valued-small"
1.0,5.001190756028277,5.001250000000001,7.4600962120241325,7.5,5.0,5.0
2.0,5.002381512056551,5.0024999999999995,7.4600962120241325,7.5,5.0,5.0
3.0,5.003572268084827,5.00375,7.4600962120241325,7.5,5.0,5.0
4.0,5.004763024113103,5.005000000000001,7.4600962120241325,7.5,5.0,5.0
5.0,5.005274192073577,5.005536600223236,7.4600962120241325,7.5,5.0,5.0
6.0,5.014920602569984,5.015662950906474,7.4600962120241325,7.5,5.0,5.0
7.0,5.0411422649322155,5.043189225957327,7.4600962120241325,7.5,5.0,5.0
8.0,5.112420133243463,5.118013399233227,7.4600962120241325,7.5,5.0,5.0
9.0,5.306173467445216,5.321406589778579,7.4600962120241325,7.5,5.0,5.0
10.0,5.814205909583297,5.854715292478953,7.4600962120241325,7.5,5.0,5.0
11.0,5.831729577126528,5.873110819277795,7.4600962120241325,7.5,5.0,5.0
12.0,5.847014371543944,5.889156081756484,7.4600962120241325,7.5,5.0,5.0
13.0,5.860499727005571,5.9033123773592315,7.4600962120241325,7.5,5.0,5.0
14.0,5.872513093344355,5.915923447609469,7.4600962120241325,7.5,5.0,5.0
15.0,5.883304143815506,5.9272513878160495,7.4600962120241325,7.5,5.0,5.0
16.0,5.89306702120711,5.9375,7.4600962120241325,7.5,5.0,5.0
17.0,5.901955270692408,5.946830468704583,7.4600962120241325,7.5,5.0,5.0
18.0,5.910092140831875,5.955372174505605,7.4600962120241325,7.5,5.0,5.0
19.0,5.917577860188377,5.963230332661798,7.4600962120241325,7.5,5.0,5.0
20.0,5.924494885891834,5.970491502812526,7.4600962120241325,7.5,5.0,5.0
21.0,5.930911759999934,5.97722763720501,7.4600962120241325,7.5,5.0,5.0
22.0,5.936885990042908,5.983499104555488,7.4600962120241325,7.5,5.0,5.0
23.0,5.942466232755217,5.9893569824286566,7.4600962120241325,7.5,5.0,5.0
24.0,5.947693971824506,5.994844818460085,7.4600962120241325,7.5,5.0,5.0
25.0,5.952604822620916,6.0,7.4600962120241325,7.5,5.0,5.0
26.0,5.957229558118133,6.00485483107727,7.4600962120241325,7.5,5.0,5.0
27.0,5.961594923788013,6.009437387837656,7.4600962120241325,7.5,5.0,5.0
28.0,5.965724290921172,6.013772204369232,7.4600962120241325,7.5,5.0,5.0
29.0,5.969638184919041,6.017880827278685,7.4600962120241325,7.5,5.0,5.0
30.0,5.973354715885445,6.021782267706181,7.4600962120241325,7.5,5.0,5.0
31.0,5.976889932177409,6.025493372466531,7.4600962120241325,7.5,5.0,5.0
32.0,5.980258112692939,6.029029130879204,7.4600962120241325,7.5,5.0,5.0
33.0,5.98347201005872,6.032402930055378,7.4600962120241325,7.5,5.0,5.0
34.0,5.986543054176874,6.035626768571863,7.4600962120241325,7.5,5.0,5.0
35.0,5.989481523547902,6.038711436317872,7.4600962120241325,7.5,5.0,5.0
36.0,5.992296690230121,6.041666666666667,7.4600962120241325,7.5,5.0,5.0
37.0,5.994996943099797,6.044501265868304,7.4600962120241325,7.5,5.0,5.0
38.0,5.997589893149166,6.047223223586546,7.4600962120241325,7.5,5.0,5.0
39.0,6.000082463836007,6.049839807743641,7.4600962120241325,7.5,5.0,5.0
40.0,6.002480968929722,6.052357646239475,7.4600962120241325,7.5,5.0,5.0
41.0,6.0047911798487235,6.054782797639242,7.4600962120241325,7.5,5.0,5.0
42.0,6.007018384125584,6.057120812547385,7.4600962120241325,7.5,5.0,5.0
43.0,6.009167436349102,6.059376787084243,7.4600962120241325,7.5,5.0,5.0
44.0,6.011242802701335,6.061555409638898,7.4600962120241325,7.5,5.0,5.0
45.0,6.013248600019934,6.063661001875017,7.4600962120241325,7.5,5.0,5.0
46.0,6.015188630163873,6.065697554806378,7.4600962120241325,7.5,5.0,5.0
47.0,6.017066410335582,6.067668760627632,7.4600962120241325,7.5,5.0,5.0
48.0,6.018885199910045,6.069578040878241,7.4600962120241325,7.5,5.0,5.0
49.0,6.0206480242367,6.071428571428571,7.4600962120241325,7.5,5.0,5.0
50.0,6.022357695809579,6.073223304703363,7.4600962120241325,7.5,5.0,5.0
51.0,6.024016833143007,6.074964989496499,7.4600962120241325,7.5,5.0,5.0
52.0,6.025627877640856,6.076656188679616,7.4600962120241325,7.5,5.0,5.0
53.0,6.027193108706834,6.078299295064139,7.4600962120241325,7.5,5.0,5.0
54.0,6.028714657308385,6.079896545640057,7.4600962120241325,7.5,5.0,5.0
55.0,6.0301945181779315,6.08145003438419,7.4600962120241325,7.5,5.0,5.0
56.0,6.031634560810252,6.082961723804735,7.4600962120241325,7.5,5.0,5.0
57.0,6.033036539393946,6.08443345536687,7.4600962120241325,7.5,5.0,5.0
58.0,6.034402101796995,6.085866958925347,7.4600962120241325,7.5,5.0,5.0
59.0,6.0357327977110256,6.0872638612739705,7.4600962120241325,7.5,5.0,5.0
60.0,6.037030086045827,6.088625693908025,7.4600962120241325,7.5,5.0,5.0
61.0,6.038295341654384,6.089953900083881,7.4600962120241325,7.5,5.0,5.0
62.0,6.039529861458829,6.091249841249763,7.4600962120241325,7.5,5.0,5.0
63.0,6.040734870039497,6.092514802912822,7.4600962120241325,7.5,5.0,5.0
64.0,6.041911524741628,6.09375,7.4600962120241325,7.5,5.0,5.0
65.0,6.043060920348411,6.0949565817634905,7.4600962120241325,7.5,5.0,5.0
66.0,6.04418409336301,6.096135636275834,7.4600962120241325,7.5,5.0,5.0
67.0,6.045282025937725,6.0972881945546185,7.4600962120241325,7.5,5.0,5.0
68.0,6.04635564948428,6.0984152343522915,7.4600962120241325,7.5,5.0,5.0
69.0,6.047405847995103,6.099517683642788,7.4600962120241325,7.5,5.0,5.0
70.0,6.04843346110284,6.100596423833201,7.4600962120241325,7.5,5.0,5.0
71.0,6.049439286901956,6.101652292725769,7.4600962120241325,7.5,5.0,5.0
72.0,6.0504240845540105,6.102686087252803,7.4600962120241325,7.5,5.0,5.0
73.0,6.051388576695994,6.103698566004837,7.4600962120241325,7.5,5.0,5.0
74.0,6.052333451669077,6.104690451570226,7.4600962120241325,7.5,5.0,5.0
75.0,6.053259365583264,6.1056624327025935,7.4600962120241325,7.5,5.0,5.0
76.0,6.054166944232262,6.106615166330898,7.4600962120241325,7.5,5.0,5.0
77.0,6.055056784871009,6.107549279425452,7.4600962120241325,7.5,5.0,5.0
78.0,6.055929457867513,6.108465370731925,7.4600962120241325,7.5,5.0,5.0
79.0,6.056785508239323,6.109364012384248,7.4600962120241325,7.5,5.0,5.0
80.0,6.057625457083991,6.110245751406264,7.4600962120241325,7.5,5.0,5.0
81.0,6.05844980291213,6.111111111111111,7.4600962120241325,7.5,5.0,5.0
82.0,6.059259022890785,6.111960592406442,7.4600962120241325,7.5,5.0,5.0
83.0,6.060053574004149,6.1127946750128865,7.4600962120241325,7.5,5.0,5.0
84.0,6.060833894138043,6.113613818602505,7.4600962120241325,7.5,5.0,5.0
85.0,6.061600403094009,6.11441846386334,7.4600962120241325,7.5,5.0,5.0
86.0,6.06235350353842,6.115209033495702,7.4600962120241325,7.5,5.0,5.0
87.0,6.063093581891295,6.115985933145275,7.4600962120241325,7.5,5.0,5.0
88.0,6.063821009159529,6.116749552277743,7.4600962120241325,7.5,5.0,5.0
89.0,6.064536141718392,6.1175002649992045,7.4600962120241325,7.5,5.0,5.0
90.0,6.0652393220451986,6.118238430826318,7.4600962120241325,7.5,5.0,5.0
91.0,6.065930879408437,6.11896439540976,7.4600962120241325,7.5,5.0,5.0
92.0,6.066611130515682,6.119678491214328,7.4600962120241325,7.5,5.0,5.0
93.0,6.067280380123003,6.120381038158698,7.4600962120241325,7.5,5.0,5.0
94.0,6.06793892160867,6.121072344217652,7.4600962120241325,7.5,5.0,5.0
95.0,6.068587037513526,6.121752705989355,7.4600962120241325,7.5,5.0,5.0
96.0,6.069225000050325,6.122422409230043,7.4600962120241325,7.5,5.0,5.0
97.0,6.069853071584152,6.123081729358297,7.4600962120241325,7.5,5.0,5.0
98.0,6.070471505085741,6.123730931930974,7.4600962120241325,7.5,5.0,5.0
99.0,6.071080544559607,6.124370273092598,7.4600962120241325,7.5,5.0,5.0
100.0,6.071680425448532,6.125,7.4600962120241325,7.5,5.0,5.0
101.0,6.072271375015992,6.125620351223752,7.4600962120241325,7.5,5.0,5.0
102.0,6.072853612707915,6.126231557127916,7.4600962120241325,7.5,5.0,5.0
103.0,6.073427350495035,6.126833840229462,7.4600962120241325,7.5,5.0,5.0
104.0,6.073992793197141,6.127427415538634,7.4600962120241325,7.5,5.0,5.0
105.0,6.07455013879029,6.128012490881433,7.4600962120241325,7.5,5.0,5.0
106.0,6.0750995786980155,6.128589267205342,7.4600962120241325,7.5,5.0,5.0
107.0,6.075641298067584,6.129157938869292,7.4600962120241325,7.5,5.0,5.0
108.0,6.076175476032075,6.129718693918829,7.4600962120241325,7.5,5.0,5.0
109.0,6.0767022859593,6.130271714347356,7.4600962120241325,7.5,5.0,5.0
110.0,6.077221895688146,6.130817176344301,7.4600962120241325,7.5,5.0,5.0
111.0,6.077734467753265,6.131355250530937,7.4600962120241325,7.5,5.0,5.0
112.0,6.078240159598656,6.131886102184616,7.4600962120241325,7.5,5.0,5.0
113.0,6.078739123780853,6.132409891452049,7.4600962120241325,7.5,5.0,5.0
114.0,6.079231508162268,6.132926773552288,7.4600962120241325,7.5,5.0,5.0
115.0,6.07971745609528,6.133436898969961,7.4600962120241325,7.5,5.0,5.0
116.0,6.0801971065975975,6.133940413639343,7.4600962120241325,7.5,5.0,5.0
117.0,6.080670594519285,6.134437459119745,7.4600962120241325,7.5,5.0,5.0
118.0,6.081138050702099,6.134928172762709,7.4600962120241325,7.5,5.0,5.0
119.0,6.081599602131345,6.135412687871473,7.4600962120241325,7.5,5.0,5.0
120.0,6.082055372080792,6.1358911338530895,7.4600962120241325,7.5,5.0,5.0
121.0,6.082505480251039,6.136363636363637,7.4600962120241325,7.5,5.0,5.0
122.0,6.082950042901538,6.136830317446852,7.4600962120241325,7.5,5.0,5.0
123.0,6.083389172976763,6.1372912956665715,7.4600962120241325,7.5,5.0,5.0
124.0,6.083822980226777,6.137746686233266,7.4600962120241325,7.5,5.0,5.0
125.0,6.08425157132242,6.13819660112501,7.4600962120241325,7.5,5.0,5.0
126.0,6.084675049965548,6.138641149203156,7.4600962120241325,7.5,5.0,5.0
127.0,6.085093516994413,6.139080436322985,7.4600962120241325,7.5,5.0,5.0
128.0,6.085507070484544,6.139514565439601,7.4600962120241325,7.5,5.0,5.0
129.0,6.085915805845301,6.139943636709297,7.4600962120241325,7.5,5.0,5.0
130.0,6.0863198159123675,6.140367747586621,7.4600962120241325,7.5,5.0,5.0
131.0,6.086719191036297,6.14078699291737,7.4600962120241325,7.5,5.0,5.0
132.0,6.08711401916743,6.141201465027689,7.4600962120241325,7.5,5.0,5.0
133.0,6.087504385937227,6.141611253809486,7.4600962120241325,7.5,5.0,5.0
134.0,6.087890374736303,6.14201644680233,7.4600962120241325,7.5,5.0,5.0
135.0,6.0882720667892665,6.142417129272015,7.4600962120241325,7.5,5.0,5.0
136.0,6.088649541226511,6.142813384285932,7.4600962120241325,7.5,5.0,5.0
137.0,6.089022875153133,6.143205292785405,7.4600962120241325,7.5,5.0,5.0
138.0,6.089392143715105,6.143592933655157,7.4600962120241325,7.5,5.0,5.0
139.0,6.089757420162795,6.1439763837900045,7.4600962120241325,7.5,5.0,5.0
140.0,6.090118775912027,6.144355718158935,7.4600962120241325,7.5,5.0,5.0
141.0,6.090476280602717,6.144731009866685,7.4600962120241325,7.5,5.0,5.0
142.0,6.090830002155273,6.145102330212914,7.4600962120241325,7.5,5.0,5.0
143.0,6.091180006824776,6.145469748749115,7.4600962120241325,7.5,5.0,5.0
144.0,6.091526359253136,6.145833333333333,7.4600962120241325,7.5,5.0,5.0
145.0,6.091869122519219,6.146193150182825,7.4600962120241325,7.5,5.0,5.0
146.0,6.092208358187133,6.146549263924705,7.4600962120241325,7.5,5.0,5.0
147.0,6.092544126352657,6.1469017376447095,7.4600962120241325,7.5,5.0,5.0
148.0,6.092876485687969,6.147250632934153,7.4600962120241325,7.5,5.0,5.0
149.0,6.093205493484716,6.147596009935121,7.4600962120241325,7.5,5.0,5.0
150.0,6.093531205695489,6.147937927384035,7.4600962120241325,7.5,5.0,5.0
151.0,6.093853676973817,6.148276442653605,7.4600962120241325,7.5,5.0,5.0
152.0,6.094172960712658,6.1486116117932745,7.4600962120241325,7.5,5.0,5.0
153.0,6.0944891090815645,6.148943489568194,7.4600962120241325,7.5,5.0,5.0
154.0,6.094802173062489,6.149272129496827,7.4600962120241325,7.5,5.0,5.0
155.0,6.095112202484288,6.1495975838871875,7.4600962120241325,7.5,5.0,5.0
156.0,6.0954192460560765,6.149919903871821,7.4600962120241325,7.5,5.0,5.0
157.0,6.095723351399349,6.150239139441547,7.4600962120241325,7.5,5.0,5.0
158.0,6.096024565079024,6.150555339478034,7.4600962120241325,7.5,5.0,5.0
159.0,6.096322932633362,6.150868551785233,7.4600962120241325,7.5,5.0,5.0
160.0,6.096618498602936,6.151178823119738,7.4600962120241325,7.5,5.0,5.0
161.0,6.096911306558507,6.151486199220113,7.4600962120241325,7.5,5.0,5.0
162.0,6.0972013991280525,6.151790724835202,7.4600962120241325,7.5,5.0,5.0
163.0,6.097488818022802,6.152092443751506,7.4600962120241325,7.5,5.0,5.0
164.0,6.097773604062435,6.152391398819621,7.4600962120241325,7.5,5.0,5.0
165.0,6.09805579719945,6.152687631979809,7.4600962120241325,7.5,5.0,5.0
166.0,6.098335436542696,6.152981184286709,7.4600962120241325,7.5,5.0,5.0
167.0,6.098612560380132,6.153272095933232,7.4600962120241325,7.5,5.0,5.0
168.0,6.098887206200866,6.153560406273693,7.4600962120241325,7.5,5.0,5.0
169.0,6.099159410716443,6.153846153846153,7.4600962120241325,7.5,5.0,5.0
170.0,6.09942920988147,6.154129376394078,7.4600962120241325,7.5,5.0,5.0
171.0,6.099696638913555,6.154410110887266,7.4600962120241325,7.5,5.0,5.0
172.0,6.099961732312626,6.154688393542122,7.4600962120241325,7.5,5.0,5.0
173.0,6.100224523879605,6.154964259841286,7.4600962120241325,7.5,5.0,5.0
174.0,6.100485046734552,6.155237744552636,7.4600962120241325,7.5,5.0,5.0
175.0,6.100743333334155,6.155508881747693,7.4600962120241325,7.5,5.0,5.0
176.0,6.100999415488742,6.1557777048194495,7.4600962120241325,7.5,5.0,5.0
177.0,6.101253324378727,6.156044246499647,7.4600962120241325,7.5,5.0,5.0
178.0,6.101505090570565,6.156308538875518,7.4600962120241325,7.5,5.0,5.0
179.0,6.101754744032196,6.156570613406007,7.4600962120241325,7.5,5.0,5.0
180.0,6.102002314148039,6.156830500937509,7.4600962120241325,7.5,5.0,5.0
181.0,6.10224782973353,6.157088231719104,7.4600962120241325,7.5,5.0,5.0
182.0,6.1024913190491645,6.157343835417362,7.4600962120241325,7.5,5.0,5.0
183.0,6.102732809814232,6.157597341130678,7.4600962120241325,7.5,5.0,5.0
184.0,6.10297232922001,6.1578487774031885,7.4600962120241325,7.5,5.0,5.0
185.0,6.10320990394265,6.158098172238274,7.4600962120241325,7.5,5.0,5.0
186.0,6.103445560155651,6.158345553111654,7.4600962120241325,7.5,5.0,5.0
187.0,6.103679323541995,6.158590946984109,7.4600962120241325,7.5,5.0,5.0
188.0,6.103911219305861,6.158834380313817,7.4600962120241325,7.5,5.0,5.0
189.0,6.104141272184074,6.159075879068336,7.4600962120241325,7.5,5.0,5.0
190.0,6.1043695064571795,6.159315468736249,7.4600962120241325,7.5,5.0,5.0
191.0,6.104595945960195,6.1595531743384475,7.4600962120241325,7.5,5.0,5.0
192.0,6.104820614093096,6.159789020439121,7.4600962120241325,7.5,5.0,5.0
193.0,6.1050435338309335,6.160023031156413,7.4600962120241325,7.5,5.0,5.0
194.0,6.105264727733736,6.160255230172783,7.4600962120241325,7.5,5.0,5.0
195.0,6.105484217956076,6.160485640745071,7.4600962120241325,7.5,5.0,5.0
196.0,6.105702026256419,6.160714285714285,7.4600962120241325,7.5,5.0,5.0
197.0,6.105918174006148,6.160941187515114,7.4600962120241325,7.5,5.0,5.0
198.0,6.106132682198398,6.161166368185163,7.4600962120241325,7.5,5.0,5.0
199.0,6.106345571456612,6.161389849373958,7.4600962120241325,7.5,5.0,5.0
200.0,6.106556862042867,6.161611652351681,7.4600962120241325,7.5,5.0,5.0
201.0,6.10676657386597,6.161831798017675,7.4600962120241325,7.5,5.0,5.0
202.0,6.106974726489359,6.162050306908714,7.4600962120241325,7.5,5.0,5.0
203.0,6.107181339138746,6.162267199207051,7.4600962120241325,7.5,5.0,5.0
204.0,6.107386430709576,6.16248249474825,7.4600962120241325,7.5,5.0,5.0
205.0,6.107590019774311,6.162696213028802,7.4600962120241325,7.5,5.0,5.0
206.0,6.107792124589472,6.162908373213547,7.4600962120241325,7.5,5.0,5.0
207.0,6.1079927631025015,6.163118994142885,7.4600962120241325,7.5,5.0,5.0
208.0,6.108191952958504,6.163328094339807,7.4600962120241325,7.5,5.0,5.0
209.0,6.108389711506714,6.16353569201674,7.4600962120241325,7.5,5.0,5.0
210.0,6.108586055806878,6.163741805082206,7.4600962120241325,7.5,5.0,5.0
211.0,6.108781002635428,6.163946451147311,7.4600962120241325,7.5,5.0,5.0
212.0,6.10897456849149,6.16414964753207,7.4600962120241325,7.5,5.0,5.0
213.0,6.109166769602756,6.164351411271559,7.4600962120241325,7.5,5.0,5.0
214.0,6.109357621931209,6.164551759121917,7.4600962120241325,7.5,5.0,5.0
215.0,6.109547141178677,6.164750707566191,7.4600962120241325,7.5,5.0,5.0
216.0,6.1097353427922645,6.164948272820029,7.4600962120241325,7.5,5.0,5.0
217.0,6.109922241969643,6.165144470837234,7.4600962120241325,7.5,5.0,5.0
218.0,6.110107853664204,6.165339317315176,7.4600962120241325,7.5,5.0,5.0
219.0,6.110292192590078,6.165532827700065,7.4600962120241325,7.5,5.0,5.0
220.0,6.110475273227042,6.165725017192095,7.4600962120241325,7.5,5.0,5.0
221.0,6.110657109825299,6.165915900750461,7.4600962120241325,7.5,5.0,5.0
222.0,6.110837716410134,6.166105493098247,7.4600962120241325,7.5,5.0,5.0
223.0,6.111017106786446,6.166293808727197,7.4600962120241325,7.5,5.0,5.0
224.0,6.1111952945431955,6.166480861902368,7.4600962120241325,7.5,5.0,5.0
225.0,6.111372293057733,6.166666666666667,7.4600962120241325,7.5,5.0,5.0
226.0,6.111548115499995,6.166851236845282,7.4600962120241325,7.5,5.0,5.0
227.0,6.111722774836635,6.167034586050004,7.4600962120241325,7.5,5.0,5.0
228.0,6.111896283835048,6.167216727683435,7.4600962120241325,7.5,5.0,5.0
229.0,6.112068655067257,6.167397674943114,7.4600962120241325,7.5,5.0,5.0
230.0,6.112239900913788,6.167577440825526,7.4600962120241325,7.5,5.0,5.0
231.0,6.112410033567358,6.16775603813003,7.4600962120241325,7.5,5.0,5.0
232.0,6.11257906503657,6.167933479462674,7.4600962120241325,7.5,5.0,5.0
233.0,6.112747007149418,6.168109777239948,7.4600962120241325,7.5,5.0,5.0
234.0,6.112913871556807,6.168284943692424,7.4600962120241325,7.5,5.0,5.0
235.0,6.113079669735929,6.16845899086832,7.4600962120241325,7.5,5.0,5.0
236.0,6.113244412993587,6.168631930636985,7.4600962120241325,7.5,5.0,5.0
237.0,6.11340811246941,6.168803774692297,7.4600962120241325,7.5,5.0,5.0
238.0,6.113570779139069,6.168974534555979,7.4600962120241325,7.5,5.0,5.0
239.0,6.113732423817302,6.169144221580856,7.4600962120241325,7.5,5.0,5.0
240.0,6.113893057160983,6.169312846954012,7.4600962120241325,7.5,5.0,5.0
241.0,6.114052689672063,6.169480421699896,7.4600962120241325,7.5,5.0,5.0
242.0,6.114211331700435,6.169646956683347,7.4600962120241325,7.5,5.0,5.0
243.0,6.114368993446769,6.169812462612551,7.4600962120241325,7.5,5.0,5.0
244.0,6.114525684965261,6.1699769500419395,7.4600962120241325,7.5,5.0,5.0
245.0,6.114681416166343,6.1701404293750075,7.4600962120241325,7.5,5.0,5.0
246.0,6.114836196819282,6.170302910867083,7.4600962120241325,7.5,5.0,5.0
247.0,6.114990036554781,6.170464404628028,7.4600962120241325,7.5,5.0,5.0
248.0,6.115142944867487,6.170624920624881,7.4600962120241325,7.5,5.0,5.0
249.0,6.115294931118468,6.170784468684441,7.4600962120241325,7.5,5.0,5.0
250.0,6.115446004537577,6.170943058495791,7.4600962120241325,7.5,5.0,5.0
251.0,6.115596174225856,6.171100699612775,7.4600962120241325,7.5,5.0,5.0
252.0,6.115745449157822,6.171257401456412,7.4600962120241325,7.5,5.0,5.0
253.0,6.115893838183693,6.171413173317259,7.4600962120241325,7.5,5.0,5.0
254.0,6.116041350031632,6.17156802435773,7.4600962120241325,7.5,5.0,5.0
255.0,6.116187993309885,6.171721963614356,7.4600962120241325,7.5,5.0,5.0
256.0,6.1163337765088865,6.171875,7.4600962120241325,7.5,5.0,5.0
257.0,6.116478708003331,6.172027142306025,7.4600962120241325,7.5,5.0,5.0
258.0,6.116622796054193,6.172178399204413,7.4600962120241325,7.5,5.0,5.0
259.0,6.1167660488107,6.17232877924985,7.4600962120241325,7.5,5.0,5.0
260.0,6.116908474312279,6.172478290881745,7.4600962120241325,7.5,5.0,5.0
261.0,6.117050080490445,6.172626942426228,7.4600962120241325,7.5,5.0,5.0
262.0,6.117190875170647,6.172774742098098,7.4600962120241325,7.5,5.0,5.0
263.0,6.117330866074107,6.172921698002725,7.4600962120241325,7.5,5.0,5.0
264.0,6.117470060819577,6.173067818137916,7.4600962120241325,7.5,5.0,5.0
265.0,6.117608466925082,6.173213110395757,7.4600962120241325,7.5,5.0,5.0
266.0,6.117746091809652,6.173357582564379,7.4600962120241325,7.5,5.0,5.0
267.0,6.117882942794945,6.173501242329737,7.4600962120241325,7.5,5.0,5.0
268.0,6.118019027106936,6.173644097277309,7.4600962120241325,7.5,5.0,5.0
269.0,6.118154351877481,6.173786154893789,7.4600962120241325,7.5,5.0,5.0
270.0,6.118288924145914,6.1739274225687275,7.4600962120241325,7.5,5.0,5.0
271.0,6.118422750860541,6.174067907596151,7.4600962120241325,7.5,5.0,5.0
272.0,6.11855583888021,6.174207617176146,7.4600962120241325,7.5,5.0,5.0
273.0,6.11868819497574,6.174346558416399,7.4600962120241325,7.5,5.0,5.0
274.0,6.1188198258313715,6.174484738333728,7.4600962120241325,7.5,5.0,5.0
275.0,6.118950738046222,6.17462216385556,7.4600962120241325,7.5,5.0,5.0
276.0,6.119080938135623,6.174758841821394,7.4600962120241325,7.5,5.0,5.0
277.0,6.119210432532515,6.174894778984235,7.4600962120241325,7.5,5.0,5.0
278.0,6.11933922758879,6.175029982011992,7.4600962120241325,7.5,5.0,5.0
279.0,6.119467329576567,6.175164457488844,7.4600962120241325,7.5,5.0,5.0
280.0,6.119594744689495,6.175298211916601,7.4600962120241325,7.5,5.0,5.0
281.0,6.119721479044017,6.175431251716013,7.4600962120241325,7.5,5.0,5.0
282.0,6.119847538680587,6.175563583228073,7.4600962120241325,7.5,5.0,5.0
283.0,6.1199729295649,6.175695212715279,7.4600962120241325,7.5,5.0,5.0
284.0,6.120097657589051,6.175826146362883,7.4600962120241325,7.5,5.0,5.0
285.0,6.120221728572719,6.175956390280113,7.4600962120241325,7.5,5.0,5.0
286.0,6.120345148264307,6.176085950501364,7.4600962120241325,7.5,5.0,5.0
287.0,6.120467922342033,6.17621483298738,7.4600962120241325,7.5,5.0,5.0
288.0,6.1205900564150735,6.176343043626401,7.4600962120241325,7.5,5.0,5.0
289.0,6.120711556024609,6.1764705882352935,7.4600962120241325,7.5,5.0,5.0
290.0,6.1208324266448715,6.176597472560662,7.4600962120241325,7.5,5.0,5.0
291.0,6.120952673684202,6.176723702279932,7.4600962120241325,7.5,5.0,5.0
292.0,6.121072302486069,6.176849283002419,7.4600962120241325,7.5,5.0,5.0
293.0,6.121191318330056,6.1769742202703775,7.4600962120241325,7.5,5.0,5.0
294.0,6.121309726432818,6.177098519560024,7.4600962120241325,7.5,5.0,5.0
295.0,6.1214275319491,6.1772221862825525,7.4600962120241325,7.5,5.0,5.0
296.0,6.1215447399726095,6.177345225785113,7.4600962120241325,7.5,5.0,5.0
297.0,6.121661355537004,6.177467643351793,7.4600962120241325,7.5,5.0,5.0
298.0,6.121777383616749,6.177589444204564,7.4600962120241325,7.5,5.0,5.0
299.0,6.1218928291280585,6.177710633504219,7.4600962120241325,7.5,5.0,5.0
300.0,6.122007696929709,6.177831216351297,7.4600962120241325,7.5,5.0,5.0
301.0,6.122121991823954,6.177951197786971,7.4600962120241325,7.5,5.0,5.0
302.0,6.122235718557344,6.178070582793946,7.4600962120241325,7.5,5.0,5.0
303.0,6.1223488818215595,6.178189376297322,7.4600962120241325,7.5,5.0,5.0
304.0,6.122461486254207,6.178307583165449,7.4600962120241325,7.5,5.0,5.0
305.0,6.122573536439633,6.178425208210766,7.4600962120241325,7.5,5.0,5.0
306.0,6.122685036909719,6.178542256190621,7.4600962120241325,7.5,5.0,5.0
307.0,6.122795992144629,6.178658731808081,7.4600962120241325,7.5,5.0,5.0
308.0,6.122906406573573,6.178774639712727,7.4600962120241325,7.5,5.0,5.0
309.0,6.123016284575561,6.178889984501428,7.4600962120241325,7.5,5.0,5.0
310.0,6.123125630480095,6.179004770719118,7.4600962120241325,7.5,5.0,5.0
311.0,6.123234448567955,6.179119002859533,7.4600962120241325,7.5,5.0,5.0
312.0,6.123342743071833,6.179232685365963,7.4600962120241325,7.5,5.0,5.0
313.0,6.123450518177049,6.179345822631973,7.4600962120241325,7.5,5.0,5.0
314.0,6.1235577780222545,6.179458419002113,7.4600962120241325,7.5,5.0,5.0
315.0,6.123664526700066,6.179570478772624,7.4600962120241325,7.5,5.0,5.0
316.0,6.123770768257731,6.179682006192124,7.4600962120241325,7.5,5.0,5.0
317.0,6.123876506697795,6.179793005462283,7.4600962120241325,7.5,5.0,5.0
318.0,6.123981745978693,6.179903480738495,7.4600962120241325,7.5,5.0,5.0
319.0,6.124086490015409,6.180013436130519,7.4600962120241325,7.5,5.0,5.0
320.0,6.1241907426800655,6.180122875703131,7.4600962120241325,7.5,5.0,5.0
321.0,6.124294507802537,6.180231803476757,7.4600962120241325,7.5,5.0,5.0
322.0,6.1243977891710415,6.1803402234280815,7.4600962120241325,7.5,5.0,5.0
323.0,6.124500590532699,6.180448139490668,7.4600962120241325,7.5,5.0,5.0
324.0,6.124602915594134,6.180555555555555,7.4600962120241325,7.5,5.0,5.0
325.0,6.124704768022032,6.180662475471847,7.4600962120241325,7.5,5.0,5.0
326.0,6.124806151443654,6.180768903047286,7.4600962120241325,7.5,5.0,5.0
327.0,6.124907069447432,6.1808748420488335,7.4600962120241325,7.5,5.0,5.0
328.0,6.125007525583465,6.18098029620322,7.4600962120241325,7.5,5.0,5.0
329.0,6.125107523364065,6.181085269197504,7.4600962120241325,7.5,5.0,5.0
330.0,6.125207066264255,6.181189764679602,7.4600962120241325,7.5,5.0,5.0
331.0,6.125306157722289,6.181293786258835,7.4600962120241325,7.5,5.0,5.0
332.0,6.125404801140148,6.181397337506443,7.4600962120241325,7.5,5.0,5.0
333.0,6.125502999884028,6.181500421956102,7.4600962120241325,7.5,5.0,5.0
334.0,6.125600757284826,6.1816030431044275,7.4600962120241325,7.5,5.0,5.0
335.0,6.125698076638614,6.1817052044114815,7.4600962120241325,7.5,5.0,5.0
336.0,6.125794961207094,6.181806909301252,7.4600962120241325,7.5,5.0,5.0
337.0,6.125891414218076,6.181908161162145,7.4600962120241325,7.5,5.0,5.0
338.0,6.125987438865926,6.182008963347447,7.4600962120241325,7.5,5.0,5.0
339.0,6.1260830383119975,6.1821093191758045,7.4600962120241325,7.5,5.0,5.0
340.0,6.126178215685077,6.18220923193167,7.4600962120241325,7.5,5.0,5.0
341.0,6.126272974081816,6.182308704865765,7.4600962120241325,7.5,5.0,5.0
342.0,6.126367316567151,6.182407741195515,7.4600962120241325,7.5,5.0,5.0
343.0,6.126461246174722,6.182506344105494,7.4600962120241325,7.5,5.0,5.0
344.0,6.126554765907283,6.182604516747851,7.4600962120241325,7.5,5.0,5.0
345.0,6.126647878737094,6.182702262242729,7.4600962120241325,7.5,5.0,5.0
346.0,6.126740587606335,6.18279958367869,7.4600962120241325,7.5,5.0,5.0
347.0,6.126832895427484,6.182896484113122,7.4600962120241325,7.5,5.0,5.0
348.0,6.12692480508372,6.1829929665726375,7.4600962120241325,7.5,5.0,5.0
349.0,6.127016319429261,6.183089034053477,7.4600962120241325,7.5,5.0,5.0
350.0,6.127107441289785,6.1831846895218945,7.4600962120241325,7.5,5.0,5.0
351.0,6.1271981734627685,6.183279935914547,7.4600962120241325,7.5,5.0,5.0
352.0,6.127288518717834,6.183374776138872,7.4600962120241325,7.5,5.0,5.0
353.0,6.127378479797159,6.183469213073456,7.4600962120241325,7.5,5.0,5.0
354.0,6.127468059415748,6.183563249568408,7.4600962120241325,7.5,5.0,5.0
355.0,6.127557260261856,6.183656888445714,7.4600962120241325,7.5,5.0,5.0
356.0,6.127646084997268,6.183750132499603,7.4600962120241325,7.5,5.0,5.0
357.0,6.127734536257668,6.183842984496881,7.4600962120241325,7.5,5.0,5.0
358.0,6.127822616652935,6.183935447177289,7.4600962120241325,7.5,5.0,5.0
359.0,6.127910328767508,6.184027523253842,7.4600962120241325,7.5,5.0,5.0
360.0,6.127997675160668,6.184119215413158,7.4600962120241325,7.5,5.0,5.0
361.0,6.128084658366872,6.184210526315789,7.4600962120241325,7.5,5.0,5.0
362.0,6.128171280896052,6.184301458596545,7.4600962120241325,7.5,5.0,5.0
363.0,6.128257545233925,6.184392014864816,7.4600962120241325,7.5,5.0,5.0
364.0,6.128343453842291,6.184482197704881,7.4600962120241325,7.5,5.0,5.0
365.0,6.128429009159322,6.184572009676224,7.4600962120241325,7.5,5.0,5.0
366.0,6.1285142135998605,6.184661453313836,7.4600962120241325,7.5,5.0,5.0
367.0,6.128599069555716,6.184750531128515,7.4600962120241325,7.5,5.0,5.0
368.0,6.128683579395911,6.184839245607165,7.4600962120241325,7.5,5.0,5.0
369.0,6.128767745467003,6.18492759921308,7.4600962120241325,7.5,5.0,5.0
370.0,6.128851570093328,6.185015594386246,7.4600962120241325,7.5,5.0,5.0
371.0,6.128935055577277,6.185103233543604,7.4600962120241325,7.5,5.0,5.0
372.0,6.129018204199576,6.185190519079349,7.4600962120241325,7.5,5.0,5.0
373.0,6.129101018219516,6.185277453365188,7.4600962120241325,7.5,5.0,5.0
374.0,6.129183499875253,6.185364038750623,7.4600962120241325,7.5,5.0,5.0
375.0,6.129265651384016,6.185450277563209,7.4600962120241325,7.5,5.0,5.0
376.0,6.129347474942405,6.185536172108826,7.4600962120241325,7.5,5.0,5.0
377.0,6.129428972726605,6.185621724671925,7.4600962120241325,7.5,5.0,5.0
378.0,6.129510146892623,6.185706937515795,7.4600962120241325,7.5,5.0,5.0
379.0,6.129590999576562,6.185791812882812,7.4600962120241325,7.5,5.0,5.0
380.0,6.129671532894835,6.185876352994678,7.4600962120241325,7.5,5.0,5.0
381.0,6.129751748944385,6.185960560052681,7.4600962120241325,7.5,5.0,5.0
382.0,6.129831649802949,6.186044436237918,7.4600962120241325,7.5,5.0,5.0
383.0,6.129911237529244,6.18612798371155,7.4600962120241325,7.5,5.0,5.0
384.0,6.129990514163239,6.18621120461502,7.4600962120241325,7.5,5.0,5.0
385.0,6.130069481726311,6.186294101070296,7.4600962120241325,7.5,5.0,5.0
386.0,6.1301481422215245,6.186376675180089,7.4600962120241325,7.5,5.0,5.0
387.0,6.130226497633797,6.186458929028081,7.4600962120241325,7.5,5.0,5.0
388.0,6.130304549930153,6.186540864679149,7.4600962120241325,7.5,5.0,5.0
389.0,6.130382301059873,6.186622484179576,7.4600962120241325,7.5,5.0,5.0
390.0,6.130459752954772,6.186703789557271,7.4600962120241325,7.5,5.0,5.0
391.0,6.130536907529332,6.186784782821978,7.4600962120241325,7.5,5.0,5.0
392.0,6.130613766680947,6.186865465965486,7.4600962120241325,7.5,5.0,5.0
393.0,6.130690332290085,6.186945840961836,7.4600962120241325,7.5,5.0,5.0
394.0,6.1307666062205195,6.187025909767515,7.4600962120241325,7.5,5.0,5.0
395.0,6.130842590319483,6.187105674321671,7.4600962120241325,7.5,5.0,5.0
396.0,6.130918286417877,6.1871851365463,7.4600962120241325,7.5,5.0,5.0
397.0,6.130993696330456,6.187264298346438,7.4600962120241325,7.5,5.0,5.0
398.0,6.1310688218559966,6.1873431616103645,7.4600962120241325,7.5,5.0,5.0
399.0,6.1311436647775,6.187421728209781,7.4600962120241325,7.5,5.0,5.0
400.0,6.1312182268623365,6.1875,7.4600962120241325,7.5,5.0,5.0
401.0,6.1312925098624635,6.1875779788201335,7.4600962120241325,7.5,5.0,5.0
402.0,6.131366515514551,6.187655666493273,7.4600962120241325,7.5,5.0,5.0
403.0,6.131440245540198,6.18773306482666,7.4600962120241325,7.5,5.0,5.0
404.0,6.131513701646069,6.187810175611876,7.4600962120241325,7.5,5.0,5.0
405.0,6.13158688552408,6.187887000625006,7.4600962120241325,7.5,5.0,5.0
406.0,6.1316597988515325,6.187963541626817,7.4600962120241325,7.5,5.0,5.0
407.0,6.131732443291314,6.188039800362923,7.4600962120241325,7.5,5.0,5.0
408.0,6.131804820492033,6.188115778563958,7.4600962120241325,7.5,5.0,5.0
409.0,6.13187693208818,6.188191477945732,7.4600962120241325,7.5,5.0,5.0
410.0,6.131948779700285,6.188266900209401,7.4600962120241325,7.5,5.0,5.0
411.0,6.132020364935067,6.188342047041626,7.4600962120241325,7.5,5.0,5.0
412.0,6.132091689385587,6.188416920114732,7.4600962120241325,7.5,5.0,5.0
413.0,6.132162754631412,6.18849152108686,7.4600962120241325,7.5,5.0,5.0
414.0,6.132233562238725,6.188565851602126,7.4600962120241325,7.5,5.0,5.0
415.0,6.132304113760501,6.188639913290773,7.4600962120241325,7.5,5.0,5.0
416.0,6.132374410736644,6.188713707769317,7.4600962120241325,7.5,5.0,5.0
417.0,6.132444454694126,6.188787236640701,7.4600962120241325,7.5,5.0,5.0
418.0,6.132514247147123,6.188860501494435,7.4600962120241325,7.5,5.0,5.0
419.0,6.132583789597152,6.188933503906746,7.4600962120241325,7.5,5.0,5.0
420.0,6.1326530835332145,6.189006245440717,7.4600962120241325,7.5,5.0,5.0
421.0,6.132722130431932,6.189078727646428,7.4600962120241325,7.5,5.0,5.0
422.0,6.132790931757651,6.1891509520610954,7.4600962120241325,7.5,5.0,5.0
423.0,6.132859488962621,6.189222920209211,7.4600962120241325,7.5,5.0,5.0
424.0,6.132927803487083,6.189294633602671,7.4600962120241325,7.5,5.0,5.0
425.0,6.132995876759397,6.189366093740916,7.4600962120241325,7.5,5.0,5.0
426.0,6.133063710196209,6.189437302111061,7.4600962120241325,7.5,5.0,5.0
427.0,6.133131305202528,6.189508260188021,7.4600962120241325,7.5,5.0,5.0
428.0,6.133198663171864,6.1895789694346455,7.4600962120241325,7.5,5.0,5.0
429.0,6.133265785486363,6.1896494313018415,7.4600962120241325,7.5,5.0,5.0
430.0,6.13333267351691,6.189719647228699,7.4600962120241325,7.5,5.0,5.0
431.0,6.133399328623255,6.189789618642614,7.4600962120241325,7.5,5.0,5.0
432.0,6.133465752154114,6.189859346959413,7.4600962120241325,7.5,5.0,5.0
433.0,6.1335319454473005,6.189928833583473,7.4600962120241325,7.5,5.0,5.0
434.0,6.133597909829835,6.189998079907834,7.4600962120241325,7.5,5.0,5.0
435.0,6.133663646618057,6.190067087314327,7.4600962120241325,7.5,5.0,5.0
436.0,6.133729157117726,6.190135857173679,7.4600962120241325,7.5,5.0,5.0
437.0,6.133794442624136,6.190204390845632,7.4600962120241325,7.5,5.0,5.0
438.0,6.133859504422245,6.1902726896790625,7.4600962120241325,7.5,5.0,5.0
439.0,6.13392434378673,6.190340755012081,7.4600962120241325,7.5,5.0,5.0
440.0,6.133988961982145,6.190408588172151,7.4600962120241325,7.5,5.0,5.0
441.0,6.134053360263,6.19047619047619,7.4600962120241325,7.5,5.0,5.0
442.0,6.1341175398738415,6.190543563230688,7.4600962120241325,7.5,5.0,5.0
443.0,6.134181502049416,6.190610707731803,7.4600962120241325,7.5,5.0,5.0
444.0,6.1342452480147065,6.190677625265469,7.4600962120241325,7.5,5.0,5.0
445.0,6.1343087789850586,6.190744317107502,7.4600962120241325,7.5,5.0,5.0
446.0,6.1343720961662775,6.190810784523702,7.4600962120241325,7.5,5.0,5.0
447.0,6.134435200754725,6.19087702876995,7.4600962120241325,7.5,5.0,5.0
448.0,6.134498093937403,6.190943051092308,7.4600962120241325,7.5,5.0,5.0
449.0,6.134560776892063,6.191008852727123,7.4600962120241325,7.5,5.0,5.0
450.0,6.134623250787287,6.191074434901122,7.4600962120241325,7.5,5.0,5.0
451.0,6.134685516782595,6.191139798831499,7.4600962120241325,7.5,5.0,5.0
452.0,6.134747576028496,6.1912049457260245,7.4600962120241325,7.5,5.0,5.0
453.0,6.134809429666641,6.191269876783132,7.4600962120241325,7.5,5.0,5.0
454.0,6.1348710788298355,6.191334593192008,7.4600962120241325,7.5,5.0,5.0
455.0,6.134932524642202,6.191399096132688,7.4600962120241325,7.5,5.0,5.0
456.0,6.134993768219208,6.191463386776144,7.4600962120241325,7.5,5.0,5.0
457.0,6.135054810667779,6.191527466284377,7.4600962120241325,7.5,5.0,5.0
458.0,6.135115653086383,6.1915913358105,7.4600962120241325,7.5,5.0,5.0
459.0,6.1351762965651,6.191654996498833,7.4600962120241325,7.5,5.0,5.0
460.0,6.1352367421857155,6.191718449484981,7.4600962120241325,7.5,5.0,5.0
461.0,6.135296991021789,6.191781695895923,7.4600962120241325,7.5,5.0,5.0
462.0,6.135357044138759,6.191844736850095,7.4600962120241325,7.5,5.0,5.0
463.0,6.135416902593991,6.1919075734574776,7.4600962120241325,7.5,5.0,5.0
464.0,6.135476567436868,6.191970206819672,7.4600962120241325,7.5,5.0,5.0
465.0,6.135536039708895,6.192032638029978,7.4600962120241325,7.5,5.0,5.0
466.0,6.135595320443711,6.19209486817349,7.4600962120241325,7.5,5.0,5.0
467.0,6.135654410667247,6.1921568983271555,7.4600962120241325,7.5,5.0,5.0
468.0,6.135713311397715,6.192218729559872,7.4600962120241325,7.5,5.0,5.0
469.0,6.135772023645759,6.192280362932549,7.4600962120241325,7.5,5.0,5.0
470.0,6.135830548414483,6.192341799498195,7.4600962120241325,7.5,5.0,5.0
471.0,6.13588888669952,6.192403040301989,7.4600962120241325,7.5,5.0,5.0
472.0,6.135947039489125,6.192464086381355,7.4600962120241325,7.5,5.0,5.0
473.0,6.136005007764241,6.192524938766038,7.4600962120241325,7.5,5.0,5.0
474.0,6.136062792498556,6.192585598478172,7.4600962120241325,7.5,5.0,5.0
475.0,6.136120394658589,6.19264606653236,7.4600962120241325,7.5,5.0,5.0
476.0,6.136177815203743,6.192706343935736,7.4600962120241325,7.5,5.0,5.0
477.0,6.136235055086377,6.192766431688046,7.4600962120241325,7.5,5.0,5.0
478.0,6.136292115251868,6.192826330781706,7.4600962120241325,7.5,5.0,5.0
479.0,6.13634899663869,6.192886042201881,7.4600962120241325,7.5,5.0,5.0
480.0,6.136405700178469,6.192945566926546,7.4600962120241325,7.5,5.0,5.0
481.0,6.13646222679605,6.193004905926556,7.4600962120241325,7.5,5.0,5.0
482.0,6.136518577409551,6.193064060165715,7.4600962120241325,7.5,5.0,5.0
483.0,6.136574752930445,6.193123030600839,7.4600962120241325,7.5,5.0,5.0
484.0,6.136630754263591,6.193181818181818,7.4600962120241325,7.5,5.0,5.0
485.0,6.136686582307343,6.193240423851687,7.4600962120241325,7.5,5.0,5.0
486.0,6.136742237953558,6.193298848546686,7.4600962120241325,7.5,5.0,5.0
487.0,6.1367977220876915,6.193357093196319,7.4600962120241325,7.5,5.0,5.0
488.0,6.136853035588845,6.193415158723425,7.4600962120241325,7.5,5.0,5.0
489.0,6.1369081793298115,6.193473046044232,7.4600962120241325,7.5,5.0,5.0
490.0,6.136963154177165,6.193530756068422,7.4600962120241325,7.5,5.0,5.0
491.0,6.137017960991297,6.193588289699185,7.4600962120241325,7.5,5.0,5.0
492.0,6.137072600626454,6.193645647833286,7.4600962120241325,7.5,5.0,5.0
493.0,6.137127073930846,6.193702831361119,7.4600962120241325,7.5,5.0,5.0
494.0,6.137181381746646,6.19375984116677,7.4600962120241325,7.5,5.0,5.0
495.0,6.137235524910076,6.193816678128063,7.4600962120241325,7.5,5.0,5.0
496.0,6.137289504251458,6.193873343116632,7.4600962120241325,7.5,5.0,5.0
497.0,6.137343320595267,6.193929836997968,7.4600962120241325,7.5,5.0,5.0
498.0,6.1373969747601755,6.1939861606314714,7.4600962120241325,7.5,5.0,5.0
499.0,6.137450467559102,6.194042314870519,7.4600962120241325,7.5,5.0,5.0
500.0,6.1375037997992825,6.194098300562505,7.4600962120241325,7.5,5.0,5.0
501.0,6.137556972282316,6.194154118548903,7.4600962120241325,7.5,5.0,5.0
502.0,6.137609985804199,6.194209769665319,7.4600962120241325,7.5,5.0,5.0
503.0,6.137662841155386,6.194265254741537,7.4600962120241325,7.5,5.0,5.0
504.0,6.137715539120849,6.194320574601579,7.4600962120241325,7.5,5.0,5.0
505.0,6.137768080480105,6.194375730063751,7.4600962120241325,7.5,5.0,5.0
506.0,6.137820466007296,6.1944307219407015,7.4600962120241325,7.5,5.0,5.0
507.0,6.1378726964711925,6.19448555103946,7.4600962120241325,7.5,5.0,5.0
508.0,6.137924772635285,6.194540218161492,7.4600962120241325,7.5,5.0,5.0
509.0,6.13797669525779,6.194594724102758,7.4600962120241325,7.5,5.0,5.0
510.0,6.138028465091746,6.194649069653744,7.4600962120241325,7.5,5.0,5.0
511.0,6.13808008288502,6.194703255599524,7.4600962120241325,7.5,5.0,5.0
512.0,6.1381315493803426,6.194757282719801,7.4600962120241325,7.5,5.0,5.0
513.0,6.138182865315414,6.194811151788956,7.4600962120241325,7.5,5.0,5.0
514.0,6.138234031422873,6.194864863576097,7.4600962120241325,7.5,5.0,5.0
515.0,6.138285048430401,6.194918418845095,7.4600962120241325,7.5,5.0,5.0
516.0,6.138335917060723,6.194971818354649,7.4600962120241325,7.5,5.0,5.0
517.0,6.13838663803169,6.195025062858306,7.4600962120241325,7.5,5.0,5.0
518.0,6.1384372120562745,6.195078153104532,7.4600962120241325,7.5,5.0,5.0
519.0,6.138487639842663,6.195131089836732,7.4600962120241325,7.5,5.0,5.0
520.0,6.138537922094254,6.195183873793312,7.4600962120241325,7.5,5.0,5.0
521.0,6.1385880595097335,6.19523650570771,7.4600962120241325,7.5,5.0,5.0
522.0,6.138638052783094,6.195288986308449,7.4600962120241325,7.5,5.0,5.0
523.0,6.138687902603679,6.195341316319172,7.4600962120241325,7.5,5.0,5.0
524.0,6.13873760965622,6.195393496458685,7.4600962120241325,7.5,5.0,5.0
525.0,6.138787174620902,6.195445527441002,7.4600962120241325,7.5,5.0,5.0
526.0,6.1388365981733655,6.195497409975381,7.4600962120241325,7.5,5.0,5.0
527.0,6.138885880984758,6.195549144766371,7.4600962120241325,7.5,5.0,5.0
528.0,6.138935023721787,6.195600732513845,7.4600962120241325,7.5,5.0,5.0
529.0,6.138984027046746,6.195652173913043,7.4600962120241325,7.5,5.0,5.0
530.0,6.139032891617547,6.195703469654617,7.4600962120241325,7.5,5.0,5.0
531.0,6.139081618087769,6.195754620424657,7.4600962120241325,7.5,5.0,5.0
532.0,6.139130207106684,6.195805626904743,7.4600962120241325,7.5,5.0,5.0
533.0,6.139178659319304,6.195856489771973,7.4600962120241325,7.5,5.0,5.0
534.0,6.139226975366403,6.195907209699011,7.4600962120241325,7.5,5.0,5.0
535.0,6.139275155884564,6.195957787354111,7.4600962120241325,7.5,5.0,5.0
536.0,6.139323201506221,6.196008223401165,7.4600962120241325,7.5,5.0,5.0
537.0,6.139371112859679,6.196058518499736,7.4600962120241325,7.5,5.0,5.0
538.0,6.139418890569143,6.196108673305098,7.4600962120241325,7.5,5.0,5.0
539.0,6.139466535254769,6.196158688468256,7.4600962120241325,7.5,5.0,5.0
540.0,6.139514047532706,6.1962085646360086,7.4600962120241325,7.5,5.0,5.0
541.0,6.139561428015091,6.196258302450957,7.4600962120241325,7.5,5.0,5.0
542.0,6.139608677310124,6.196307902551555,7.4600962120241325,7.5,5.0,5.0
543.0,6.139655796022077,6.1963573655721405,7.4600962120241325,7.5,5.0,5.0
544.0,6.1397027847513295,6.196406692142966,7.4600962120241325,7.5,5.0,5.0
545.0,6.139749644094406,6.196455882890234,7.4600962120241325,7.5,5.0,5.0
546.0,6.139796374644005,6.196504938436136,7.4600962120241325,7.5,5.0,5.0
547.0,6.139842976989038,6.196553859398873,7.4600962120241325,7.5,5.0,5.0
548.0,6.13988945171464,6.196602646392702,7.4600962120241325,7.5,5.0,5.0
549.0,6.139935799402223,6.19665130002796,7.4600962120241325,7.5,5.0,5.0
550.0,6.1399820206295015,6.196699820911096,7.4600962120241325,7.5,5.0,5.0
551.0,6.1400281159705,6.196748209644712,7.4600962120241325,7.5,5.0,5.0
552.0,6.140074085995626,6.196796466827578,7.4600962120241325,7.5,5.0,5.0
553.0,6.140119931271658,6.19684459305468,7.4600962120241325,7.5,5.0,5.0
554.0,6.140165652361799,6.1968925889172395,7.4600962120241325,7.5,5.0,5.0
555.0,6.140211249825695,6.19694045500275,7.4600962120241325,7.5,5.0,5.0
556.0,6.14025672421947,6.196988191895002,7.4600962120241325,7.5,5.0,5.0
557.0,6.140302076095756,6.19703580017412,7.4600962120241325,7.5,5.0,5.0
558.0,6.140347306003709,6.197083280416588,7.4600962120241325,7.5,5.0,5.0
559.0,6.140392414489051,6.197130633195273,7.4600962120241325,7.5,5.0,5.0
560.0,6.140437402094084,6.197177859079467,7.4600962120241325,7.5,5.0,5.0
561.0,6.140482269357738,6.197224958634906,7.4600962120241325,7.5,5.0,5.0
562.0,6.140527016815576,6.197271932423799,7.4600962120241325,7.5,5.0,5.0
563.0,6.140571644999833,6.1973187810048636,7.4600962120241325,7.5,5.0,5.0
564.0,6.140616154439431,6.197365504933343,7.4600962120241325,7.5,5.0,5.0
565.0,6.1406605456600305,6.1974121047610415,7.4600962120241325,7.5,5.0,5.0
566.0,6.140704819184028,6.197458581036351,7.4600962120241325,7.5,5.0,5.0
567.0,6.140748975530596,6.197504934304273,7.4600962120241325,7.5,5.0,5.0
568.0,6.14079301521571,6.197551165106457,7.4600962120241325,7.5,5.0,5.0
569.0,6.140836938752165,6.197597273981209,7.4600962120241325,7.5,5.0,5.0
570.0,6.140880746649606,6.197643261463537,7.4600962120241325,7.5,5.0,5.0
571.0,6.140924439414566,6.197689128085164,7.4600962120241325,7.5,5.0,5.0
572.0,6.140968017550461,6.197734874374557,7.4600962120241325,7.5,5.0,5.0
573.0,6.141011481557634,6.197780500856955,7.4600962120241325,7.5,5.0,5.0
574.0,6.141054831933376,6.197826008054395,7.4600962120241325,7.5,5.0,5.0
575.0,6.141098069171962,6.197871396485731,7.4600962120241325,7.5,5.0,5.0
576.0,6.141141193764638,6.197916666666667,7.4600962120241325,7.5,5.0,5.0
577.0,6.141184206199695,6.197961819109773,7.4600962120241325,7.5,5.0,5.0
578.0,6.14122710696245,6.198006854324518,7.4600962120241325,7.5,5.0,5.0
579.0,6.141269896535287,6.198051772817289,7.4600962120241325,7.5,5.0,5.0
580.0,6.141312575397686,6.198096575091412,7.4600962120241325,7.5,5.0,5.0
581.0,6.1413551440262175,6.198141261647186,7.4600962120241325,7.5,5.0,5.0
582.0,6.141397602894612,6.1981858329818955,7.4600962120241325,7.5,5.0,5.0
583.0,6.141439952473741,6.198230289589838,7.4600962120241325,7.5,5.0,5.0
584.0,6.141482193231643,6.198274631962352,7.4600962120241325,7.5,5.0,5.0
585.0,6.141524325633567,6.198318860587829,7.4600962120241325,7.5,5.0,5.0
586.0,6.1415663501419875,6.198362975951749,7.4600962120241325,7.5,5.0,5.0
587.0,6.141608267216611,6.198406978536688,7.4600962120241325,7.5,5.0,5.0
588.0,6.141650077314405,6.198450868822356,7.4600962120241325,7.5,5.0,5.0
589.0,6.141691780889619,6.198494647285604,7.4600962120241325,7.5,5.0,5.0
590.0,6.1417333783938215,6.198538314400462,7.4600962120241325,7.5,5.0,5.0
591.0,6.141774870275895,6.198581870638142,7.4600962120241325,7.5,5.0,5.0
592.0,6.141816256982062,6.1986253164670755,7.4600962120241325,7.5,5.0,5.0
593.0,6.14185753895591,6.198668652352925,7.4600962120241325,7.5,5.0,5.0
594.0,6.141898716638434,6.198711878758612,7.4600962120241325,7.5,5.0,5.0
595.0,6.141939790468002,6.198754996144325,7.4600962120241325,7.5,5.0,5.0
596.0,6.14198076088043,6.198798004967561,7.4600962120241325,7.5,5.0,5.0
597.0,6.142021628308967,6.198840905683121,7.4600962120241325,7.5,5.0,5.0
598.0,6.142062393184329,6.198883698743154,7.4600962120241325,7.5,5.0,5.0
599.0,6.142103055934717,6.1989263845971605,7.4600962120241325,7.5,5.0,5.0
600.0,6.142143616985815,6.1989689636920176,7.4600962120241325,7.5,5.0,5.0
601.0,6.142184076760861,6.1990114364719995,7.4600962120241325,7.5,5.0,5.0
602.0,6.142224435680598,6.199053803378798,7.4600962120241325,7.5,5.0,5.0
603.0,6.142264694163342,6.199096064851539,7.4600962120241325,7.5,5.0,5.0
604.0,6.142304852624977,6.199138221326802,7.4600962120241325,7.5,5.0,5.0
605.0,6.142344911479,6.199180273238642,7.4600962120241325,7.5,5.0,5.0
606.0,6.142384871136485,6.199222221018601,7.4600962120241325,7.5,5.0,5.0
607.0,6.142424732006166,6.199264065095737,7.4600962120241325,7.5,5.0,5.0
608.0,6.142464494494402,6.1993058058966355,7.4600962120241325,7.5,5.0,5.0
609.0,6.142504159005226,6.19934744384543,7.4600962120241325,7.5,5.0,5.0
610.0,6.142543725940352,6.1993889793638175,7.4600962120241325,7.5,5.0,5.0
611.0,6.142583195699185,6.199430412871079,7.4600962120241325,7.5,5.0,5.0
612.0,6.1426225686788545,6.199471744784098,7.4600962120241325,7.5,5.0,5.0
613.0,6.142661845274214,6.199512975517374,7.4600962120241325,7.5,5.0,5.0
614.0,6.142701025877872,6.199554105483045,7.4600962120241325,7.5,5.0,5.0
615.0,6.142740110880185,6.199595135090906,7.4600962120241325,7.5,5.0,5.0
616.0,6.142779100669315,6.1996360647484146,7.4600962120241325,7.5,5.0,5.0
617.0,6.142817995631207,6.19967689486072,7.4600962120241325,7.5,5.0,5.0
618.0,6.1428567961496245,6.199717625830679,7.4600962120241325,7.5,5.0,5.0
619.0,6.142895502606146,6.199758258058867,7.4600962120241325,7.5,5.0,5.0
620.0,6.1429341153802195,6.199798791943594,7.4600962120241325,7.5,5.0,5.0
621.0,6.142972634849133,6.199839227880929,7.4600962120241325,7.5,5.0,5.0
622.0,6.143011061388058,6.199879566264712,7.4600962120241325,7.5,5.0,5.0
623.0,6.143049395370061,6.1999198074865625,7.4600962120241325,7.5,5.0,5.0
624.0,6.143087637166112,6.199959951935909,7.4600962120241325,7.5,5.0,5.0
625.0,6.143125787145097,6.199999999999999,7.4600962120241325,7.5,5.0,5.0
626.0,6.143163845673855,6.200039952063911,7.4600962120241325,7.5,5.0,5.0
627.0,6.143201813117155,6.20007980851057,7.4600962120241325,7.5,5.0,5.0
628.0,6.143239689837752,6.200119569720774,7.4600962120241325,7.5,5.0,5.0
629.0,6.143277476196363,6.200159236073194,7.4600962120241325,7.5,5.0,5.0
630.0,6.1433151725517074,6.2001988079444,7.4600962120241325,7.5,5.0,5.0
631.0,6.143352779260535,6.200238285708873,7.4600962120241325,7.5,5.0,5.0
632.0,6.143390296677587,6.200277669739016,7.4600962120241325,7.5,5.0,5.0
633.0,6.143427725155655,6.200316960405178,7.4600962120241325,7.5,5.0,5.0
634.0,6.143465065045586,6.200356158075653,7.4600962120241325,7.5,5.0,5.0
635.0,6.143502316696288,6.200395263116715,7.4600962120241325,7.5,5.0,5.0
636.0,6.143539480454752,6.200434275892615,7.4600962120241325,7.5,5.0,5.0
637.0,6.143576556666066,6.200473196765604,7.4600962120241325,7.5,5.0,5.0
638.0,6.143613545673402,6.200512026095943,7.4600962120241325,7.5,5.0,5.0
639.0,6.1436504478180805,6.200550764241923,7.4600962120241325,7.5,5.0,5.0
640.0,6.143687263439537,6.200589411559869,7.4600962120241325,7.5,5.0,5.0
641.0,6.143723992875364,6.200627968404165,7.4600962120241325,7.5,5.0,5.0
642.0,6.143760636461292,6.20066643512726,7.4600962120241325,7.5,5.0,5.0
643.0,6.143797194531249,6.200704812079682,7.4600962120241325,7.5,5.0,5.0
644.0,6.143833667417328,6.200743099610056,7.4600962120241325,7.5,5.0,5.0
645.0,6.143870055449834,6.200781298065116,7.4600962120241325,7.5,5.0,5.0
646.0,6.143906358957271,6.2008194077897105,7.4600962120241325,7.5,5.0,5.0
647.0,6.143942578266375,6.2008574291268275,7.4600962120241325,7.5,5.0,5.0
648.0,6.143978713702101,6.200895362417601,7.4600962120241325,7.5,5.0,5.0
649.0,6.144014765587665,6.200933208001321,7.4600962120241325,7.5,5.0,5.0
650.0,6.144050734244545,6.200970966215454,7.4600962120241325,7.5,5.0,5.0
651.0,6.144086619992473,6.201008637395649,7.4600962120241325,7.5,5.0,5.0
652.0,6.144122423149471,6.201046221875753,7.4600962120241325,7.5,5.0,5.0
653.0,6.144158144031871,6.201083719987823,7.4600962120241325,7.5,5.0,5.0
654.0,6.144193782954286,6.201121132062138,7.4600962120241325,7.5,5.0,5.0
655.0,6.144229340229671,6.201158458427216,7.4600962120241325,7.5,5.0,5.0
656.0,6.144264816169294,6.20119569940981,7.4600962120241325,7.5,5.0,5.0
657.0,6.144300211082765,6.201232855334946,7.4600962120241325,7.5,5.0,5.0
658.0,6.144335525278052,6.201269926525909,7.4600962120241325,7.5,5.0,5.0
659.0,6.1443707590615,6.201306913304274,7.4600962120241325,7.5,5.0,5.0
660.0,6.144405912737799,6.201343815989905,7.4600962120241325,7.5,5.0,5.0
661.0,6.1444409866100465,6.201380634900975,7.4600962120241325,7.5,5.0,5.0
662.0,6.14447598097973,6.201417370353971,7.4600962120241325,7.5,5.0,5.0
663.0,6.144510896146752,6.201454022663711,7.4600962120241325,7.5,5.0,5.0
664.0,6.144545732409422,6.2014905921433545,7.4600962120241325,7.5,5.0,5.0
665.0,6.144580490064483,6.201527079104408,7.4600962120241325,7.5,5.0,5.0
666.0,6.144615169407123,6.2015634838567415,7.4600962120241325,7.5,5.0,5.0
667.0,6.144649770730976,6.201599806708602,7.4600962120241325,7.5,5.0,5.0
668.0,6.144684294328139,6.201636047966616,7.4600962120241325,7.5,5.0,5.0
669.0,6.1447187404891785,6.201672207935808,7.4600962120241325,7.5,5.0,5.0
670.0,6.144753109503137,6.201708286919608,7.4600962120241325,7.5,5.0,5.0
671.0,6.144787401657568,6.201744285219863,7.4600962120241325,7.5,5.0,5.0
672.0,6.144821617238507,6.201780203136845,7.4600962120241325,7.5,5.0,5.0
673.0,6.144855756530504,6.20181604096927,7.4600962120241325,7.5,5.0,5.0
674.0,6.144889819816639,6.201851799014291,7.4600962120241325,7.5,5.0,5.0
675.0,6.144923807378519,6.2018874775675314,7.4600962120241325,7.5,5.0,5.0
676.0,6.144957719496292,6.201923076923077,7.4600962120241325,7.5,5.0,5.0
677.0,6.144991556448665,6.201958597373494,7.4600962120241325,7.5,5.0,5.0
678.0,6.145025318512887,6.20199403920984,7.4600962120241325,7.5,5.0,5.0
679.0,6.145059005964802,6.202029402721667,7.4600962120241325,7.5,5.0,5.0
680.0,6.145092619078805,6.20206468819704,7.4600962120241325,7.5,5.0,5.0
681.0,6.145126158127915,6.20209989592254,7.4600962120241325,7.5,5.0,5.0
682.0,6.145159623383714,6.2021350261832815,7.4600962120241325,7.5,5.0,5.0
683.0,6.145193015116422,6.202170079262913,7.4600962120241325,7.5,5.0,5.0
684.0,6.145226333594854,6.202205055443633,7.4600962120241325,7.5,5.0,5.0
685.0,6.145259579086458,6.2022399550061955,7.4600962120241325,7.5,5.0,5.0
686.0,6.145292751857321,6.202274778229924,7.4600962120241325,7.5,5.0,5.0
687.0,6.145325852172166,6.202309525392717,7.4600962120241325,7.5,5.0,5.0
688.0,6.145358880294386,6.202344196771062,7.4600962120241325,7.5,5.0,5.0
689.0,6.145391836486015,6.202378792640033,7.4600962120241325,7.5,5.0,5.0
690.0,6.14542472100776,6.202413313273319,7.4600962120241325,7.5,5.0,5.0
691.0,6.14545753411902,6.202447758943216,7.4600962120241325,7.5,5.0,5.0
692.0,6.145490276077876,6.202482129920643,7.4600962120241325,7.5,5.0,5.0
693.0,6.145522947141098,6.2025164264751504,7.4600962120241325,7.5,5.0,5.0
694.0,6.145555547564172,6.202550648874929,7.4600962120241325,7.5,5.0,5.0
695.0,6.14558807760128,6.20258479738682,7.4600962120241325,7.5,5.0,5.0
696.0,6.145620537505353,6.202618872276318,7.4600962120241325,7.5,5.0,5.0
697.0,6.14565292752801,6.2026528738075895,7.4600962120241325,7.5,5.0,5.0
698.0,6.14568524791966,6.202686802243471,7.4600962120241325,7.5,5.0,5.0
699.0,6.145717498929409,6.202720657845486,7.4600962120241325,7.5,5.0,5.0
700.0,6.145749680805154,6.202754440873846,7.4600962120241325,7.5,5.0,5.0
701.0,6.145781793793521,6.20278815158747,7.4600962120241325,7.5,5.0,5.0
702.0,6.145813838139935,6.202821790243975,7.4600962120241325,7.5,5.0,5.0
703.0,6.1458458140885845,6.202855357099705,7.4600962120241325,7.5,5.0,5.0
704.0,6.145877721882444,6.202888852409725,7.4600962120241325,7.5,5.0,5.0
705.0,6.145909561763284,6.202922276427831,7.4600962120241325,7.5,5.0,5.0
706.0,6.145941333971676,6.2029556294065635,7.4600962120241325,7.5,5.0,5.0
707.0,6.14597303874699,6.202988911597213,7.4600962120241325,7.5,5.0,5.0
708.0,6.1460046763274345,6.2030221232498235,7.4600962120241325,7.5,5.0,5.0
709.0,6.146036246950022,6.203055264613208,7.4600962120241325,7.5,5.0,5.0
710.0,6.146067750850607,6.20308833593495,7.4600962120241325,7.5,5.0,5.0
711.0,6.146099188263874,6.203121337461416,7.4600962120241325,7.5,5.0,5.0
712.0,6.146130559423356,6.203154269437759,7.4600962120241325,7.5,5.0,5.0
713.0,6.146161864561444,6.203187132107929,7.4600962120241325,7.5,5.0,5.0
714.0,6.146193103909384,6.203219925714681,7.4600962120241325,7.5,5.0,5.0
715.0,6.146224277697295,6.203252650499577,7.4600962120241325,7.5,5.0,5.0
716.0,6.146255386154171,6.2032853067030045,7.4600962120241325,7.5,5.0,5.0
717.0,6.14628642950788,6.2033178945641705,7.4600962120241325,7.5,5.0,5.0
718.0,6.1463174079851735,6.203350414321121,7.4600962120241325,7.5,5.0,5.0
719.0,6.146348321811731,6.203382866210738,7.4600962120241325,7.5,5.0,5.0
720.0,6.146379171212095,6.203415250468755,7.4600962120241325,7.5,5.0,5.0
721.0,6.146409956409738,6.203447567329759,7.4600962120241325,7.5,5.0,5.0
722.0,6.14644067762705,6.203479817027201,7.4600962120241325,7.5,5.0,5.0
723.0,6.146471335085335,6.203511999793399,7.4600962120241325,7.5,5.0,5.0
724.0,6.146501929004839,6.203544115859552,7.4600962120241325,7.5,5.0,5.0
725.0,6.146532459604724,6.203576165455736,7.4600962120241325,7.5,5.0,5.0
726.0,6.14656292710312,6.203608148810925,7.4600962120241325,7.5,5.0,5.0
727.0,6.146593331717091,6.203640066152982,7.4600962120241325,7.5,5.0,5.0
728.0,6.146623673662655,6.203671917708681,7.4600962120241325,7.5,5.0,5.0
729.0,6.1466539531548054,6.203703703703703,7.4600962120241325,7.5,5.0,5.0
730.0,6.1466841704074975,6.203735424362649,7.4600962120241325,7.5,5.0,5.0
731.0,6.146714325633655,6.203767079909042,7.4600962120241325,7.5,5.0,5.0
732.0,6.14674441904519,6.203798670565339,7.4600962120241325,7.5,5.0,5.0
733.0,6.146774450853006,6.203830196552929,7.4600962120241325,7.5,5.0,5.0
734.0,6.146804421267001,6.203861658092152,7.4600962120241325,7.5,5.0,5.0
735.0,6.146834330496053,6.203893055402293,7.4600962120241325,7.5,5.0,5.0
736.0,6.146864178748081,6.203924388701594,7.4600962120241325,7.5,5.0,5.0
737.0,6.14689396622998,6.203955658207265,7.4600962120241325,7.5,5.0,5.0
738.0,6.146923693147693,6.20398686413548,7.4600962120241325,7.5,5.0,5.0
739.0,6.146953359706173,6.204018006701393,7.4600962120241325,7.5,5.0,5.0
740.0,6.146982966109399,6.204049086119138,7.4600962120241325,7.5,5.0,5.0
741.0,6.147012512560396,6.204080102601836,7.4600962120241325,7.5,5.0,5.0
742.0,6.147041999261229,6.2041110563616035,7.4600962120241325,7.5,5.0,5.0
743.0,6.147071426413011,6.20414194760956,7.4600962120241325,7.5,5.0,5.0
744.0,6.147100794215898,6.2041727765558266,7.4600962120241325,7.5,5.0,5.0
745.0,6.1471301028691245,6.204203543409543,7.4600962120241325,7.5,5.0,5.0
746.0,6.147159352570982,6.204234248378862,7.4600962120241325,7.5,5.0,5.0
747.0,6.147188543518813,6.204264891670963,7.4600962120241325,7.5,5.0,5.0
748.0,6.147217675909074,6.204295473492055,7.4600962120241325,7.5,5.0,5.0
749.0,6.147246749937268,6.204325994047384,7.4600962120241325,7.5,5.0,5.0
750.0,6.147275765798008,6.204356453541237,7.4600962120241325,7.5,5.0,5.0
751.0,6.147304723684986,6.204386852176949,7.4600962120241325,7.5,5.0,5.0
752.0,6.147333623791003,6.204417190156907,7.4600962120241325,7.5,5.0,5.0
753.0,6.147362466307961,6.204447467682563,7.4600962120241325,7.5,5.0,5.0
754.0,6.147391251426858,6.204477684954423,7.4600962120241325,7.5,5.0,5.0
755.0,6.147419979337828,6.204507842172073,7.4600962120241325,7.5,5.0,5.0
756.0,6.147448650230109,6.204537939534169,7.4600962120241325,7.5,5.0,5.0
757.0,6.147477264292067,6.204567977238449,7.4600962120241325,7.5,5.0,5.0
758.0,6.147505821711203,6.204597955481741,7.4600962120241325,7.5,5.0,5.0
759.0,6.147534322674142,6.204627874459961,7.4600962120241325,7.5,5.0,5.0
760.0,6.147562767366661,6.204657734368124,7.4600962120241325,7.5,5.0,5.0
761.0,6.1475911559736796,6.20468753540035,7.4600962120241325,7.5,5.0,5.0
762.0,6.14761948867926,6.204717277749861,7.4600962120241325,7.5,5.0,5.0
763.0,6.147647765666631,6.2047469616090005,7.4600962120241325,7.5,5.0,5.0
764.0,6.147675987118171,6.204776587169224,7.4600962120241325,7.5,5.0,5.0
765.0,6.147704153215432,6.204806154621114,7.4600962120241325,7.5,5.0,5.0
766.0,6.147732264139139,6.2048356641543805,7.4600962120241325,7.5,5.0,5.0
767.0,6.147760320069172,6.204865115957868,7.4600962120241325,7.5,5.0,5.0
768.0,6.1477883211846205,6.20489451021956,7.4600962120241325,7.5,5.0,5.0
769.0,6.1478162676637345,6.204923847126587,7.4600962120241325,7.5,5.0,5.0
770.0,6.147844159683966,6.204953126865222,7.4600962120241325,7.5,5.0,5.0
771.0,6.147871997421953,6.204982349620899,7.4600962120241325,7.5,5.0,5.0
772.0,6.14789978105354,6.205011515578207,7.4600962120241325,7.5,5.0,5.0
773.0,6.1479275107537745,6.2050406249209,7.4600962120241325,7.5,5.0,5.0
774.0,6.1479551866969,6.205069677831901,7.4600962120241325,7.5,5.0,5.0
775.0,6.147982809056399,6.205098674493307,7.4600962120241325,7.5,5.0,5.0
776.0,6.148010378004939,6.205127615086391,7.4600962120241325,7.5,5.0,5.0
777.0,6.14803789371444,6.205156499791614,7.4600962120241325,7.5,5.0,5.0
778.0,6.148065356356013,6.20518532878862,7.4600962120241325,7.5,5.0,5.0
779.0,6.148092766100038,6.2052141022562495,7.4600962120241325,7.5,5.0,5.0
780.0,6.148120123116114,6.205242820372536,7.4600962120241325,7.5,5.0,5.0
781.0,6.1481474275730665,6.205271483314718,7.4600962120241325,7.5,5.0,5.0
782.0,6.148174679638982,6.2053000912592395,7.4600962120241325,7.5,5.0,5.0
783.0,6.148201879481194,6.205328644381758,7.4600962120241325,7.5,5.0,5.0
784.0,6.148229027266282,6.205357142857142,7.4600962120241325,7.5,5.0,5.0
785.0,6.148256123160086,6.205385586859485,7.4600962120241325,7.5,5.0,5.0
786.0,6.148283167327708,6.205413976562099,7.4600962120241325,7.5,5.0,5.0
787.0,6.148310159933521,6.205442312137531,7.4600962120241325,7.5,5.0,5.0
788.0,6.148337101141148,6.205470593757557,7.4600962120241325,7.5,5.0,5.0
789.0,6.148363991113505,6.205498821593193,7.4600962120241325,7.5,5.0,5.0
790.0,6.1483908300127865,6.205526995814698,7.4600962120241325,7.5,5.0,5.0
791.0,6.1484176180004555,6.205555116591576,7.4600962120241325,7.5,5.0,5.0
792.0,6.148444355237271,6.205583184092582,7.4600962120241325,7.5,5.0,5.0
793.0,6.148471041883281,6.205611198485723,7.4600962120241325,7.5,5.0,5.0
794.0,6.1484976780978275,6.20563915993827,7.4600962120241325,7.5,5.0,5.0
795.0,6.148524264039543,6.205667068616755,7.4600962120241325,7.5,5.0,5.0
796.0,6.1485507998663795,6.205694924686979,7.4600962120241325,7.5,5.0,5.0
797.0,6.148577285735578,6.2057227283140115,7.4600962120241325,7.5,5.0,5.0
798.0,6.148603721803698,6.2057504796622,7.4600962120241325,7.5,5.0,5.0
799.0,6.148630108226608,6.205778178895173,7.4600962120241325,7.5,5.0,5.0
800.0,6.148656445159505,6.20580582617584,7.4600962120241325,7.5,5.0,5.0
801.0,6.148682732756896,6.2058334216664015,7.4600962120241325,7.5,5.0,5.0
802.0,6.148708971172621,6.205860965528347,7.4600962120241325,7.5,5.0,5.0
803.0,6.14873516055984,6.2058884579224625,7.4600962120241325,7.5,5.0,5.0
804.0,6.148761301071056,6.205915899008836,7.4600962120241325,7.5,5.0,5.0
805.0,6.148787392858107,6.205943288946859,7.4600962120241325,7.5,5.0,5.0
806.0,6.148813436072168,6.205970627895229,7.4600962120241325,7.5,5.0,5.0
807.0,6.148839430863759,6.2059979160119525,7.4600962120241325,7.5,5.0,5.0
808.0,6.148865377382753,6.206025153454356,7.4600962120241325,7.5,5.0,5.0
809.0,6.148891275778358,6.2060523403790855,7.4600962120241325,7.5,5.0,5.0
810.0,6.148917126199164,6.206079476942105,7.4600962120241325,7.5,5.0,5.0
811.0,6.148942928793091,6.206106563298711,7.4600962120241325,7.5,5.0,5.0
812.0,6.148968683707447,6.206133599603525,7.4600962120241325,7.5,5.0,5.0
813.0,6.148994391088877,6.2061605860105065,7.4600962120241325,7.5,5.0,5.0
814.0,6.149020051083432,6.206187522672952,7.4600962120241325,7.5,5.0,5.0
815.0,6.149045663836498,6.206214409743496,7.4600962120241325,7.5,5.0,5.0
816.0,6.149071229492861,6.206241247374124,7.4600962120241325,7.5,5.0,5.0
817.0,6.149096748196681,6.2062680357161675,7.4600962120241325,7.5,5.0,5.0
818.0,6.149122220091497,6.206294774920309,7.4600962120241325,7.5,5.0,5.0
819.0,6.1491476453202445,6.206321465136586,7.4600962120241325,7.5,5.0,5.0
820.0,6.149173024025233,6.206348106514401,7.4600962120241325,7.5,5.0,5.0
821.0,6.149198356348172,6.206374699202513,7.4600962120241325,7.5,5.0,5.0
822.0,6.14922364243018,6.2064012433490525,7.4600962120241325,7.5,5.0,5.0
823.0,6.149248882411753,6.206427739101515,7.4600962120241325,7.5,5.0,5.0
824.0,6.149274076432809,6.2064541866067735,7.4600962120241325,7.5,5.0,5.0
825.0,6.149299224632661,6.206480586011075,7.4600962120241325,7.5,5.0,5.0
826.0,6.149324327150039,6.206506937460048,7.4600962120241325,7.5,5.0,5.0
827.0,6.149349384123071,6.206533241098705,7.4600962120241325,7.5,5.0,5.0
828.0,6.1493743956893265,6.206559497071442,7.4600962120241325,7.5,5.0,5.0
829.0,6.149399361985769,6.206585705522051,7.4600962120241325,7.5,5.0,5.0
830.0,6.149424283148793,6.206611866593711,7.4600962120241325,7.5,5.0,5.0
831.0,6.149449159314233,6.206637980429003,7.4600962120241325,7.5,5.0,5.0
832.0,6.1494739906173255,6.206664047169905,7.4600962120241325,7.5,5.0,5.0
833.0,6.149498777192757,6.206690066957798,7.4600962120241325,7.5,5.0,5.0
834.0,6.14952351917464,6.206716039933472,7.4600962120241325,7.5,5.0,5.0
835.0,6.149548216696535,6.206741966237125,7.4600962120241325,7.5,5.0,5.0
836.0,6.149572869891432,6.20676784600837,7.4600962120241325,7.5,5.0,5.0
837.0,6.149597478891766,6.206793679386232,7.4600962120241325,7.5,5.0,5.0
838.0,6.149622043829427,6.206819466509159,7.4600962120241325,7.5,5.0,5.0
839.0,6.149646564835746,6.206845207515016,7.4600962120241325,7.5,5.0,5.0
840.0,6.149671042041515,6.206870902541103,7.4600962120241325,7.5,5.0,5.0
841.0,6.149695475576966,6.206896551724139,7.4600962120241325,7.5,5.0,5.0
842.0,6.149719865571816,6.206922155200276,7.4600962120241325,7.5,5.0,5.0
843.0,6.149744212155213,6.206947713105107,7.4600962120241325,7.5,5.0,5.0
844.0,6.1497685154557855,6.206973225573655,7.4600962120241325,7.5,5.0,5.0
845.0,6.149792775601639,6.206998692740388,7.4600962120241325,7.5,5.0,5.0
846.0,6.149816992720322,6.207024114739216,7.4600962120241325,7.5,5.0,5.0
847.0,6.1498411669388755,6.207049491703497,7.4600962120241325,7.5,5.0,5.0
848.0,6.149865298383815,6.207074823766035,7.4600962120241325,7.5,5.0,5.0
849.0,6.14988938718113,6.207100111059088,7.4600962120241325,7.5,5.0,5.0
850.0,6.149913433456288,6.207125353714373,7.4600962120241325,7.5,5.0,5.0
851.0,6.149937437334251,6.207150551863059,7.4600962120241325,7.5,5.0,5.0
852.0,6.149961398939453,6.20717570563578,7.4600962120241325,7.5,5.0,5.0
853.0,6.149985318395822,6.207200815162632,7.4600962120241325,7.5,5.0,5.0
854.0,6.1500091958267955,6.207225880573178,7.4600962120241325,7.5,5.0,5.0
855.0,6.150033031355269,6.207250901996453,7.4600962120241325,7.5,5.0,5.0
856.0,6.15005682510368,6.207275879560958,7.4600962120241325,7.5,5.0,5.0
857.0,6.150080577193927,6.207300813394678,7.4600962120241325,7.5,5.0,5.0
858.0,6.150104287747429,6.207325703625067,7.4600962120241325,7.5,5.0,5.0
859.0,6.150127956885115,6.207350550379065,7.4600962120241325,7.5,5.0,5.0
860.0,6.150151584727413,6.207375353783096,7.4600962120241325,7.5,5.0,5.0
861.0,6.150175171394261,6.207400113963063,7.4600962120241325,7.5,5.0,5.0
862.0,6.150198717005107,6.207424831044364,7.4600962120241325,7.5,5.0,5.0
863.0,6.150222221678926,6.207449505151889,7.4600962120241325,7.5,5.0,5.0
864.0,6.150245685534205,6.207474136410013,7.4600962120241325,7.5,5.0,5.0
865.0,6.1502691086889465,6.207498724942622,7.4600962120241325,7.5,5.0,5.0
866.0,6.150292491260685,6.207523270873089,7.4600962120241325,7.5,5.0,5.0
867.0,6.150315833366476,6.2075477743242935,7.4600962120241325,7.5,5.0,5.0
868.0,6.150339135122892,6.207572235418617,7.4600962120241325,7.5,5.0,5.0
869.0,6.15036239664606,6.207596654277953,7.4600962120241325,7.5,5.0,5.0
870.0,6.150385618051621,6.207621031023699,7.4600962120241325,7.5,5.0,5.0
871.0,6.150408799454748,6.20764536577677,7.4600962120241325,7.5,5.0,5.0
872.0,6.150431940970173,6.207669658657587,7.4600962120241325,7.5,5.0,5.0
873.0,6.150455042712145,6.207693909786099,7.4600962120241325,7.5,5.0,5.0
874.0,6.150478104794473,6.2077181192817665,7.4600962120241325,7.5,5.0,5.0
875.0,6.150501127330499,6.207742287263574,7.4600962120241325,7.5,5.0,5.0
876.0,6.150524110433112,6.207766413850032,7.4600962120241325,7.5,5.0,5.0
877.0,6.1505470542147584,6.207790499159177,7.4600962120241325,7.5,5.0,5.0
878.0,6.150569958787431,6.207814543308572,7.4600962120241325,7.5,5.0,5.0
879.0,6.150592824262674,6.20783854641532,7.4600962120241325,7.5,5.0,5.0
880.0,6.150615650751591,6.2078625085960475,7.4600962120241325,7.5,5.0,5.0
881.0,6.150638438364853,6.2078864299669245,7.4600962120241325,7.5,5.0,5.0
882.0,6.150661187212677,6.207910310643658,7.4600962120241325,7.5,5.0,5.0
883.0,6.150683897404848,6.207934150741496,7.4600962120241325,7.5,5.0,5.0
884.0,6.1507065690507225,6.207957950375231,7.4600962120241325,7.5,5.0,5.0
885.0,6.150729202259216,6.207981709659199,7.4600962120241325,7.5,5.0,5.0
886.0,6.150751797138807,6.208005428707288,7.4600962120241325,7.5,5.0,5.0
887.0,6.150774353797575,6.208029107632933,7.4600962120241325,7.5,5.0,5.0
888.0,6.150796872343141,6.208052746549123,7.4600962120241325,7.5,5.0,5.0
889.0,6.150819352882713,6.208076345568404,7.4600962120241325,7.5,5.0,5.0
890.0,6.150841795523091,6.208099904802875,7.4600962120241325,7.5,5.0,5.0
891.0,6.150864200370634,6.208123424364199,7.4600962120241325,7.5,5.0,5.0
892.0,6.150886567531293,6.208146904363598,7.4600962120241325,7.5,5.0,5.0
893.0,6.15090889711061,6.20817034491186,7.4600962120241325,7.5,5.0,5.0
894.0,6.150931189213706,6.208193746119335,7.4600962120241325,7.5,5.0,5.0
895.0,6.150953443945293,6.208217108095944,7.4600962120241325,7.5,5.0,5.0
896.0,6.150975661409672,6.208240430951183,7.4600962120241325,7.5,5.0,5.0
897.0,6.150997841710733,6.208263714794114,7.4600962120241325,7.5,5.0,5.0
898.0,6.151019984951981,6.208286959733375,7.4600962120241325,7.5,5.0,5.0
899.0,6.1510420912364845,6.208310165877183,7.4600962120241325,7.5,5.0,5.0
900.0,6.151064160666943,6.208333333333333,7.4600962120241325,7.5,5.0,5.0
901.0,6.151086193345632,6.208356462209203,7.4600962120241325,7.5,5.0,5.0
902.0,6.1511081893744555,6.208379552611749,7.4600962120241325,7.5,5.0,5.0
903.0,6.151130148854902,6.208402604647517,7.4600962120241325,7.5,5.0,5.0
904.0,6.151152071888072,6.208425618422641,7.4600962120241325,7.5,5.0,5.0
905.0,6.151173958574675,6.208448594042842,7.4600962120241325,7.5,5.0,5.0
906.0,6.151195809015042,6.208471531613432,7.4600962120241325,7.5,5.0,5.0
907.0,6.151217623309098,6.208494431239317,7.4600962120241325,7.5,5.0,5.0
908.0,6.151239401556393,6.208517293025001,7.4600962120241325,7.5,5.0,5.0
909.0,6.1512611438560985,6.208540117074584,7.4600962120241325,7.5,5.0,5.0
910.0,6.1512828503069885,6.208562903491764,7.4600962120241325,7.5,5.0,5.0
911.0,6.151304521007481,6.208585652379838,7.4600962120241325,7.5,5.0,5.0
912.0,6.151326156055592,6.2086083638417175,7.4600962120241325,7.5,5.0,5.0
913.0,6.151347755548982,6.208631037979906,7.4600962120241325,7.5,5.0,5.0
914.0,6.151369319584918,6.208653674896524,7.4600962120241325,7.5,5.0,5.0
915.0,6.151390848260315,6.208676274693294,7.4600962120241325,7.5,5.0,5.0
916.0,6.151412341671701,6.208698837471556,7.4600962120241325,7.5,5.0,5.0
917.0,6.151433799915243,6.208721363332261,7.4600962120241325,7.5,5.0,5.0
918.0,6.151455223086734,6.208743852375972,7.4600962120241325,7.5,5.0,5.0
919.0,6.151476611281618,6.208766304702873,7.4600962120241325,7.5,5.0,5.0
920.0,6.151497964594967,6.2087887204127625,7.4600962120241325,7.5,5.0,5.0
921.0,6.151519283121481,6.208811099605066,7.4600962120241325,7.5,5.0,5.0
922.0,6.1515405669555125,6.208833442378825,7.4600962120241325,7.5,5.0,5.0
923.0,6.151561816191062,6.208855748832711,7.4600962120241325,7.5,5.0,5.0
924.0,6.151583030921755,6.208878019065015,7.4600962120241325,7.5,5.0,5.0
925.0,6.151604211240874,6.20890025317366,7.4600962120241325,7.5,5.0,5.0
926.0,6.1516253572413575,6.208922451256202,7.4600962120241325,7.5,5.0,5.0
927.0,6.151646469015773,6.2089446134098205,7.4600962120241325,7.5,5.0,5.0
928.0,6.151667546656354,6.208966739731338,7.4600962120241325,7.5,5.0,5.0
929.0,6.151688590254985,6.2089888303172,7.4600962120241325,7.5,5.0,5.0
930.0,6.151709599903195,6.209010885263503,7.4600962120241325,7.5,5.0,5.0
931.0,6.15173057569218,6.209032904665971,7.4600962120241325,7.5,5.0,5.0
932.0,6.151751517712778,6.209054888619974,7.4600962120241325,7.5,5.0,5.0
933.0,6.151772426055515,6.209076837220522,7.4600962120241325,7.5,5.0,5.0
934.0,6.151793300810544,6.209098750562269,7.4600962120241325,7.5,5.0,5.0
935.0,6.1518141420677015,6.209120628739516,7.4600962120241325,7.5,5.0,5.0
936.0,6.151834949916475,6.209142471846212,7.4600962120241325,7.5,5.0,5.0
937.0,6.151855724446036,6.209164279975951,7.4600962120241325,7.5,5.0,5.0
938.0,6.151876465745208,6.20918605322198,7.4600962120241325,7.5,5.0,5.0
939.0,6.151897173902484,6.209207791677198,7.4600962120241325,7.5,5.0,5.0
940.0,6.151917849006038,6.209229495434159,7.4600962120241325,7.5,5.0,5.0
941.0,6.151938491143702,6.2092511645850745,7.4600962120241325,7.5,5.0,5.0
942.0,6.151959100402993,6.209272799221807,7.4600962120241325,7.5,5.0,5.0
943.0,6.1519796768710915,6.209294399435885,7.4600962120241325,7.5,5.0,5.0
944.0,6.152000220634867,6.209315965318492,7.4600962120241325,7.5,5.0,5.0
945.0,6.1520207317808575,6.209337496960478,7.4600962120241325,7.5,5.0,5.0
946.0,6.152041210395294,6.209358994452352,7.4600962120241325,7.5,5.0,5.0
947.0,6.152061656564073,6.209380457884294,7.4600962120241325,7.5,5.0,5.0
948.0,6.152082070372781,6.209401887346147,7.4600962120241325,7.5,5.0,5.0
949.0,6.1521024519066865,6.209423282927425,7.4600962120241325,7.5,5.0,5.0
950.0,6.1521228012507505,6.209444644717308,7.4600962120241325,7.5,5.0,5.0
951.0,6.1521431184896125,6.209465972804654,7.4600962120241325,7.5,5.0,5.0
952.0,6.152163403707605,6.209487267277989,7.4600962120241325,7.5,5.0,5.0
953.0,6.152183656988753,6.209508528225516,7.4600962120241325,7.5,5.0,5.0
954.0,6.152203878416767,6.209529755735114,7.4600962120241325,7.5,5.0,5.0
955.0,6.152224068075059,6.209550949894339,7.4600962120241325,7.5,5.0,5.0
956.0,6.152244226046721,6.209572110790429,7.4600962120241325,7.5,5.0,5.0
957.0,6.152264352414564,6.209593238510298,7.4600962120241325,7.5,5.0,5.0
958.0,6.152284447261068,6.209614333140547,7.4600962120241325,7.5,5.0,5.0
959.0,6.152304510668443,6.20963539476746,7.4600962120241325,7.5,5.0,5.0
960.0,6.152324542718566,6.209656423477007,7.4600962120241325,7.5,5.0,5.0
961.0,6.152344543493045,6.209677419354839,7.4600962120241325,7.5,5.0,5.0
962.0,6.152364513073172,6.209698382486302,7.4600962120241325,7.5,5.0,5.0
963.0,6.152384451539956,6.20971931295643,7.4600962120241325,7.5,5.0,5.0
964.0,6.152404358974108,6.209740210849947,7.4600962120241325,7.5,5.0,5.0
965.0,6.152424235456034,6.209761076251272,7.4600962120241325,7.5,5.0,5.0
966.0,6.152444081065866,6.209781909244512,7.4600962120241325,7.5,5.0,5.0
967.0,6.152463895883433,6.209802709913479,7.4600962120241325,7.5,5.0,5.0
968.0,6.152483679988287,6.209823478341672,7.4600962120241325,7.5,5.0,5.0
969.0,6.1525034334596915,6.209844214612298,7.4600962120241325,7.5,5.0,5.0
970.0,6.1525231563766045,6.209864918808254,7.4600962120241325,7.5,5.0,5.0
971.0,6.1525428488177285,6.209885591012146,7.4600962120241325,7.5,5.0,5.0
972.0,6.152562510861453,6.209906231306276,7.4600962120241325,7.5,5.0,5.0
973.0,6.15258214258592,6.209926839772656,7.4600962120241325,7.5,5.0,5.0
974.0,6.152601744068951,6.209947416493,7.4600962120241325,7.5,5.0,5.0
975.0,6.152621315388117,6.2099679615487275,7.4600962120241325,7.5,5.0,5.0
976.0,6.152640856620704,6.20998847502097,7.4600962120241325,7.5,5.0,5.0
977.0,6.15266036784372,6.210008956990563,7.4600962120241325,7.5,5.0,5.0
978.0,6.152679849133885,6.210029407538058,7.4600962120241325,7.5,5.0,5.0
979.0,6.152699300567662,6.210049826743713,7.4600962120241325,7.5,5.0,5.0
980.0,6.152718722221246,6.210070214687504,7.4600962120241325,7.5,5.0,5.0
981.0,6.15273811417053,6.210090571449118,7.4600962120241325,7.5,5.0,5.0
982.0,6.15275747649117,6.210110897107962,7.4600962120241325,7.5,5.0,5.0
983.0,6.152776809258528,6.210131191743156,7.4600962120241325,7.5,5.0,5.0
984.0,6.152796112547711,6.210151455433541,7.4600962120241325,7.5,5.0,5.0
985.0,6.1528153864335575,6.210171688257677,7.4600962120241325,7.5,5.0,5.0
986.0,6.152834630990642,6.210191890293846,7.4600962120241325,7.5,5.0,5.0
987.0,6.152853846293257,6.210212061620048,7.4600962120241325,7.5,5.0,5.0
988.0,6.152873032415463,6.210232202314014,7.4600962120241325,7.5,5.0,5.0
989.0,6.152892189431032,6.210252312453194,7.4600962120241325,7.5,5.0,5.0
990.0,6.152911317413481,6.210272392114767,7.4600962120241325,7.5,5.0,5.0
991.0,6.1529304164360745,6.210292441375638,7.4600962120241325,7.5,5.0,5.0
992.0,6.152949486571819,6.210312460312441,7.4600962120241325,7.5,5.0,5.0
993.0,6.152968527893448,6.210332449001538,7.4600962120241325,7.5,5.0,5.0
994.0,6.152987540473461,6.210352407519029,7.4600962120241325,7.5,5.0,5.0
995.0,6.153006524384092,6.210372335940735,7.4600962120241325,7.5,5.0,5.0
996.0,6.153025479697304,6.21039223434222,7.4600962120241325,7.5,5.0,5.0
997.0,6.153044406484842,6.210412102798779,7.4600962120241325,7.5,5.0,5.0
998.0,6.153063304818173,6.210431941385442,7.4600962120241325,7.5,5.0,5.0
999.0,6.153082174768522,6.210451750176979,7.4600962120241325,7.5,5.0,5.0
1000.0,6.1531010164068585,6.2104715292478945,7.4600962120241325,7.5,5.0,5.0
1001.0,6.153119829803923,6.2104912786724356,7.4600962120241325,7.5,5.0,5.0
1002.0,6.153138615030186,6.21051099852459,7.4600962120241325,7.5,5.0,5.0
1003.0,6.153157372155884,6.210530688878084,7.4600962120241325,7.5,5.0,5.0
1004.0,6.153176101251005,6.210550349806387,7.4600962120241325,7.5,5.0,5.0
1005.0,6.153194802385291,6.210569981382719,7.4600962120241325,7.5,5.0,5.0
1006.0,6.1532134756282515,6.210589583680036,7.4600962120241325,7.5,5.0,5.0
1007.0,6.153232121049141,6.210609156771046,7.4600962120241325,7.5,5.0,5.0
1008.0,6.15325073871698,6.210628700728205,7.4600962120241325,7.5,5.0,5.0
1009.0,6.153269328700556,6.210648215623715,7.4600962120241325,7.5,5.0,5.0
1010.0,6.15328789106841,6.210667701529527,7.4600962120241325,7.5,5.0,5.0
1011.0,6.153306425888838,6.210687158517349,7.4600962120241325,7.5,5.0,5.0
1012.0,6.1533249332299205,6.210706586658629,7.4600962120241325,7.5,5.0,5.0
1013.0,6.153343413159481,6.210725986024581,7.4600962120241325,7.5,5.0,5.0
1014.0,6.153361865745126,6.210745356686168,7.4600962120241325,7.5,5.0,5.0
1015.0,6.1533802910542175,6.2107646987141045,7.4600962120241325,7.5,5.0,5.0
1016.0,6.15339868915389,6.210784012178865,7.4600962120241325,7.5,5.0,5.0
1017.0,6.153417060111047,6.210803297150683,7.4600962120241325,7.5,5.0,5.0
1018.0,6.153435403992366,6.210822553699549,7.4600962120241325,7.5,5.0,5.0
1019.0,6.153453720864278,6.210841781895209,7.4600962120241325,7.5,5.0,5.0
1020.0,6.153472010793013,6.210860981807178,7.4600962120241325,7.5,5.0,5.0
1021.0,6.153490273844554,6.210880153504725,7.4600962120241325,7.5,5.0,5.0
1022.0,6.153508510084667,6.2108992970568835,7.4600962120241325,7.5,5.0,5.0
1023.0,6.153526719578882,6.210918412532454,7.4600962120241325,7.5,5.0,5.0
1024.0,6.153544902392515,6.2109375,7.4600962120241325,7.5,5.0,5.0
1025.0,6.153563058590663,6.2109565595278475,7.4600962120241325,7.5,5.0,5.0
1026.0,6.153581188238189,6.210975591184096,7.4600962120241325,7.5,5.0,5.0
1027.0,6.153599291399733,6.210994595036606,7.4600962120241325,7.5,5.0,5.0
1028.0,6.153617368139739,6.211013571153012,7.4600962120241325,7.5,5.0,5.0
1029.0,6.1536354185224,6.211032519600715,7.4600962120241325,7.5,5.0,5.0
1030.0,6.153653442611713,6.211051440446891,7.4600962120241325,7.5,5.0,5.0
1031.0,6.1536714404714505,6.211070333758482,7.4600962120241325,7.5,5.0,5.0
1032.0,6.1536894121651695,6.211089199602206,7.4600962120241325,7.5,5.0,5.0
1033.0,6.153707357756203,6.211108038044559,7.4600962120241325,7.5,5.0,5.0
1034.0,6.153725277307687,6.211126849151805,7.4600962120241325,7.5,5.0,5.0
1035.0,6.153743170882526,6.211145632989986,7.4600962120241325,7.5,5.0,5.0
1036.0,6.153761038543419,6.211164389624925,7.4600962120241325,7.5,5.0,5.0
1037.0,6.153778880352866,6.211183119122216,7.4600962120241325,7.5,5.0,5.0
1038.0,6.153796696373136,6.211201821547238,7.4600962120241325,7.5,5.0,5.0
1039.0,6.153814486666301,6.211220496965144,7.4600962120241325,7.5,5.0,5.0
1040.0,6.153832251294217,6.211239145440872,7.4600962120241325,7.5,5.0,5.0
1041.0,6.153849990318529,6.211257767039141,7.4600962120241325,7.5,5.0,5.0
1042.0,6.15386770380069,6.21127636182445,7.4600962120241325,7.5,5.0,5.0
1043.0,6.153885391801934,6.211294929861086,7.4600962120241325,7.5,5.0,5.0
1044.0,6.153903054383296,6.2113134712131135,7.4600962120241325,7.5,5.0,5.0
1045.0,6.153920691605597,6.2113319859443905,7.4600962120241325,7.5,5.0,5.0
1046.0,6.153938303529468,6.211350474118556,7.4600962120241325,7.5,5.0,5.0
1047.0,6.153955890215331,6.211368935799037,7.4600962120241325,7.5,5.0,5.0
1048.0,6.153973451723401,6.2113873710490495,7.4600962120241325,7.5,5.0,5.0
1049.0,6.153990988113692,6.211405779931598,7.4600962120241325,7.5,5.0,5.0
1050.0,6.154008499446031,6.211424162509477,7.4600962120241325,7.5,5.0,5.0
1051.0,6.154025985780038,6.211442518845272,7.4600962120241325,7.5,5.0,5.0
1052.0,6.154043447175126,6.211460849001362,7.4600962120241325,7.5,5.0,5.0
1053.0,6.154060883690524,6.211479153039914,7.4600962120241325,7.5,5.0,5.0
1054.0,6.154078295385262,6.211497431022894,7.4600962120241325,7.5,5.0,5.0
1055.0,6.154095682318162,6.211515683012058,7.4600962120241325,7.5,5.0,5.0
1056.0,6.154113044547859,6.211533909068958,7.4600962120241325,7.5,5.0,5.0
1057.0,6.154130382132804,6.211552109254946,7.4600962120241325,7.5,5.0,5.0
1058.0,6.154147695131242,6.211570283631166,7.4600962120241325,7.5,5.0,5.0
1059.0,6.154164983601223,6.211588432258562,7.4600962120241325,7.5,5.0,5.0
1060.0,6.154182247600613,6.2116065551978785,7.4600962120241325,7.5,5.0,5.0
1061.0,6.154199487187087,6.211624652509656,7.4600962120241325,7.5,5.0,5.0
1062.0,6.154216702418131,6.2116427242542365,7.4600962120241325,7.5,5.0,5.0
1063.0,6.154233893351031,6.211660770491765,7.4600962120241325,7.5,5.0,5.0
1064.0,6.154251060042899,6.211678791282189,7.4600962120241325,7.5,5.0,5.0
1065.0,6.154268202550643,6.2116967866852555,7.4600962120241325,7.5,5.0,5.0
1066.0,6.154285320931003,6.211714756760519,7.4600962120241325,7.5,5.0,5.0
1067.0,6.154302415240519,6.211732701567335,7.4600962120241325,7.5,5.0,5.0
1068.0,6.154319485535546,6.211750621164867,7.4600962120241325,7.5,5.0,5.0
1069.0,6.154336531872262,6.211768515612086,7.4600962120241325,7.5,5.0,5.0
1070.0,6.154353554306658,6.211786384967766,7.4600962120241325,7.5,5.0,5.0
1071.0,6.154370552894545,6.211804229290491,7.4600962120241325,7.5,5.0,5.0
1072.0,6.15438752769154,6.2118220486386555,7.4600962120241325,7.5,5.0,5.0
1073.0,6.1544044787530945,6.211839843070457,7.4600962120241325,7.5,5.0,5.0
1074.0,6.154421406134462,6.2118576126439145,7.4600962120241325,7.5,5.0,5.0
1075.0,6.154438309890738,6.211875357416848,7.4600962120241325,7.5,5.0,5.0
1076.0,6.154455190076813,6.211893077446895,7.4600962120241325,7.5,5.0,5.0
1077.0,6.154472046747424,6.2119107727915,7.4600962120241325,7.5,5.0,5.0
1078.0,6.154488879957113,6.211928443507926,7.4600962120241325,7.5,5.0,5.0
1079.0,6.154505689760248,6.211946089653251,7.4600962120241325,7.5,5.0,5.0
1080.0,6.154522476211031,6.211963711284364,7.4600962120241325,7.5,5.0,5.0
1081.0,6.154539239363472,6.211981308457971,7.4600962120241325,7.5,5.0,5.0
1082.0,6.154555979271418,6.2119988812305955,7.4600962120241325,7.5,5.0,5.0
1083.0,6.154572695988545,6.212016429658577,7.4600962120241325,7.5,5.0,5.0
1084.0,6.154589389568346,6.212033953798077,7.4600962120241325,7.5,5.0,5.0
1085.0,6.1546060600641415,6.212051453705069,7.4600962120241325,7.5,5.0,5.0
1086.0,6.154622707529088,6.21206892943535,7.4600962120241325,7.5,5.0,5.0
1087.0,6.154639332016163,6.212086381044539,7.4600962120241325,7.5,5.0,5.0
1088.0,6.154655933578178,6.212103808588073,7.4600962120241325,7.5,5.0,5.0
1089.0,6.154672512267781,6.212121212121212,7.4600962120241325,7.5,5.0,5.0
1090.0,6.154689068137433,6.212138591699038,7.4600962120241325,7.5,5.0,5.0
1091.0,6.15470560123944,6.212155947376458,7.4600962120241325,7.5,5.0,5.0
1092.0,6.154722111625944,6.2121732792082005,7.4600962120241325,7.5,5.0,5.0
1093.0,6.154738599348904,6.212190587248819,7.4600962120241325,7.5,5.0,5.0
1094.0,6.154755064460133,6.212207871552693,7.4600962120241325,7.5,5.0,5.0
1095.0,6.1547715070112625,6.21222513217403,7.4600962120241325,7.5,5.0,5.0
1096.0,6.154787927053759,6.212242369166863,7.4600962120241325,7.5,5.0,5.0
1097.0,6.154804324638943,6.212259582585052,7.4600962120241325,7.5,5.0,5.0
1098.0,6.154820699817943,6.212276772482284,7.4600962120241325,7.5,5.0,5.0
1099.0,6.154837052641751,6.212293938912078,7.4600962120241325,7.5,5.0,5.0
1100.0,6.15485338316118,6.21231108192778,7.4600962120241325,7.5,5.0,5.0
1101.0,6.1548696914268985,6.212328201582569,7.4600962120241325,7.5,5.0,5.0
1102.0,6.154885977489389,6.212345297929452,7.4600962120241325,7.5,5.0,5.0
1103.0,6.154902241398992,6.212362371021271,7.4600962120241325,7.5,5.0,5.0
1104.0,6.154918483205887,6.212379420910697,7.4600962120241325,7.5,5.0,5.0
1105.0,6.154934702960085,6.212396447650239,7.4600962120241325,7.5,5.0,5.0
1106.0,6.154950900711453,6.2124134512922335,7.4600962120241325,7.5,5.0,5.0
1107.0,6.1549670765096876,6.212430431888857,7.4600962120241325,7.5,5.0,5.0
1108.0,6.154983230404334,6.212447389492119,7.4600962120241325,7.5,5.0,5.0
1109.0,6.154999362444781,6.2124643241538635,7.4600962120241325,7.5,5.0,5.0
1110.0,6.155015472680257,6.212481235925772,7.4600962120241325,7.5,5.0,5.0
1111.0,6.155031561159848,6.212498124859363,7.4600962120241325,7.5,5.0,5.0
1112.0,6.155047627932471,6.212514991005996,7.4600962120241325,7.5,5.0,5.0
1113.0,6.155063673046892,6.212531834416865,7.4600962120241325,7.5,5.0,5.0
1114.0,6.155079696551728,6.212548655143001,7.4600962120241325,7.5,5.0,5.0
1115.0,6.155095698495446,6.212565453235282,7.4600962120241325,7.5,5.0,5.0
1116.0,6.155111678926356,6.212582228744422,7.4600962120241325,7.5,5.0,5.0
1117.0,6.155127637892615,6.212598981720975,7.4600962120241325,7.5,5.0,5.0
1118.0,6.155143575442228,6.212615712215339,7.4600962120241325,7.5,5.0,5.0
1119.0,6.155159491623061,6.212632420277753,7.4600962120241325,7.5,5.0,5.0
1120.0,6.155175386482819,6.212649105958299,7.4600962120241325,7.5,5.0,5.0
1121.0,6.155191260069064,6.212665769306906,7.4600962120241325,7.5,5.0,5.0
1122.0,6.155207112429201,6.212682410373342,7.4600962120241325,7.5,5.0,5.0
1123.0,6.155222943610502,6.212699029207222,7.4600962120241325,7.5,5.0,5.0
1124.0,6.155238753660082,6.2127156258580065,7.4600962120241325,7.5,5.0,5.0
1125.0,6.155254542624903,6.2127322003750045,7.4600962120241325,7.5,5.0,5.0
1126.0,6.1552703105517965,6.212748752807364,7.4600962120241325,7.5,5.0,5.0
1127.0,6.155286057487445,6.212765283204093,7.4600962120241325,7.5,5.0,5.0
1128.0,6.15530178347837,6.212781791614037,7.4600962120241325,7.5,5.0,5.0
1129.0,6.155317488570967,6.2127982780858915,7.4600962120241325,7.5,5.0,5.0
1130.0,6.155333172811477,6.212814742668204,7.4600962120241325,7.5,5.0,5.0
1131.0,6.155348836246014,6.212831185409371,7.4600962120241325,7.5,5.0,5.0
1132.0,6.155364478920521,6.2128476063576406,7.4600962120241325,7.5,5.0,5.0
1133.0,6.155380100880831,6.212864005561105,7.4600962120241325,7.5,5.0,5.0
1134.0,6.155395702172616,6.21288038306772,7.4600962120241325,7.5,5.0,5.0
1135.0,6.1554112828414045,6.212896738925281,7.4600962120241325,7.5,5.0,5.0
1136.0,6.155426842932601,6.212913073181442,7.4600962120241325,7.5,5.0,5.0
1137.0,6.155442382491453,6.2129293858837125,7.4600962120241325,7.5,5.0,5.0
1138.0,6.155457901563081,6.212945677079453,7.4600962120241325,7.5,5.0,5.0
1139.0,6.155473400192461,6.212961946815877,7.4600962120241325,7.5,5.0,5.0
1140.0,6.155488878424436,6.212978195140057,7.4600962120241325,7.5,5.0,5.0
1141.0,6.155504336303701,6.212994422098916,7.4600962120241325,7.5,5.0,5.0
1142.0,6.155519773874825,6.213010627739238,7.4600962120241325,7.5,5.0,5.0
1143.0,6.155535191182237,6.213026812107661,7.4600962120241325,7.5,5.0,5.0
1144.0,6.155550588270226,6.213042975250683,7.4600962120241325,7.5,5.0,5.0
1145.0,6.155565965182947,6.213059117214653,7.4600962120241325,7.5,5.0,5.0
1146.0,6.15558132196443,6.213075238045788,7.4600962120241325,7.5,5.0,5.0
1147.0,6.155596658658563,6.213091337790157,7.4600962120241325,7.5,5.0,5.0
1148.0,6.155611975309092,6.21310741649369,7.4600962120241325,7.5,5.0,5.0
1149.0,6.155627271959636,6.213123474202179,7.4600962120241325,7.5,5.0,5.0
1150.0,6.155642548653691,6.213139510961276,7.4600962120241325,7.5,5.0,5.0
1151.0,6.155657805434606,6.213155526816491,7.4600962120241325,7.5,5.0,5.0
1152.0,6.155673042345611,6.2131715218132015,7.4600962120241325,7.5,5.0,5.0
1153.0,6.155688259429792,6.21318749599664,7.4600962120241325,7.5,5.0,5.0
1154.0,6.155703456730114,6.213203449411909,7.4600962120241325,7.5,5.0,5.0
1155.0,6.1557186342894115,6.2132193821039685,7.4600962120241325,7.5,5.0,5.0
1156.0,6.155733792150378,6.213235294117648,7.4600962120241325,7.5,5.0,5.0
1157.0,6.155748930355589,6.213251185497633,7.4600962120241325,7.5,5.0,5.0
1158.0,6.1557640489474945,6.213267056288486,7.4600962120241325,7.5,5.0,5.0
1159.0,6.1557791479684045,6.213282906534623,7.4600962120241325,7.5,5.0,5.0
1160.0,6.155794227460508,6.213298736280331,7.4600962120241325,7.5,5.0,5.0
1161.0,6.155809287465868,6.213314545569766,7.4600962120241325,7.5,5.0,5.0
1162.0,6.155824328026408,6.213330334446947,7.4600962120241325,7.5,5.0,5.0
1163.0,6.155839349183958,6.213346102955761,7.4600962120241325,7.5,5.0,5.0
1164.0,6.155854350980177,6.2133618511399655,7.4600962120241325,7.5,5.0,5.0
1165.0,6.155869333456633,6.213377579043184,7.4600962120241325,7.5,5.0,5.0
1166.0,6.155884296654752,6.213393286708911,7.4600962120241325,7.5,5.0,5.0
1167.0,6.155899240615852,6.213408974180509,7.4600962120241325,7.5,5.0,5.0
1168.0,6.155914165381108,6.213424641501209,7.4600962120241325,7.5,5.0,5.0
1169.0,6.155929070991584,6.213440288714118,7.4600962120241325,7.5,5.0,5.0
1170.0,6.155943957488219,6.213455915862207,7.4600962120241325,7.5,5.0,5.0
1171.0,6.155958824911827,6.213471522988325,7.4600962120241325,7.5,5.0,5.0
1172.0,6.1559736733031,6.213487110135189,7.4600962120241325,7.5,5.0,5.0
1173.0,6.155988502702611,6.213502677345389,7.4600962120241325,7.5,5.0,5.0
1174.0,6.15600331315081,6.213518224661389,7.4600962120241325,7.5,5.0,5.0
1175.0,6.156018104688032,6.213533752125526,7.4600962120241325,7.5,5.0,5.0
1176.0,6.156032877354486,6.213549259780013,7.4600962120241325,7.5,5.0,5.0
1177.0,6.156047631190257,6.213564747666933,7.4600962120241325,7.5,5.0,5.0
1178.0,6.156062366235321,6.213580215828246,7.4600962120241325,7.5,5.0,5.0
1179.0,6.15607708252953,6.213595664305789,7.4600962120241325,7.5,5.0,5.0
1180.0,6.1560917801126225,6.213611093141276,7.4600962120241325,7.5,5.0,5.0
1181.0,6.15610645902421,6.213626502376293,7.4600962120241325,7.5,5.0,5.0
1182.0,6.156121119303796,6.213641892052303,7.4600962120241325,7.5,5.0,5.0
1183.0,6.156135760990765,6.213657262210652,7.4600962120241325,7.5,5.0,5.0
1184.0,6.15615038412438,6.213672612892556,7.4600962120241325,7.5,5.0,5.0
1185.0,6.156164988743786,6.213687944139117,7.4600962120241325,7.5,5.0,5.0
1186.0,6.1561795748880295,6.21370325599131,7.4600962120241325,7.5,5.0,5.0
1187.0,6.156194142596024,6.213718548489991,7.4600962120241325,7.5,5.0,5.0
1188.0,6.156208691906576,6.213733821675897,7.4600962120241325,7.5,5.0,5.0
1189.0,6.156223222858373,6.213749075589641,7.4600962120241325,7.5,5.0,5.0
1190.0,6.156237735489994,6.213764310271722,7.4600962120241325,7.5,5.0,5.0
1191.0,6.1562522298398985,6.213779525762516,7.4600962120241325,7.5,5.0,5.0
1192.0,6.156266705946448,6.213794722102282,7.4600962120241325,7.5,5.0,5.0
1193.0,6.156281163847869,6.21380989933116,7.4600962120241325,7.5,5.0,5.0
1194.0,6.156295603582299,6.213825057489173,7.4600962120241325,7.5,5.0,5.0
1195.0,6.156310025187738,6.213840196616227,7.4600962120241325,7.5,5.0,5.0
1196.0,6.156324428702098,6.21385531675211,7.4600962120241325,7.5,5.0,5.0
1197.0,6.156338814163176,6.213870417936494,7.4600962120241325,7.5,5.0,5.0
1198.0,6.156353181608637,6.213885500208939,7.4600962120241325,7.5,5.0,5.0
1199.0,6.156367531076071,6.213900563608881,7.4600962120241325,7.5,5.0,5.0
1200.0,6.1563818626029265,6.213915608175649,7.4600962120241325,7.5,5.0,5.0
