"tick","donation-normed-big","donation-big group","donation-valued-big"
1.0,92.5,92.82009219983227,95.0
2.0,92.5,92.8175003175004,95.0
3.0,92.5,92.81497039417442,95.0
4.0,92.5,92.8125,95.0
5.0,92.5,92.81008683647293,95.0
6.0,92.5,92.80772872744826,95.0
7.0,92.5,92.80542361089078,95.0
8.0,92.5,92.80316953129545,95.0
9.0,92.5,92.8009646327145,95.0
10.0,92.5,92.7988071523335,95.0
11.0,92.5,92.79669541454852,95.0
12.0,92.5,92.79462782549429,95.0
13.0,92.5,92.79260286799034,95.0
14.0,92.5,92.79061909685963,95.0
15.0,92.5,92.78867513459492,95.0
16.0,92.5,92.7867696673383,95.0
17.0,92.5,92.78490144114919,94.99999999999999
18.0,92.5,92.78306925853605,95.00000000000001
19.0,92.5,92.7812719752316,95.00000000000001
20.0,92.5,92.77950849718756,95.0
21.0,92.5,92.77777777777767,95.00000000000001
22.0,92.5,92.77607881518718,95.0
23.0,92.5,92.7744106499741,95.0
24.0,92.5,92.77277236279498,95.0
25.0,92.5,92.77116307227332,94.99999999999999
26.0,92.5,92.76958193300857,94.99999999999999
27.0,92.5,92.76802813370954,95.0
28.0,92.5,92.76650089544454,95.0
29.0,92.5,92.76499947000147,94.99999999999999
30.0,92.5,92.7635231383474,95.0
31.0,92.5,92.76207120918048,95.0
32.0,92.5,92.76064301757128,95.0
33.0,92.5,92.75923792368273,95.0
34.0,92.5,92.7578553115646,95.00000000000001
35.0,92.5,92.75649458802128,95.0
36.0,92.5,92.75515518153982,94.99999999999999
37.0,92.5,92.75383654128352,95.00000000000001
38.0,92.5,92.75253813613811,95.0
39.0,92.5,92.7512594538148,95.0
40.0,92.5,92.75,95.0
41.0,92.5,92.74875929755241,95.0
42.0,92.5,92.74753688574408,95.0
43.0,92.5,92.74633231954097,94.99999999999999
44.0,92.5,92.7451451689228,94.99999999999999
45.0,92.5,92.74397501823722,95.0
46.0,92.5,92.74282146558927,95.00000000000001
47.0,92.5,92.7416841222614,95.0
48.0,92.5,92.7405626121624,95.0
49.0,92.29865330272499,86.56658222662888,88.66197183098593
50.0,92.29865330272499,86.57152875340184,88.66197183098592
51.0,92.29865330272499,86.57648901525918,88.66197183098592
52.0,92.29865330272499,86.58146270492405,88.66197183098592
53.0,92.29865330272499,86.58304767774737,88.66197183098592
54.0,92.29865330272499,86.63037421815883,88.66197183098593
55.0,92.29865330272499,86.76068486149829,88.66197183098592
56.0,92.29865330272499,87.1165478279887,88.66197183098593
57.0,92.29865330272499,88.08550419430566,88.66197183098592
58.0,92.29865330272499,90.62767448749155,88.66197183098593
59.0,92.29865330272499,90.71449277034668,88.66197183098592
60.0,92.29865330272499,90.79011510098732,88.6619718309859
61.0,92.29865330272499,90.8567409427116,88.66197183098592
62.0,92.29865330272499,90.91600920011251,88.66197183098592
63.0,92.29865330272499,90.96916945426952,88.66197183098592
64.0,92.29865330272499,91.01719332094821,88.66197183098592
65.0,92.29865330272499,91.06084920047518,88.66197183098592
66.0,92.29865330272499,91.10075384175015,88.66197183098592
67.0,92.29865330272499,91.13740876694398,88.66197183098592
68.0,92.29865330272499,91.17122654429728,88.66197183098592
69.0,92.29865330272499,91.20255009190227,88.6619718309859
70.0,92.29865330272499,91.2316670968057,88.66197183098592
71.0,92.29865330272499,91.25882094604691,88.66197183098592
72.0,92.29865330272499,91.2842191248828,88.66197183098592
73.0,92.29865330272499,91.30803974777358,88.66197183098592
74.0,92.29865330272499,91.33043669373492,88.66197183098593
75.0,92.29865330272499,91.35154368534828,88.66197183098592
76.0,92.29865330272499,91.37147755898016,88.66197183098592
77.0,92.29865330272499,91.39034090914484,88.66197183098592
78.0,92.29865330272499,91.40822424380657,88.66197183098593
79.0,92.29865330272499,91.42520775404508,88.66197183098592
80.0,92.29865330272499,91.44136277705209,88.66197183098592
81.0,92.29865330272499,91.45675301335604,88.66197183098593
82.0,92.29865330272499,91.47143554561454,88.66197183098592
83.0,92.29865330272499,91.48546169610846,88.66197183098592
84.0,92.29865330272499,91.49887775227076,88.66197183098592
85.0,92.29865330272499,91.51172558359768,88.66197183098592
86.0,92.29865330272499,91.5240431686496,88.66197183098592
87.0,92.29865330272499,91.53586504722834,88.66197183098592
88.0,92.29865330272499,91.54722270996778,88.66197183098592
89.0,92.29865330272499,91.55814493532313,88.66197183098593
90.0,92.29865330272499,91.56865808215194,88.66197183098593
91.0,92.29865330272499,91.5787863446401,88.66197183098592
92.0,92.29865330272499,91.588551975167,88.66197183098593
93.0,92.29865330272499,91.5979754797686,88.66197183098592
94.0,92.29865330272499,91.60707579009646,88.6619718309859
95.0,92.29865330272499,91.6158704151318,88.66197183098592
96.0,92.29865330272499,91.62437557542282,88.66197183098593
97.0,92.29865330272499,91.63260632216677,88.66197183098592
98.0,92.29865330272499,91.64057664312294,88.66197183098593
99.0,92.29865330272499,91.64829955704052,88.66197183098592
100.0,92.29865330272499,91.655787198045,88.66197183098592
101.0,92.29865330272499,91.6630508912232,88.66197183098593
102.0,92.29865330272499,91.67010122046666,88.66197183098592
103.0,92.29865330272499,91.67694808949875,88.66197183098592
104.0,92.29865330272499,91.68360077687379,88.66197183098592
105.0,92.29865330272499,91.69006798564493,88.66197183098592
106.0,92.29865330272499,91.69635788829864,88.66197183098593
107.0,92.29865330272499,91.70247816747575,88.66197183098592
108.0,92.29865330272499,91.70843605294601,88.66197183098592
109.0,92.29865330272499,91.71423835522975,88.66197183098593
110.0,92.29865330272499,91.71989149622185,88.66197183098592
111.0,92.29865330272499,91.72540153713064,88.66197183098592
112.0,92.29865330272499,91.73077420400331,88.66197183098592
113.0,92.29865330272499,91.7360149110816,88.66197183098592
114.0,92.29865330272499,91.74112878220042,88.66197183098592
115.0,92.29865330272499,91.74612067042341,88.66197183098592
116.0,92.29865330272499,91.75099517608025,88.66197183098592
117.0,92.08479550348521,86.05367056805791,83.1578947368421
118.0,92.08479550348521,86.06354656204222,83.15789473684211
119.0,92.08479550348521,86.07332452140504,83.15789473684211
120.0,92.08479550348521,86.0830079427318,83.15789473684212
121.0,92.08479550348521,86.08944437205268,83.1578947368421
122.0,92.08479550348521,86.13821378329614,83.15789473684211
123.0,92.08479550348521,86.26386812110864,83.15789473684211
124.0,92.08479550348521,86.59866633333132,83.15789473684211
125.0,92.08479550348521,87.50212043868738,83.15789473684211
126.0,92.08479550348521,89.86490532899369,83.15789473684211
127.0,92.08479550348521,89.94985645149286,83.15789473684211
128.0,92.08479550348521,90.02433910000254,83.15789473684211
129.0,92.08479550348521,90.0903961466886,83.15789473684211
130.0,92.08479550348521,90.14955034675006,83.15789473684211
131.0,92.08479550348521,90.20296319327431,83.15789473684211
132.0,92.08479550348521,90.2515382258244,83.1578947368421
133.0,92.08479550348521,90.2959903783585,83.15789473684211
134.0,92.08479550348521,90.33689381807338,83.1578947368421
135.0,92.08479550348521,90.37471573972441,83.15789473684211
136.0,92.08479550348521,90.40984074209126,83.15789473684211
137.0,92.08479550348521,90.44258873927124,83.15789473684211
138.0,92.08479550348521,90.4732283403869,83.15789473684211
139.0,92.08479550348521,90.5019869933145,83.1578947368421
140.0,92.08479550348521,90.52905877860698,83.15789473684211
141.0,92.08479550348521,90.55461047105882,83.15789473684211
142.0,92.08479550348521,90.57878630640843,83.15789473684211
143.0,92.08479550348521,90.60171176795208,83.15789473684211
144.0,92.08479550348521,90.62349662271505,83.1578947368421
145.0,92.08479550348521,90.64423737689758,83.15789473684212
146.0,92.08479550348521,90.66401927750572,83.15789473684211
147.0,92.08479550348521,90.68291795611336,83.15789473684211
148.0,92.08479550348521,90.70100078802842,83.1578947368421
149.0,92.08479550348521,90.7183280233525,83.15789473684211
150.0,92.08479550348521,90.73495373386477,83.15789473684211
151.0,92.08479550348521,90.75092661017737,83.15789473684212
152.0,92.08479550348521,90.7662906363843,83.15789473684212
153.0,92.08479550348521,90.78108566386774,83.15789473684211
154.0,92.08479550348521,90.79534790161685,83.1578947368421
155.0,92.08479550348521,90.8091103370633,83.15789473684211
156.0,92.08479550348521,90.82240309878917,83.1578947368421
157.0,92.08479550348521,90.83525377037188,83.15789473684211
158.0,92.08479550348521,90.84768766297516,83.15789473684211
159.0,92.08479550348521,90.85972805294617,83.1578947368421
160.0,92.08479550348521,90.87139638962265,83.15789473684211
161.0,92.08479550348521,90.88271247766515,83.15789473684211
162.0,92.08479550348521,90.89369463753681,83.15789473684211
163.0,92.08479550348521,90.90435984716184,83.15789473684211
164.0,92.08479550348521,90.91472386732165,83.15789473684211
165.0,92.08479550348521,90.92480135295843,83.15789473684211
166.0,92.08479550348521,90.93460595221698,83.15789473684212
167.0,92.08479550348521,90.94415039480184,83.1578947368421
168.0,92.08479550348521,90.95344657098201,83.15789473684211
169.0,92.08479550348521,90.96250560239835,83.1578947368421
170.0,92.08479550348521,90.97133790565972,83.15789473684211
171.0,92.08479550348521,90.97995324958536,83.15789473684211
172.0,92.08479550348521,90.98836080682962,83.15789473684211
173.0,92.08479550348521,90.99656920053303,83.15789473684212
174.0,92.08479550348521,91.00458654655709,83.1578947368421
175.0,92.08479550348521,91.01242049179075,83.15789473684211
176.0,92.08479550348521,91.02007824895237,83.15789473684212
177.0,92.08479550348521,91.02756662826596,83.15789473684211
178.0,92.08479550348521,91.0348920663336,83.15789473684211
179.0,92.08479550348521,91.04206065249825,83.15789473684211
180.0,92.08479550348521,91.04907815294885,83.15789473684211
181.0,92.08479550348521,91.05595003279522,83.1578947368421
182.0,92.08479550348521,91.06268147631239,83.15789473684211
183.0,92.08479550348521,91.06927740553054,83.15789473684211
184.0,92.08479550348521,91.07574249733212,83.1578947368421
185.0,92.08479550348521,91.08208119919023,83.15789473684211
186.0,92.08479550348521,91.08829774368157,83.15789473684211
187.0,92.08479550348521,91.09439616188209,83.15789473684211
188.0,92.08479550348521,91.10038029574466,83.15789473684211
189.0,92.08479550348521,91.1062538095533,83.15789473684211
190.0,92.08479550348521,91.11202020053096,83.15789473684211
191.0,92.08479550348521,91.11768280867742,83.15789473684211
192.0,92.08479550348521,91.12324482590088,83.15789473684211
193.0,92.08479550348521,91.12870930450123,83.15789473684211
194.0,92.08479550348521,91.13407916506411,83.1578947368421
195.0,92.08479550348521,91.13935720380792,83.15789473684211
196.0,92.08479550348521,91.14454609943157,83.15789473684211
197.0,91.87723170450577,85.83693692829708,78.33333333333334
198.0,91.87723170450577,85.84681341022056,78.33333333333333
199.0,91.87723170450577,85.85661318811799,78.33333333333333
200.0,91.87723170450577,85.86633839038916,78.33333333333334
201.0,91.87723170450577,85.87304155809977,78.33333333333333
202.0,91.87723170450577,85.91932233712672,78.33333333333333
203.0,91.87723170450577,86.03747325485199,78.33333333333333
204.0,91.87723170450577,86.35110728891328,78.33333333333333
205.0,91.87723170450577,87.196236159415,78.33333333333333
206.0,91.87723170450577,89.40531508050984,78.33333333333333
207.0,91.87723170450577,89.48545832928248,78.33333333333334
208.0,91.87723170450577,89.55582432571381,78.33333333333333
209.0,91.87723170450577,89.61832177984283,78.33333333333333
210.0,91.87723170450577,89.67437332111452,78.33333333333334
211.0,91.87723170450577,89.72506396711061,78.33333333333333
212.0,91.87723170450577,89.77123767697827,78.33333333333333
213.0,91.87723170450577,89.81356216421197,78.33333333333334
214.0,91.87723170450577,89.85257360645694,78.33333333333333
215.0,91.87723170450577,89.88870822896102,78.33333333333333
216.0,91.87723170450577,89.92232508590217,78.33333333333333
217.0,91.87723170450577,89.95372279927231,78.33333333333333
218.0,91.87723170450577,89.98315206248921,78.33333333333333
219.0,91.87723170450577,90.01082511966325,78.33333333333333
220.0,91.87723170450577,90.0369230487485,78.33333333333333
221.0,91.87723170450577,90.0616014256605,78.33333333333334
222.0,91.87723170450577,90.08499477825751,78.33333333333333
223.0,91.87723170450577,90.1072201243719,78.33333333333333
224.0,91.87723170450577,90.12837980852181,78.33333333333333
225.0,91.87723170450577,90.14856379592568,78.33333333333333
226.0,91.87723170450577,90.16785154242511,78.33333333333333
227.0,91.87723170450577,90.18631352998655,78.33333333333334
228.0,91.87723170450577,90.20401253626534,78.33333333333333
229.0,91.87723170450577,90.22100469101947,78.33333333333333
230.0,91.87723170450577,90.23734036043176,78.33333333333333
231.0,91.87723170450577,90.25306489153597,78.33333333333334
232.0,91.87723170450577,90.26821924217916,78.33333333333333
233.0,91.87723170450577,90.28284051677043,78.33333333333333
234.0,91.87723170450577,90.29696242403612,78.33333333333333
235.0,91.87723170450577,90.31061566986114,78.33333333333333
236.0,91.87723170450577,90.32382829583389,78.33333333333333
237.0,91.87723170450577,90.33662597215063,78.33333333333333
238.0,91.87723170450577,90.34903225198396,78.33333333333333
239.0,91.87723170450577,90.36106879317323,78.33333333333333
240.0,91.87723170450577,90.37275555209283,78.33333333333333
241.0,91.87723170450577,90.38411095373094,78.33333333333333
242.0,91.87723170450577,90.39515204136427,78.33333333333333
243.0,91.87723170450577,90.4058946086606,78.33333333333333
244.0,91.87723170450577,90.41635331659839,78.33333333333333
245.0,91.87723170450577,90.42654179723061,78.33333333333333
246.0,91.87723170450577,90.43647274600546,78.33333333333333
247.0,91.87723170450577,90.44615800411236,78.33333333333333
248.0,91.87723170450577,90.45560863210045,78.33333333333334
249.0,91.87723170450577,90.46483497584943,78.33333333333333
250.0,91.87723170450577,90.47384672581185,78.33333333333333
251.0,91.87723170450577,90.4826529703256,78.33333333333333
252.0,91.87723170450577,90.49126224368895,78.33333333333333
253.0,91.87723170450577,90.49968256959627,78.33333333333333
254.0,91.87723170450577,90.50792150045322,78.33333333333333
255.0,91.87723170450577,90.5159861530298,78.33333333333333
256.0,91.87723170450577,90.52388324084984,78.33333333333333
257.0,91.87723170450577,90.53161910365908,78.33333333333333
258.0,91.87723170450577,90.53919973428606,78.33333333333333
259.0,91.87723170450577,90.54663080316226,78.33333333333333
260.0,91.87723170450577,90.55391768073753,78.33333333333333
261.0,91.87723170450577,90.56106545800485,78.33333333333333
262.0,91.87723170450577,90.56807896531937,78.33333333333333
263.0,91.87723170450577,90.57496278967882,78.33333333333333
264.0,91.87723170450577,90.58172129060719,78.33333333333333
265.0,91.87723170450577,90.58835861478293,78.33333333333334
266.0,91.87723170450577,90.59487870951673,78.33333333333333
267.0,91.87723170450577,90.60128533519604,78.33333333333333
268.0,91.87723170450577,90.60758207677836,78.33333333333333
269.0,91.87723170450577,90.6137723544272,78.33333333333333
270.0,91.87723170450577,90.61985943335915,78.33333333333333
271.0,91.87723170450577,90.62584643297595,78.33333333333333
272.0,91.87723170450577,90.63173633533786,78.33333333333333
273.0,91.87723170450577,90.63753199303768,78.33333333333333
274.0,91.87723170450577,90.64323613652128,78.33333333333333
275.0,91.87723170450577,90.6488513809052,78.33333333333334
276.0,91.87723170450577,90.65438023232697,78.33333333333333
277.0,91.67682267526207,85.68445329750557,74.06976744186048
278.0,91.67682267526207,85.69435525491188,74.06976744186048
279.0,91.67682267526207,85.70418236161122,74.06976744186048
280.0,91.67682267526207,85.71393661969114,74.06976744186046
281.0,91.67682267526207,85.72085162359741,74.06976744186046
282.0,91.67682267526207,85.76491033225173,74.06976744186045
283.0,91.67682267526207,85.87642170367461,74.06976744186045
284.0,91.67682267526207,86.17140576791935,74.06976744186048
285.0,91.67682267526207,86.96523465849774,74.06976744186046
286.0,91.67682267526207,89.03922985253385,74.06976744186045
287.0,91.67682267526207,89.11505690982895,74.06976744186048
288.0,91.67682267526207,89.18170448652143,74.06976744186046
289.0,91.67682267526207,89.24096405875987,74.06976744186046
290.0,91.67682267526207,89.29417088008084,74.06976744186045
291.0,91.67682267526207,89.34234333039403,74.06976744186046
292.0,91.67682267526207,89.38627353857365,74.06976744186045
293.0,91.67682267526207,89.4265882140793,74.06976744186045
294.0,91.67682267526207,89.46379061043162,74.06976744186046
295.0,91.67682267526207,89.49829016862422,74.06976744186046
296.0,91.67682267526207,89.5304238990855,74.06976744186046
297.0,91.67682267526207,89.5604720923554,74.06976744186046
298.0,91.67682267526207,89.58867005464603,74.06976744186046
299.0,91.67682267526207,89.61521700482443,74.06976744186045
300.0,91.67682267526207,89.64028291018204,74.06976744186046
301.0,91.67682267526207,89.66401380261782,74.06976744186046
302.0,91.67682267526207,89.68653595901975,74.06976744186048
303.0,91.67682267526207,89.70795922195867,74.06976744186048
304.0,91.67682267526207,89.72837966214445,74.06976744186046
305.0,91.67682267526207,89.74788173151576,74.06976744186048
306.0,91.67682267526207,89.76654001829402,74.06976744186046
307.0,91.67682267526207,89.78442068815546,74.06976744186046
308.0,91.67682267526207,89.80158267580147,74.06976744186048
309.0,91.67682267526207,89.81807867647358,74.06976744186046
310.0,91.67682267526207,89.83395597594657,74.06976744186046
311.0,91.67682267526207,89.8492571492188,74.06976744186046
312.0,91.67682267526207,89.86402065177255,74.06976744186046
313.0,91.67682267526207,89.87828132240524,74.06976744186048
314.0,91.67682267526207,89.89207081286077,74.06976744186046
315.0,91.67682267526207,89.90541795653253,74.06976744186045
316.0,91.67682267526207,89.91834908620669,74.06976744186046
317.0,91.67682267526207,89.93088830896856,74.06976744186046
318.0,91.67682267526207,89.94305774494092,74.06976744186046
319.0,91.67682267526207,89.95487773535275,74.06976744186048
320.0,91.67682267526207,89.96636702448913,74.06976744186046
321.0,91.67682267526207,89.97754291932269,74.06976744186048
322.0,91.67682267526207,89.9884214299876,74.06976744186046
323.0,91.67682267526207,89.99901739376226,74.06976744186045
324.0,91.67682267526207,90.00934458480513,74.06976744186048
325.0,91.67682267526207,90.01941581153802,74.06976744186045
326.0,91.67682267526207,90.02924300329407,74.06976744186046
327.0,91.67682267526207,90.03883728759928,74.06976744186046
328.0,91.67682267526207,90.0482090592696,74.06976744186046
329.0,91.67682267526207,90.05736804232197,74.06976744186048
330.0,91.67682267526207,90.06632334557722,74.06976744186046
331.0,91.67682267526207,90.07508351269273,74.06976744186046
332.0,91.67682267526207,90.08365656728412,74.06976744186046
333.0,91.67682267526207,90.09205005368723,74.06976744186046
334.0,91.67682267526207,90.10027107385802,74.06976744186046
335.0,91.67682267526207,90.10832632083348,74.06976744186046
336.0,91.67682267526207,90.1162221091262,74.06976744186048
337.0,91.67682267526207,90.12396440238437,74.06976744186045
338.0,91.67682267526207,90.13155883859766,74.06976744186046
339.0,91.67682267526207,90.13901075311104,74.06976744186048
340.0,91.67682267526207,90.14632519966007,74.06976744186046
341.0,91.67682267526207,90.15350696963476,74.06976744186045
342.0,91.67682267526207,90.16056060974049,74.06976744186048
343.0,91.67682267526207,90.16749043821414,74.06976744186048
344.0,91.67682267526207,90.17430055973333,74.06976744186046
345.0,91.67682267526207,90.18099487914229,74.06976744186046
346.0,91.67682267526207,90.18757711410238,74.06976744186046
347.0,91.67682267526207,90.1940508067696,74.06976744186048
348.0,91.67682267526207,90.20041933458202,74.06976744186046
349.0,91.48321395625972,85.52956873473225,70.27472527472527
350.0,91.48321395625972,85.5399664237551,70.27472527472527
351.0,91.48321395625972,85.55027345869667,70.27472527472527
352.0,91.48321395625972,85.56049249639742,70.27472527472528
353.0,91.48321395625972,85.56801854321785,70.27472527472527
354.0,91.48321395625972,85.61051290456065,70.27472527472527
355.0,91.48321395625972,85.71652474743615,70.27472527472528
356.0,91.48321395625972,85.9953358898001,70.27472527472528
357.0,91.48321395625972,86.74400118072029,70.27472527472527
358.0,91.48321395625972,88.69846087794137,70.27472527472527
359.0,91.48321395625972,88.7707977670925,70.27472527472527
360.0,91.48321395625972,88.83447385872465,70.27472527472527
361.0,91.48321395625972,88.8911770563954,70.27472527472527
362.0,91.48321395625972,88.94216551704947,70.27472527472527
363.0,91.48321395625972,88.9883989075056,70.27472527472527
364.0,91.48321395625972,89.03062376465513,70.27472527472527
365.0,91.48321395625972,89.06943079495188,70.27472527472528
366.0,91.48321395625972,89.10529440161189,70.27472527472527
367.0,91.48321395625972,89.1386006072555,70.27472527472527
368.0,91.48321395625972,89.16966719489307,70.27472527472527
369.0,91.48321395625972,89.19875850695905,70.27472527472528
370.0,91.48321395625972,89.22609650006846,70.27472527472527
371.0,91.48321395625972,89.25186912601106,70.27472527472527
372.0,91.48321395625972,89.27623677120275,70.27472527472527
373.0,91.48321395625972,89.29933726477226,70.27472527472528
374.0,91.48321395625972,89.3212898167685,70.27472527472527
375.0,91.48321395625972,89.34219814657823,70.27472527472527
376.0,91.48321395625972,89.3621529912973,70.27472527472527
377.0,91.48321395625972,89.38123413429274,70.27472527472527
378.0,91.48321395625972,89.3995120588105,70.27472527472527
379.0,91.48321395625972,89.41704930590595,70.27472527472527
380.0,91.48321395625972,89.4339015972422,70.27472527472527
381.0,91.48321395625972,89.45011876942554,70.27472527472528
382.0,91.48321395625972,89.46574555618034,70.27472527472527
383.0,91.48321395625972,89.48082224682149,70.27472527472527
384.0,91.48321395625972,89.49538524351667,70.27472527472527
385.0,91.48321395625972,89.50946753523834,70.27472527472527
386.0,91.48321395625972,89.52309910274623,70.27472527472528
387.0,91.48321395625972,89.53630726616542,70.27472527472527
388.0,91.48321395625972,89.5491169845483,70.27472527472527
389.0,91.48321395625972,89.56155111507157,70.27472527472527
390.0,91.48321395625972,89.57363063815298,70.27472527472527
391.0,91.48321395625972,89.5853748536662,70.27472527472527
392.0,91.48321395625972,89.59680155254354,70.27472527472527
393.0,91.48321395625972,89.6079271673405,70.27472527472527
394.0,91.48321395625972,89.61876690474969,70.27472527472527
395.0,91.48321395625972,89.62933486256816,70.27472527472527
396.0,91.48321395625972,89.63964413323528,70.27472527472527
397.0,91.48321395625972,89.6497068957298,70.27472527472528
398.0,91.48321395625972,89.65953449734319,70.27472527472527
399.0,91.48321395625972,89.66913752662578,70.27472527472527
400.0,91.48321395625972,89.67852587861093,70.27472527472527
401.0,91.48321395625972,89.68770881327067,70.27472527472527
402.0,91.48321395625972,89.69669500801565,70.27472527472528
403.0,91.48321395625972,89.70549260495018,70.27472527472527
404.0,91.48321395625972,89.71410925348619,70.27472527472527
405.0,91.48321395625972,89.72255214885297,70.27472527472527
406.0,91.48321395625972,89.73082806695946,70.27472527472527
407.0,91.48321395625972,89.73894339601408,70.27472527472527
408.0,91.48321395625972,89.74690416525065,70.27472527472527
409.0,91.29331625158166,85.36956155295628,66.875
410.0,91.29331625158166,85.38114630167377,66.875
411.0,91.29331625158166,85.39259987755293,66.87499999999999
412.0,91.29331625158166,85.40392686173476,66.87500000000001
413.0,91.29331625158166,85.41266926486685,66.87499999999999
414.0,91.29331625158166,85.45439304040228,66.875
415.0,91.29331625158166,85.5560593058662,66.87499999999999
416.0,91.29331625158166,85.82086611209037,66.875
417.0,91.29331625158166,86.52932826207088,66.87499999999999
418.0,91.29331625158166,88.3764064436353,66.875
419.0,91.29331625158166,88.44613619153279,66.875
420.0,91.29331625158166,88.5076566249129,66.875
421.0,91.29331625158166,88.56256286592524,66.875
422.0,91.29331625158166,88.61204415540209,66.875
423.0,91.29331625158166,88.65700780467078,66.875
424.0,91.29331625158166,88.69815980647125,66.87500000000001
425.0,91.29331625158166,88.73605894742538,66.87499999999999
426.0,91.29331625158166,88.77115413757438,66.875
427.0,91.29331625158166,88.80381078130752,66.875
428.0,91.29331625158166,88.83432979971379,66.87500000000001
429.0,91.29331625158166,88.86296160823706,66.87499999999999
430.0,91.29331625158166,88.88991655835129,66.875
431.0,91.29331625158166,88.91537285418246,66.87500000000001
432.0,91.29331625158166,88.93948263553641,66.875
433.0,91.29331625158166,88.96237670911229,66.875
434.0,91.29331625158166,88.98416826927543,66.875
435.0,91.29331625158166,89.0049558540026,66.87500000000001
436.0,91.29331625158166,89.02482571518976,66.87500000000001
437.0,91.29331625158166,89.04385373575978,66.87499999999999
438.0,91.29331625158166,89.06210699259277,66.875
439.0,91.29331625158166,89.07964504015342,66.875
440.0,91.29331625158166,89.09652097199016,66.87500000000001
441.0,91.29331625158166,89.11278230419047,66.87500000000001
442.0,91.29331625158166,89.12847171507023,66.875
443.0,91.29331625158166,89.14362766798509,66.875
444.0,91.29331625158166,89.15828493850279,66.875
445.0,91.29331625158166,89.17247506284532,66.875
446.0,91.29331625158166,89.1862267211476,66.87499999999999
447.0,91.29331625158166,89.19956606645972,66.875
448.0,91.29331625158166,89.21251700835819,66.87500000000001
449.0,91.29331625158166,89.22510145839584,66.87500000000001
450.0,91.29331625158166,89.23733954333125,66.87499999999999
451.0,91.29331625158166,89.2492497910235,66.87500000000001
452.0,91.29331625158166,89.26084929305487,66.87499999999999
453.0,91.29331625158166,89.27215384745053,66.87499999999999
454.0,91.29331625158166,89.28317808432261,66.875
455.0,91.29331625158166,89.29393557680595,66.875
456.0,91.29331625158166,89.30443893928465,66.875
457.0,91.29331625158166,89.31469991459944,66.87500000000001
458.0,91.29331625158166,89.32472945167426,66.875
459.0,91.29331625158166,89.33453777478269,66.875
460.0,91.29331625158166,89.34413444550387,66.875
461.0,91.29331625158166,89.3535284182657,66.87500000000001
462.0,91.29331625158166,89.36272809024793,66.875
463.0,91.29331625158166,89.371741346311,66.875
464.0,91.29331625158166,89.38057559953302,66.87499999999999
465.0,91.29331625158166,89.38923782784951,66.87499999999999
466.0,91.29331625158166,89.39773460723869,66.875
467.0,91.29331625158166,89.40607214182977,66.875
468.0,91.29331625158166,89.41425629126768,66.875
469.0,91.29331625158166,89.42229259562625,66.875
470.0,91.29331625158166,89.43018629812872,66.875
471.0,91.29331625158166,89.43794236589854,66.875
472.0,91.29331625158166,89.4455655089422,66.875
473.0,91.29331625158166,89.4530601975381,66.87500000000001
474.0,91.29331625158166,89.46043067819316,66.87500000000001
475.0,91.29331625158166,89.4676809882987,66.875
476.0,91.29331625158166,89.47481496961552,66.875
477.0,91.16597824596003,86.10588722411208,64.4
478.0,91.16597824596003,86.11584726129188,64.39999999999999
479.0,91.16597824596003,86.12570567496988,64.39999999999999
480.0,91.16597824596003,86.13546551240935,64.4
481.0,91.16597824596003,86.14323238631142,64.4
482.0,91.16597824596003,86.17641046867956,64.39999999999999
483.0,91.16597824596003,86.25577370067475,64.4
484.0,91.16597824596003,86.46083876036819,64.4
485.0,91.16597824596003,87.00774990508755,64.4
486.0,91.16597824596003,88.43199363953995,64.4
487.0,91.16597824596003,88.48673703204594,64.4
488.0,91.16597824596003,88.53515135140904,64.39999999999999
489.0,91.16597824596003,88.57846548962725,64.4
490.0,91.16597824596003,88.6175956153787,64.4
491.0,91.16597824596003,88.65324068069987,64.4
492.0,91.16597824596003,88.68594453244036,64.4
493.0,91.16597824596003,88.71613760604987,64.4
494.0,91.16597824596003,88.74416568777238,64.39999999999999
495.0,91.16597824596003,88.77031023303184,64.4
496.0,91.16597824596003,88.79480302263588,64.4
497.0,91.16597824596003,88.81783693198878,64.4
498.0,91.16597824596003,88.83957397581591,64.39999999999999
499.0,91.16597824596003,88.86015140733888,64.4
500.0,91.16597824596003,88.87968640468111,64.39999999999999
501.0,91.16597824596003,88.89827971572717,64.4
502.0,91.16597824596003,88.91601852446217,64.4
503.0,91.16597824596003,88.93297872804443,64.4
504.0,91.16597824596003,88.94922676267211,64.4
505.0,91.16597824596003,88.96482108028944,64.39999999999999
506.0,91.16597824596003,88.97981335242957,64.39999999999999
507.0,91.16597824596003,88.9942494588804,64.4
508.0,91.16597824596003,89.00817030522786,64.4
509.0,91.16597824596003,89.02161250323925,64.4
510.0,91.16597824596003,89.03460894050106,64.4
511.0,91.16597824596003,89.04718926002064,64.39999999999999
512.0,91.16597824596003,89.05938026616046,64.39999999999999
513.0,91.16597824596003,89.07120626992717,64.4
514.0,91.16597824596003,89.08268938405658,64.4
515.0,91.16597824596003,89.09384977630879,64.4
516.0,91.16597824596003,89.10470588780356,64.4
517.0,91.16597824596003,89.11527462196851,64.4
518.0,91.16597824596003,89.12557150867248,64.4
519.0,91.16597824596003,89.135610847309,64.4
520.0,91.16597824596003,89.14540583196217,64.4
521.0,91.16597824596003,89.15496866124344,64.4
522.0,91.16597824596003,89.1643106349854,64.39999999999999
523.0,91.16597824596003,89.17344223960734,64.4
524.0,91.16597824596003,89.18237322369986,64.4
525.0,91.16597824596003,89.19111266512475,64.4
526.0,91.16597824596003,89.1996690307399,64.4
527.0,91.16597824596003,89.20805022968926,64.4
528.0,91.16597824596003,89.2162636610675,64.4
529.0,91.16597824596003,89.2243162566459,64.4
530.0,91.16597824596003,89.23221451926096,64.4
531.0,91.16597824596003,89.23996455737307,64.4
532.0,91.16597824596003,89.24757211624565,64.39999999999999
533.0,91.16597824596003,89.25504260612713,64.39999999999999
534.0,91.16597824596003,89.26238112777384,64.39999999999999
535.0,91.16597824596003,89.26959249560497,64.4
536.0,91.16597824596003,89.27668125874803,64.4
537.0,91.16597824596003,89.28365172019798,64.4
538.0,91.16597824596003,89.29050795428986,64.4
539.0,91.16597824596003,89.29725382265582,64.4
540.0,91.16597824596003,89.30389298882301,64.39999999999999
541.0,91.16597824596003,89.31042893158596,64.4
542.0,91.16597824596003,89.31686495727507,64.4
543.0,91.16597824596003,89.32320421102828,64.39999999999999
544.0,91.16597824596003,89.32944968715987,64.4
545.0,91.16597824596003,89.33560423871239,64.4
546.0,91.16597824596003,89.34167058626595,64.4
547.0,91.16597824596003,89.34765132607453,64.4
548.0,91.16597824596003,89.35354893758705,64.4
549.0,91.16597824596003,89.35936579041145,64.4
550.0,91.16597824596003,89.36510415076644,64.4
551.0,91.16597824596003,89.37076618746876,64.4
552.0,91.16597824596003,89.376353977492,64.4
553.0,91.16597824596003,89.38186951113641,64.4
554.0,91.16597824596003,89.38731469683887,64.4
555.0,91.16597824596003,89.39269136565424,64.4
556.0,91.16597824596003,89.3980012754348,64.4
557.0,91.16597824596003,89.40324611472961,64.4
558.0,91.16597824596003,89.40842750642864,64.39999999999999
559.0,91.16597824596003,89.41354701116943,64.39999999999999
560.0,91.16597824596003,89.41860613052597,64.39999999999999
561.0,91.16597824596003,89.4236063099947,64.4
562.0,91.16597824596003,89.42854894179436,64.4
563.0,91.16597824596003,89.43343536749288,64.39999999999999
564.0,91.16597824596003,89.4382668804722,64.4
565.0,91.16597824596003,89.44304472824793,64.4
566.0,91.16597824596003,89.44777011464653,64.4
567.0,91.16597824596003,89.4524442018576,64.4
568.0,91.16597824596003,89.45706811236421,64.39999999999999
569.0,91.16597824596003,89.46164293076379,64.4
570.0,91.16597824596003,89.46616970548328,64.4
571.0,91.16597824596003,89.4706494504019,64.4
572.0,91.16597824596003,89.47508314637757,64.4
573.0,91.16597824596003,89.4794717426945,64.4
574.0,91.16597824596003,89.48381615842858,64.4
575.0,91.16597824596003,89.48811728374233,64.39999999999999
576.0,91.16597824596003,89.49237598110723,64.4
577.0,91.16597824596003,89.49659308646525,64.39999999999999
578.0,91.16597824596003,89.50076941032545,64.4
579.0,91.16597824596003,89.50490573880917,64.4
580.0,91.16597824596003,89.5090028346373,64.4
581.0,91.16597824596003,89.51306143807044,64.4
582.0,91.16597824596003,89.51708226779945,64.4
583.0,91.16597824596003,89.52106602179582,64.4
584.0,91.16597824596003,89.52501337811462,64.4
585.0,91.16597824596003,89.52892499566458,64.4
586.0,91.16597824596003,89.53280151493651,64.4
587.0,91.16597824596003,89.53664355869934,64.39999999999999
588.0,91.16597824596003,89.54045173266157,64.4
589.0,91.16597824596003,89.54422662610423,64.4
590.0,91.16597824596003,89.54796881248272,64.4
591.0,91.16597824596003,89.55167885000068,64.4
592.0,91.16597824596003,89.55535728215935,64.4
593.0,91.16597824596003,89.55900463828148,64.39999999999999
594.0,91.16597824596003,89.56262143401067,64.4
595.0,91.16597824596003,89.56620817179193,64.4
596.0,91.16597824596003,89.56976534132589,64.4
597.0,91.16597824596003,89.5732934200094,64.4
598.0,91.16597824596003,89.57679287335242,64.4
599.0,91.16597824596003,89.58026415537924,64.4
600.0,91.16597824596003,89.5837077090127,64.4
601.0,91.16597824596003,89.58712396644081,64.4
602.0,91.16597824596003,89.59051334947077,64.39999999999999
603.0,91.16597824596003,89.59387626986613,64.4
604.0,91.16597824596003,89.59721312967059,64.4
605.0,91.16597824596003,89.60052432151944,64.4
606.0,91.16597824596003,89.60381022893824,64.4
607.0,91.16597824596003,89.60707122662902,64.4
608.0,91.16597824596003,89.61030768074579,64.4
609.0,91.16597824596003,89.61351994915846,64.4
610.0,91.16597824596003,89.61670838170784,64.4
611.0,91.16597824596003,89.61987332044997,64.39999999999999
612.0,91.16597824596003,89.62301509989001,64.4
613.0,91.16597824596003,89.62613404720987,64.4
614.0,91.16597824596003,89.62923048248472,64.4
615.0,91.16597824596003,89.6323047188926,64.4
616.0,91.16597824596003,89.63535706291715,64.39999999999999
617.0,91.16597824596003,89.63838781453971,64.4
618.0,91.16597824596003,89.64139726742887,64.4
619.0,91.16597824596003,89.64438570911939,64.4
620.0,91.16597824596003,89.64735342118612,64.39999999999999
621.0,91.16597824596003,89.65030067941268,64.39999999999999
622.0,91.16597824596003,89.65322775395168,64.4
623.0,91.16597824596003,89.65613490948247,64.4
624.0,91.16597824596003,89.65902240536029,64.4
625.0,91.16597824596003,89.66189049576242,64.4
626.0,91.16597824596003,89.66473942982802,64.4
627.0,91.16597824596003,89.66756945179466,64.4
628.0,91.16597824596003,89.6703808011279,64.4
629.0,91.16597824596003,89.67317371264966,64.39999999999999
630.0,91.16597824596003,89.67594841665843,64.4
631.0,91.16597824596003,89.6787051390489,64.4
632.0,91.16597824596003,89.68144410142666,64.4
633.0,91.16597824596003,89.68416552121732,64.4
634.0,91.16597824596003,89.68686961177474,64.4
635.0,91.16597824596003,89.68955658248444,64.4
636.0,91.16597824596003,89.69222663886342,64.4
637.0,91.16597824596003,89.69487998265735,64.4
638.0,91.16597824596003,89.69751681193475,64.4
639.0,91.16597824596003,89.70013732117778,64.39999999999999
640.0,91.16597824596003,89.70274170137075,64.4
641.0,91.16597824596003,89.70533014008491,64.4
642.0,91.16597824596003,89.70790282156173,64.4
643.0,91.16597824596003,89.71045992679302,64.4
644.0,91.16597824596003,89.71300163359945,64.4
645.0,91.16597824596003,89.71552811670433,64.4
646.0,91.16597824596003,89.71803954780827,64.39999999999999
647.0,91.16597824596003,89.72053609565995,64.39999999999999
648.0,91.16597824596003,89.72301792612448,64.4
649.0,91.16597824596003,89.72548520225118,64.4
650.0,91.16597824596003,89.72793808433744,64.4
651.0,91.16597824596003,89.73037672999224,64.4
652.0,91.16597824596003,89.73280129419742,64.4
653.0,91.16597824596003,89.73521192936728,64.4
654.0,91.16597824596003,89.73760878540581,64.4
655.0,91.16597824596003,89.73999200976318,64.4
656.0,91.16597824596003,89.74236174749025,64.4
657.0,91.16597824596003,89.74471814129146,64.39999999999999
658.0,91.16597824596003,89.74706133157567,64.39999999999999
659.0,91.16597824596003,89.7493914565078,64.4
660.0,91.16597824596003,89.75170865205592,64.4
661.0,91.16597824596003,89.75401305203982,64.4
662.0,91.16597824596003,89.75630478817654,64.4
663.0,91.16597824596003,89.75858399012422,64.39999999999999
664.0,91.16597824596003,89.76085078552833,64.4
665.0,91.16597824596003,89.76310530006107,64.39999999999999
666.0,91.16597824596003,89.76534765746473,64.4
667.0,91.16597824596003,89.76757797959117,64.4
668.0,91.16597824596003,89.76979638644133,64.4
669.0,91.16597824596003,89.77200299620232,64.4
670.0,91.16597824596003,89.77419792528653,64.4
671.0,91.16597824596003,89.7763812883655,64.4
672.0,91.16597824596003,89.77855319840697,64.4
673.0,91.16597824596003,89.78071376670843,64.4
674.0,91.16597824596003,89.78286310293078,64.4
675.0,91.16597824596003,89.78500131513037,64.4
676.0,91.16597824596003,89.78712850979181,64.4
677.0,91.16597824596003,89.78924479185855,64.4
678.0,91.16597824596003,89.79135026476243,64.4
679.0,91.16597824596003,89.7934450304544,64.39999999999999
680.0,91.16597824596003,89.79552918943239,64.4
681.0,91.16597824596003,89.79760284076916,64.4
682.0,91.16597824596003,89.79966608214083,64.4
683.0,91.16597824596003,89.80171900985195,64.4
684.0,91.16597824596003,89.80376171886344,64.39999999999999
685.0,91.16597824596003,89.8057943028161,64.4
686.0,91.16597824596003,89.80781685405711,64.4
687.0,91.16597824596003,89.80982946366268,64.4
688.0,91.16597824596003,89.81183222146291,64.39999999999999
689.0,91.16597824596003,89.81382521606469,64.4
690.0,91.16597824596003,89.8158085348736,64.4
691.0,91.16597824596003,89.81778226411662,64.4
692.0,91.16597824596003,89.81974648886296,64.4
693.0,91.16597824596003,89.82170129304657,64.39999999999999
694.0,91.16597824596003,89.82364675948457,64.4
695.0,91.16597824596003,89.82558296989853,64.4
696.0,91.16597824596003,89.82751000493455,64.4
697.0,91.16597824596003,89.82942794418089,64.4
698.0,91.16597824596003,89.83133686618865,64.4
699.0,91.16597824596003,89.8332368484881,64.4
700.0,91.16597824596003,89.83512796760833,64.4
701.0,91.16597824596003,89.8370102990933,64.4
702.0,91.16597824596003,89.8388839175199,64.4
703.0,91.16597824596003,89.84074889651441,64.4
704.0,91.16597824596003,89.84260530876918,64.4
705.0,91.16597824596003,89.84445322605808,64.4
706.0,91.16597824596003,89.84629271925225,64.4
707.0,91.16597824596003,89.8481238583361,64.4
708.0,91.16597824596003,89.84994671242139,64.4
709.0,91.16597824596003,89.851761349763,64.39999999999999
710.0,91.16597824596003,89.8535678377722,64.4
711.0,91.16597824596003,89.85536624303127,64.39999999999999
712.0,91.16597824596003,89.85715663130745,64.4
713.0,91.16597824596003,89.85893906756559,64.4
714.0,91.16597824596003,89.86071361598293,64.39999999999999
715.0,91.16597824596003,89.86248033996002,64.4
716.0,91.16597824596003,89.86423930213537,64.4
717.0,91.16597824596003,89.86599056439596,64.4
718.0,91.16597824596003,89.86773418789079,64.4
719.0,91.16597824596003,89.86947023304212,64.4
720.0,91.16597824596003,89.87119875955754,64.4
721.0,91.16597824596003,89.87291982644064,64.4
722.0,91.16597824596003,89.87463349200317,64.4
723.0,91.16597824596003,89.87633981387539,64.4
724.0,91.16597824596003,89.87803884901632,64.4
725.0,91.16597824596003,89.87973065372606,64.4
726.0,91.16597824596003,89.88141528365388,64.4
727.0,91.16597824596003,89.88309279380965,64.4
728.0,91.16597824596003,89.88476323857387,64.4
729.0,91.16597824596003,89.88642667170645,64.4
730.0,91.16597824596003,89.88808314635729,64.39999999999999
731.0,91.16597824596003,89.88973271507456,64.4
732.0,91.16597824596003,89.89137542981508,64.4
733.0,91.16597824596003,89.89301134195219,64.4
734.0,91.16597824596003,89.8946405022853,64.4
735.0,91.16597824596003,89.89626296104781,64.4
736.0,91.16597824596003,89.89787876791657,64.4
737.0,91.16597824596003,89.89948797201991,64.4
738.0,91.16597824596003,89.90109062194472,64.4
739.0,91.16597824596003,89.90268676574567,64.4
740.0,91.16597824596003,89.90427645095346,64.4
741.0,91.16597824596003,89.90585972458092,64.4
742.0,91.16597824596003,89.9074366331314,64.4
743.0,91.16597824596003,89.90900722260695,64.4
744.0,91.16597824596003,89.9105715385145,64.4
745.0,91.16597824596003,89.91212962587332,64.4
746.0,91.16597824596003,89.91368152922286,64.39999999999999
747.0,91.16597824596003,89.91522729262778,64.4
748.0,91.16597824596003,89.91676695968741,64.39999999999999
749.0,91.16597824596003,89.9183005735395,64.4
750.0,91.16597824596003,89.91982817686909,64.39999999999999
751.0,91.16597824596003,89.92134981191363,64.4
752.0,91.16597824596003,89.92286552046978,64.4
753.0,91.16597824596003,89.9243753438993,64.4
754.0,91.16597824596003,89.9258793231355,64.4
755.0,91.16597824596003,89.92737749868851,64.39999999999999
756.0,91.16597824596003,89.92886991065258,64.4
757.0,91.16597824596003,89.93035659871042,64.4
758.0,91.16597824596003,89.93183760213898,64.39999999999999
759.0,91.16597824596003,89.93331295981606,64.39999999999999
760.0,91.16597824596003,89.9347827102247,64.4
761.0,91.16597824596003,89.9362468914589,64.4
762.0,91.16597824596003,89.93770554122959,64.4
763.0,91.16597824596003,89.93915869686838,64.4
764.0,91.16597824596003,89.94060639533426,64.4
765.0,91.16597824596003,89.94204867321713,64.4
766.0,91.16597824596003,89.94348556674393,64.4
767.0,91.16597824596003,89.94491711178273,64.4
768.0,91.16597824596003,89.94634334384831,64.4
769.0,91.16597824596003,89.94776429810535,64.4
770.0,91.16597824596003,89.94918000937507,64.4
771.0,91.16597824596003,89.95059051213784,64.4
772.0,91.16597824596003,89.951995840539,64.4
773.0,91.16597824596003,89.95339602839228,64.4
774.0,91.16597824596003,89.95479110918508,64.39999999999999
775.0,91.16597824596003,89.95618111608164,64.4
776.0,91.16597824596003,89.9575660819281,64.4
777.0,91.16597824596003,89.95894603925639,64.4
778.0,91.16597824596003,89.96032102028761,64.4
779.0,91.16597824596003,89.9616910569368,64.4
780.0,91.16597824596003,89.9630561808168,64.4
781.0,91.16597824596003,89.9644164232416,64.4
782.0,91.16597824596003,89.96577181523047,64.4
783.0,91.16597824596003,89.96712238751134,64.4
784.0,91.16597824596003,89.968468170525,64.4
785.0,91.16597824596003,89.96980919442862,64.4
786.0,91.16597824596003,89.97114548909823,64.4
787.0,91.16597824596003,89.97247708413448,64.4
788.0,91.16597824596003,89.97380400886304,64.4
789.0,91.16597824596003,89.97512629234099,64.4
790.0,91.16597824596003,89.97644396335785,64.4
791.0,91.16597824596003,89.97775705044018,64.4
792.0,91.16597824596003,89.97906558185464,64.4
793.0,91.16597824596003,89.98036958561015,64.4
794.0,91.16597824596003,89.98166908946276,64.4
795.0,91.16597824596003,89.98296412091734,64.4
796.0,91.16597824596003,89.98425470723045,64.4
797.0,91.16597824596003,89.98554087541523,64.4
798.0,91.16597824596003,89.98682265224197,64.4
799.0,91.16597824596003,89.98810006424225,64.39999999999999
800.0,91.16597824596003,89.98937313771202,64.39999999999999
801.0,91.16597824596003,89.99064189871359,64.4
802.0,91.16597824596003,89.9919063730788,64.4
803.0,91.16597824596003,89.99316658641239,64.39999999999999
804.0,91.16597824596003,89.9944225640934,64.4
805.0,91.16597824596003,89.9956743312786,64.4
806.0,91.16597824596003,89.99692191290485,64.4
807.0,91.16597824596003,89.99816533369214,64.39999999999999
808.0,91.16597824596003,89.9994046181458,64.4
809.0,91.16597824596003,90.00063979055824,64.4
810.0,91.16597824596003,90.00187087501307,64.39999999999999
811.0,91.16597824596003,90.003097895386,64.4
812.0,91.16597824596003,90.0043208753479,64.4
813.0,91.16597824596003,90.00553983836735,64.4
814.0,91.16597824596003,90.00675480771206,64.4
815.0,91.16597824596003,90.00796580645226,64.4
816.0,91.16597824596003,90.00917285746223,64.4
817.0,91.16597824596003,90.01037598342282,64.4
818.0,91.16597824596003,90.0115752068239,64.4
819.0,91.16597824596003,90.01277054996524,64.4
820.0,91.16597824596003,90.01396203496034,64.39999999999999
821.0,91.16597824596003,90.01514968373763,64.4
822.0,91.16597824596003,90.01633351804261,64.4
823.0,91.16597824596003,90.01751355943951,64.4
824.0,91.16597824596003,90.01868982931454,64.39999999999999
825.0,91.16597824596003,90.0198623488764,64.4
826.0,91.16597824596003,90.02103113915923,64.4
827.0,91.16597824596003,90.02219622102375,64.4
828.0,91.16597824596003,90.02335761516024,64.4
829.0,91.16597824596003,90.0245153420894,64.4
830.0,91.16597824596003,90.02566942216436,64.4
831.0,91.16597824596003,90.02681987557331,64.4
832.0,91.16597824596003,90.02796672233998,64.4
833.0,91.16597824596003,90.02910998232682,64.4
834.0,91.16597824596003,90.0302496752354,64.4
835.0,91.16597824596003,90.03138582060923,64.4
836.0,91.16597824596003,90.03251843783495,64.4
837.0,91.16597824596003,90.03364754614415,64.4
838.0,91.16597824596003,90.03477316461463,64.39999999999999
839.0,91.16597824596003,90.03589531217266,64.4
840.0,91.16597824596003,90.03701400759424,64.4
841.0,91.16597824596003,90.03812926950657,64.4
842.0,91.16597824596003,90.03924111639004,64.39999999999999
843.0,91.16597824596003,90.04034956657917,64.4
844.0,91.16597824596003,90.04145463826521,64.4
845.0,91.16597824596003,90.04255634949581,64.4
846.0,91.16597824596003,90.0436547181787,64.4
847.0,91.16597824596003,90.04474976208127,64.4
848.0,91.16597824596003,90.04584149883328,64.39999999999999
849.0,91.16597824596003,90.04692994592793,64.39999999999999
850.0,91.16597824596003,90.048015120723,64.4
851.0,91.16597824596003,90.0490970404423,64.4
852.0,91.16597824596003,90.05017572217744,64.4
853.0,91.16597824596003,90.0512511828886,64.4
854.0,91.16597824596003,90.05232343940654,64.4
855.0,91.16597824596003,90.05339250843325,64.39999999999999
856.0,91.16597824596003,90.05445840654386,64.4
857.0,91.16597824596003,90.05552115018743,64.4
858.0,91.16597824596003,90.05658075568842,64.4
859.0,91.16597824596003,90.05763723924797,64.4
860.0,91.16597824596003,90.0586906169454,64.4
861.0,91.16597824596003,90.05974090473899,64.4
862.0,91.16597824596003,90.06078811846719,64.4
863.0,91.16597824596003,90.06183227385023,64.39999999999999
864.0,91.16597824596003,90.06287338649079,64.4
865.0,91.16597824596003,90.06391147187588,64.4
866.0,91.16597824596003,90.06494654537734,64.4
867.0,91.16597824596003,90.0659786222526,64.4
868.0,91.16597824596003,90.0670077176475,64.4
869.0,91.16597824596003,90.06803384659523,64.4
870.0,91.16597824596003,90.06905702401892,64.4
871.0,91.16597824596003,90.07007726473245,64.4
872.0,91.16597824596003,90.07109458344102,64.4
873.0,91.16597824596003,90.07210899474258,64.4
874.0,91.16597824596003,90.07312051312898,64.4
875.0,91.16597824596003,90.07412915298656,64.4
876.0,91.16597824596003,90.07513492859788,64.39999999999999
877.0,91.16597824596003,90.07613785414155,64.39999999999999
878.0,91.16597824596003,90.07713794369484,64.4
879.0,91.16597824596003,90.07813521123289,64.4
880.0,91.16597824596003,90.07912967063129,64.4
881.0,91.16597824596003,90.08012133566586,64.4
882.0,91.16597824596003,90.08111022001431,64.4
883.0,91.16597824596003,90.08209633725664,64.4
884.0,91.16597824596003,90.08307970087623,64.4
885.0,91.16597824596003,90.08406032426161,64.4
886.0,91.16597824596003,90.08503822070556,64.4
887.0,91.16597824596003,90.08601340340782,64.4
888.0,91.16597824596003,90.08698588547485,64.4
889.0,91.16597824596003,90.08795567992107,64.4
890.0,91.16597824596003,90.0889227996695,64.39999999999999
891.0,91.16597824596003,90.08988725755313,64.4
892.0,91.16597824596003,90.0908490663153,64.39999999999999
893.0,91.16597824596003,90.09180823861055,64.39999999999999
894.0,91.16597824596003,90.09276478700542,64.4
895.0,91.16597824596003,90.09371872398009,64.4
896.0,91.16597824596003,90.09467006192759,64.4
897.0,91.16597824596003,90.09561881315585,64.4
898.0,91.16597824596003,90.0965649898882,64.4
899.0,91.16597824596003,90.09750860426406,64.4
900.0,91.16597824596003,90.09844966833889,64.4
901.0,91.16597824596003,90.09938819408731,64.4
902.0,91.16597824596003,90.10032419340072,64.4
903.0,91.16597824596003,90.10125767809065,64.4
904.0,91.16597824596003,90.10218865988818,64.4
905.0,91.16597824596003,90.10311715044445,64.4
906.0,91.16597824596003,90.10404316133229,64.4
907.0,91.16597824596003,90.10496670404643,64.4
908.0,91.16597824596003,90.10588779000467,64.4
909.0,91.16597824596003,90.10680643054695,64.4
910.0,91.16597824596003,90.1077226369387,64.4
911.0,91.16597824596003,90.1086364203691,64.4
912.0,91.16597824596003,90.1095477919526,64.4
913.0,91.16597824596003,90.11045676273058,64.4
914.0,91.16597824596003,90.11136334367029,64.4
915.0,91.16597824596003,90.11226754566671,64.4
916.0,91.16597824596003,90.11316937954207,64.4
917.0,91.16597824596003,90.11406885604873,64.4
918.0,91.16597824596003,90.11496598586633,64.4
919.0,91.16597824596003,90.11586077960592,64.4
920.0,91.16597824596003,90.11675324780812,64.4
921.0,91.16597824596003,90.11764340094507,64.39999999999999
922.0,91.16597824596003,90.11853124942024,64.4
923.0,91.16597824596003,90.11941680356942,64.4
924.0,91.16597824596003,90.12030007366147,64.4
925.0,91.16597824596003,90.12118106989804,64.4
926.0,91.16597824596003,90.12205980241536,64.4
927.0,91.16597824596003,90.1229362812842,64.4
928.0,91.16597824596003,90.1238105165101,64.4
929.0,91.16597824596003,90.12468251803415,64.39999999999999
930.0,91.16597824596003,90.12555229573405,64.4
931.0,91.16597824596003,90.12641985942396,64.4
932.0,91.16597824596003,90.12728521885576,64.4
933.0,91.16597824596003,90.12814838371818,64.4
934.0,91.16597824596003,90.12900936363948,64.4
935.0,91.16597824596003,90.12986816818619,64.4
936.0,91.16597824596003,90.1307248068636,64.39999999999999
937.0,91.16597824596003,90.13157928911798,64.4
938.0,91.16597824596003,90.13243162433517,64.4
939.0,91.16597824596003,90.13328182184274,64.4
940.0,91.16597824596003,90.13412989090858,64.4
941.0,91.16597824596003,90.13497584074315,64.4
942.0,91.16597824596003,90.13581968049915,64.4
943.0,91.16597824596003,90.13666141927195,64.4
944.0,91.16597824596003,90.13750106609997,64.4
945.0,91.16597824596003,90.1383386299658,64.4
946.0,91.16597824596003,90.13917411979654,64.4
947.0,91.16597824596003,90.14000754446288,64.4
948.0,91.16597824596003,90.14083891278189,64.4
949.0,91.16597824596003,90.14166823351526,64.4
950.0,91.16597824596003,90.14249551537132,64.4
951.0,91.16597824596003,90.14332076700448,64.4
952.0,91.16597824596003,90.14414399701646,64.4
953.0,91.16597824596003,90.14496521395559,64.4
954.0,91.16597824596003,90.14578442631895,64.4
955.0,91.16597824596003,90.14660164255058,64.4
956.0,91.16597824596003,90.14741687104446,64.4
957.0,91.16597824596003,90.14823012014278,64.39999999999999
958.0,91.16597824596003,90.14904139813703,64.4
959.0,91.16597824596003,90.14985071326878,64.4
960.0,91.16597824596003,90.15065807373011,64.4
961.0,91.16597824596003,90.15146348766342,64.4
962.0,91.16597824596003,90.15226696316178,64.4
963.0,91.16597824596003,90.1530685082706,64.4
964.0,91.16597824596003,90.15386813098583,64.4
965.0,91.16597824596003,90.15466583925678,64.4
966.0,91.16597824596003,90.15546164098436,64.39999999999999
967.0,91.16597824596003,90.15625554402337,64.4
968.0,91.16597824596003,90.1570475561809,64.4
969.0,91.16597824596003,90.15783768521844,64.4
970.0,91.16597824596003,90.15862593885142,64.4
971.0,91.16597824596003,90.15941232474883,64.4
972.0,91.16597824596003,90.16019685053548,64.4
973.0,91.16597824596003,90.16097952379084,64.4
974.0,91.16597824596003,90.16176035204985,64.39999999999999
975.0,91.16597824596003,90.16253934280292,64.39999999999999
976.0,91.16597824596003,90.1633165034969,64.4
977.0,91.16597824596003,90.16409184153542,64.4
978.0,91.16597824596003,90.16486536427846,64.4
979.0,91.16597824596003,90.16563707904282,64.39999999999999
980.0,91.16597824596003,90.16640699310386,64.39999999999999
981.0,91.16597824596003,90.16717511369346,64.4
982.0,91.16597824596003,90.16794144800274,64.4
983.0,91.16597824596003,90.16870600318012,64.4
984.0,91.16597824596003,90.16946878633391,64.4
985.0,91.16597824596003,90.17022980453075,64.4
986.0,91.16597824596003,90.17098906479701,64.4
987.0,91.16597824596003,90.17174657411857,64.4
988.0,91.16597824596003,90.1725023394411,64.4
989.0,91.16597824596003,90.17325636767094,64.4
990.0,91.16597824596003,90.17400866567509,64.4
991.0,91.16597824596003,90.17475924028108,64.4
992.0,91.16597824596003,90.17550809827755,64.39999999999999
993.0,91.16597824596003,90.17625524641524,64.4
994.0,91.16597824596003,90.17700069140592,64.39999999999999
995.0,91.16597824596003,90.17774443992394,64.4
996.0,91.16597824596003,90.17848649860572,64.4
997.0,91.16597824596003,90.17922687405003,64.4
998.0,91.16597824596003,90.17996557281934,64.4
999.0,91.16597824596003,90.1807026014387,64.4
1000.0,91.16597824596003,90.18143796639633,64.4
1001.0,91.16597824596003,90.18217167414477,64.4
1002.0,91.16597824596003,90.18290373110038,64.4
1003.0,91.16597824596003,90.18363414364337,64.4
1004.0,91.16597824596003,90.18436291811881,64.39999999999999
1005.0,91.16597824596003,90.18509006083654,64.4
1006.0,91.16597824596003,90.18581557807136,64.4
1007.0,91.16597824596003,90.18653947606336,64.4
1008.0,91.16597824596003,90.18726176101778,64.4
1009.0,91.16597824596003,90.18798243910625,64.4
1010.0,91.16597824596003,90.18870151646621,64.4
1011.0,91.16597824596003,90.1894189992011,64.39999999999999
1012.0,91.16597824596003,90.19013489338107,64.4
1013.0,91.16597824596003,90.19084920504346,64.4
1014.0,91.16597824596003,90.19156194019149,64.4
1015.0,91.16597824596003,90.19227310479705,64.4
1016.0,91.16597824596003,90.19298270479847,64.4
1017.0,91.16597824596003,90.19369074610204,64.4
1018.0,91.16597824596003,90.19439723458194,64.4
1019.0,91.16597824596003,90.19510217608078,64.4
1020.0,91.16597824596003,90.1958055764096,64.4
1021.0,91.16597824596003,90.1965074413475,64.4
1022.0,91.16597824596003,90.19720777664283,64.4
1023.0,91.16597824596003,90.1979065880133,64.4
1024.0,91.16597824596003,90.19860388114499,64.4
1025.0,91.16597824596003,90.19929966169451,64.39999999999999
1026.0,91.16597824596003,90.19999393528775,64.4
1027.0,91.16597824596003,90.20068670752002,64.4
1028.0,91.16597824596003,90.20137798395776,64.4
1029.0,91.16597824596003,90.20206777013695,64.4
1030.0,91.16597824596003,90.2027560715644,64.4
1031.0,91.16597824596003,90.20344289371789,64.4
1032.0,91.16597824596003,90.20412824204551,64.4
1033.0,91.16597824596003,90.20481212196788,64.4
1034.0,91.16597824596003,90.20549453887517,64.4
1035.0,91.16597824596003,90.20617549813083,64.4
1036.0,91.16597824596003,90.20685500506883,64.4
1037.0,91.16597824596003,90.20753306499564,64.39999999999999
1038.0,91.16597824596003,90.20820968318975,64.4
1039.0,91.16597824596003,90.20888486490232,64.4
1040.0,91.16597824596003,90.20955861535631,64.39999999999999
1041.0,91.16597824596003,90.21023093974836,64.39999999999999
1042.0,91.16597824596003,90.2109018432476,64.4
1043.0,91.16597824596003,90.21157133099581,64.4
1044.0,91.16597824596003,90.21223940810876,64.4
1045.0,91.16597824596003,90.21290607967501,64.4
1046.0,91.16597824596003,90.21357135075773,64.4
1047.0,91.16597824596003,90.21423522639294,64.4
1048.0,91.16597824596003,90.21489771159135,64.4
1049.0,91.16597824596003,90.21555881133705,64.4
1050.0,91.16597824596003,90.21621853058925,64.4
1051.0,91.16597824596003,90.21687687428155,64.4
1052.0,91.16597824596003,90.21753384732189,64.4
1053.0,91.16597824596003,90.21818945459368,64.4
1054.0,91.16597824596003,90.21884370095475,64.4
1055.0,91.16597824596003,90.21949659123865,64.4
1056.0,91.16597824596003,90.22014813025376,64.4
1057.0,91.16597824596003,90.22079832278438,64.4
1058.0,91.16597824596003,90.22144717359059,64.4
1059.0,91.16597824596003,90.22209468740803,64.4
1060.0,91.16597824596003,90.22274086894855,64.4
1061.0,91.16597824596003,90.2233857229002,64.39999999999999
1062.0,91.16597824596003,90.22402925392738,64.4
1063.0,91.16597824596003,90.22467146667094,64.4
1064.0,91.16597824596003,90.22531236574818,64.4
1065.0,91.16597824596003,90.22595195575369,64.4
1066.0,91.16597824596003,90.22659024125849,64.4
1067.0,91.16597824596003,90.22722722681114,64.4
1068.0,91.16597824596003,90.22786291693735,64.4
1069.0,91.16597824596003,90.22849731614016,64.4
1070.0,91.16597824596003,90.22913042889992,64.4
1071.0,91.16597824596003,90.22976225967544,64.4
1072.0,91.16597824596003,90.23039281290266,64.4
1073.0,91.16597824596003,90.23102209299594,64.4
1074.0,91.16597824596003,90.23165010434748,64.4
1075.0,91.16597824596003,90.23227685132791,64.39999999999999
1076.0,91.16597824596003,90.23290233828646,64.4
1077.0,91.16597824596003,90.23352656955066,64.4
1078.0,91.16597824596003,90.23414954942693,64.4
1079.0,91.16597824596003,90.23477128220006,64.4
1080.0,91.16597824596003,90.23539177213499,64.39999999999999
1081.0,91.16597824596003,90.23601102347415,64.4
1082.0,91.16597824596003,90.23662904044049,64.4
1083.0,91.16597824596003,90.23724582723571,64.4
1084.0,91.16597824596003,90.23786138804155,64.4
1085.0,91.16597824596003,90.23847572701881,64.39999999999999
1086.0,91.16597824596003,90.23908884830827,64.4
1087.0,91.16597824596003,90.23970075603083,64.4
1088.0,91.16597824596003,90.24031145428731,64.39999999999999
1089.0,91.16597824596003,90.24092094715832,64.4
1090.0,91.16597824596003,90.24152923870544,64.4
1091.0,91.16597824596003,90.24213633297016,64.4
1092.0,91.16597824596003,90.24274223397452,64.4
1093.0,91.16597824596003,90.24334694572137,64.4
1094.0,91.16597824596003,90.24395047219467,64.4
1095.0,91.16597824596003,90.24455281735841,64.39999999999999
1096.0,91.16597824596003,90.24515398515841,64.4
1097.0,91.16597824596003,90.24575397952118,64.4
1098.0,91.16597824596003,90.24635280435443,64.4
1099.0,91.16597824596003,90.24695046354813,64.39999999999999
1100.0,91.16597824596003,90.24754696097237,64.4
1101.0,91.16597824596003,90.24814230047977,64.4
1102.0,91.16597824596003,90.24873648590417,64.4
1103.0,91.16597824596003,90.24932952106221,64.4
1104.0,91.16597824596003,90.24992140975135,64.4
1105.0,91.16597824596003,90.25051215575128,64.4
1106.0,91.16597824596003,90.25110176282425,64.4
1107.0,91.16597824596003,90.25169023471534,64.4
1108.0,91.16597824596003,90.2522775751502,64.4
1109.0,91.16597824596003,90.2528637878391,64.4
1110.0,91.16597824596003,90.25344887647343,64.4
1111.0,91.16597824596003,90.25403284472792,64.4
1112.0,91.16597824596003,90.25461569625986,64.4
1113.0,91.16597824596003,90.25519743470994,64.4
1114.0,91.16597824596003,90.25577806370126,64.4
1115.0,91.16597824596003,90.25635758684058,64.4
1116.0,91.16597824596003,90.2569360077175,64.4
1117.0,91.16597824596003,90.25751332990488,64.4
1118.0,91.16597824596003,90.25808955695989,64.4
1119.0,91.16597824596003,90.25866469242183,64.4
1120.0,91.16597824596003,90.2592387398151,64.4
1121.0,91.16597824596003,90.25981170264693,64.4
1122.0,91.16597824596003,90.26038358440856,64.4
1123.0,91.16597824596003,90.26095438857519,64.4
1124.0,91.16597824596003,90.26152411860613,64.4
1125.0,91.16597824596003,90.26209277794467,64.4
1126.0,91.16597824596003,90.26266037001871,64.4
1127.0,91.16597824596003,90.26322689823999,64.4
1128.0,91.16597824596003,90.2637923660047,64.4
1129.0,91.16597824596003,90.26435677669406,64.4
1130.0,91.16597824596003,90.26492013367302,64.4
1131.0,91.16597824596003,90.26548244029227,64.39999999999999
1132.0,91.16597824596003,90.26604369988648,64.4
1133.0,91.16597824596003,90.26660391577558,64.4
1134.0,91.16597824596003,90.26716309126405,64.4
1135.0,91.16597824596003,90.26772122964172,64.4
1136.0,91.16597824596003,90.26827833418383,64.4
1137.0,91.16597824596003,90.26883440815041,64.4
1138.0,91.16597824596003,90.26938945478683,64.39999999999999
1139.0,91.16597824596003,90.26994347732409,64.4
1140.0,91.16597824596003,90.27049647897867,64.4
1141.0,91.16597824596003,90.27104846295242,64.39999999999999
1142.0,91.16597824596003,90.27159943243305,64.4
1143.0,91.16597824596003,90.27214939059375,64.4
1144.0,91.16597824596003,90.27269834059389,64.39999999999999
1145.0,91.16597824596003,90.27324628557822,64.4
1146.0,91.16597824596003,90.2737932286781,64.39999999999999
1147.0,91.16597824596003,90.27433917301082,64.4
1148.0,91.16597824596003,90.27488412167922,64.4
1149.0,91.16597824596003,90.27542807777317,64.4
1150.0,91.16597824596003,90.2759710443684,64.4
1151.0,91.16597824596003,90.27651302452749,64.4
1152.0,91.16597824596003,90.27705402129851,64.4
1153.0,91.16597824596003,90.27759403771721,64.4
1154.0,91.16597824596003,90.27813307680563,64.4
1155.0,91.16597824596003,90.27867114157169,64.39999999999999
1156.0,91.16597824596003,90.27920823501121,64.4
1157.0,91.16597824596003,90.27974436010646,64.4
1158.0,91.16597824596003,90.28027951982678,64.4
1159.0,91.16597824596003,90.28081371712771,64.4
1160.0,91.16597824596003,90.28134695495321,64.4
1161.0,91.16597824596003,90.28187923623335,64.4
1162.0,91.16597824596003,90.28241056388568,64.4
1163.0,91.16597824596003,90.28294094081531,64.39999999999999
1164.0,91.16597824596003,90.28347036991461,64.4
1165.0,91.16597824596003,90.28399885406317,64.4
1166.0,91.16597824596003,90.28452639612844,64.4
1167.0,91.16597824596003,90.28505299896527,64.4
1168.0,91.16597824596003,90.28557866541607,64.4
1169.0,91.16597824596003,90.28610339831121,64.39999999999999
1170.0,91.16597824596003,90.2866272004687,64.4
1171.0,91.16597824596003,90.28715007469471,64.39999999999999
1172.0,91.16597824596003,90.28767202378256,64.4
1173.0,91.16597824596003,90.28819305051468,64.4
1174.0,91.16597824596003,90.28871315766082,64.4
1175.0,91.16597824596003,90.28923234797875,64.39999999999999
1176.0,91.16597824596003,90.28975062421512,64.4
1177.0,91.16597824596003,90.29026798910441,64.4
1178.0,91.16597824596003,90.29078444536916,64.4
1179.0,91.16597824596003,90.29129999572103,64.4
1180.0,91.16597824596003,90.29181464285975,64.4
1181.0,91.16597824596003,90.29232838947351,64.4
1182.0,91.16597824596003,90.29284123823892,64.4
1183.0,91.16597824596003,90.29335319182196,64.4
1184.0,91.16597824596003,90.29386425287659,64.4
1185.0,91.16597824596003,90.29437442404601,64.39999999999999
1186.0,91.16597824596003,90.294883707962,64.4
1187.0,91.16597824596003,90.29539210724492,64.4
1188.0,91.16597824596003,90.29589962450513,64.4
1189.0,91.16597824596003,90.29640626234094,64.4
1190.0,91.16597824596003,90.29691202334055,64.4
1191.0,91.16597824596003,90.29741691008087,64.39999999999999
1192.0,91.16597824596003,90.29792092512793,64.4
1193.0,91.16597824596003,90.29842407103723,64.4
1194.0,91.16597824596003,90.2989263503536,64.4
1195.0,91.16597824596003,90.29942776561154,64.4
1196.0,91.16597824596003,90.29992831933396,64.39999999999999
1197.0,91.16597824596003,90.30042801403457,64.4
1198.0,91.16597824596003,90.30092685221578,64.4
1199.0,91.16597824596003,90.30142483636982,64.4
1200.0,91.16597824596003,90.30192196897886,64.4
