"tick","donation-big group","donation-small","donation-normed-big","donation-normed-small","donation-valued-big","donation-valued-small"
1.0,91.57166304236186,89.85749456354276,55.0,55.0,95.0,95.0
2.0,95.0,95.0,55.0,55.0,95.0,95.0
3.0,95.0,95.0,55.0,55.0,95.0,95.0
4.0,95.0,95.0,55.0,55.0,95.0,95.0
5.0,66.88462427029975,65.01183333333334,62.37923085327731,64.75,66.875,65.0
6.0,66.89424854059952,65.02366666666667,62.37923085327731,64.75,66.875,65.0
7.0,66.90387281089927,65.0355,62.37923085327731,64.75,66.875,65.0
8.0,66.91349708119904,65.04733333333333,62.37923085327731,64.75,66.875,65.0
9.0,66.9176285896721,65.05241314877996,62.37923085327731,64.75,66.875,65.0
10.0,66.9955955785726,65.14827593524797,62.37923085327731,64.75,66.875,65.0
11.0,67.20753182772054,65.40885800572937,62.37923085327731,64.75,66.875,65.0
12.0,67.78363428257113,66.11719351274122,62.37923085327731,64.75,66.875,65.0
13.0,69.34964311692214,68.04264904990387,62.37923085327731,64.75,66.875,65.0
14.0,73.45580880332372,73.09130476880075,62.37923085327731,64.75,66.875,65.00000000000001
15.0,73.59744362109852,73.26544908916311,62.37923085327731,64.75,66.875,64.99999999999999
16.0,73.7209827755989,73.41734424062805,62.37923085327731,64.75,66.875,65.00000000000001
17.0,73.82997798785821,73.55135717233405,62.37923085327731,64.75,66.875,64.99999999999999
18.0,73.92707586694424,73.67074197070299,62.37923085327731,64.75,66.875,65.00000000000001
19.0,74.01429439373433,73.77797980465859,62.37923085327731,64.75,66.875,64.99999999999999
20.0,74.09320272481894,73.87500000000001,62.37923085327731,64.75,66.875,65.00000000000001
21.0,74.16504188708801,73.96332843707005,62.37923085327731,64.75,66.875,64.99999999999999
22.0,74.23080803544805,74.04418991865307,62.37923085327731,64.75,66.875,65.00000000000001
23.0,74.2913112659708,74.11858048253167,62.37923085327731,64.75,66.875,64.99999999999999
24.0,74.34721803734932,74.1873195599586,62.37923085327731,64.75,66.875,65.00000000000001
25.0,74.39908233988434,74.25108829887408,62.37923085327731,64.75,66.875,64.99999999999999
26.0,74.44736897745001,74.31045818979196,62.37923085327731,64.75,66.875,65.00000000000001
27.0,74.4924712174775,74.36591276699127,62.37923085327731,64.75,66.875,64.99999999999999
28.0,74.53472435133929,74.41786428142215,62.37923085327731,64.75,66.875,65.00000000000001
29.0,74.57441623980687,74.46666666666665,62.37923085327731,64.75,66.875,64.99999999999999
30.0,74.61179560504472,74.51262573419817,62.37923085327731,64.75,66.875,65.00000000000001
31.0,74.64707861698547,74.5560072715298,62.37923085327731,64.75,66.875,64.99999999999999
32.0,74.68045417378526,74.59704353469542,62.37923085327731,64.75,66.875,65.00000000000001
33.0,74.71208817173756,74.63593849823822,62.37923085327731,64.75,66.875,64.99999999999999
34.0,74.74212698552365,74.67287213428519,62.37923085327731,64.75,66.875,65.00000000000001
35.0,74.77070032578312,74.70800392601649,62.37923085327731,64.75,66.875,64.99999999999999
36.0,74.79792360152567,74.74147577232314,62.37923085327731,64.75,66.875,65.00000000000001
37.0,74.82389988569257,74.77341440452423,62.37923085327731,64.75,66.875,64.99999999999999
38.0,74.84872156032093,74.80393340914698,62.37923085327731,64.75,66.875,65.00000000000001
39.0,74.87247170125892,74.83313493047584,62.37923085327731,64.75,66.875,64.99999999999999
40.0,74.89522524979883,74.86111111111113,62.37923085327731,64.75,66.875,65.00000000000001
41.0,74.91705000892523,74.8879453168866,62.37923085327731,64.75,66.875,64.99999999999999
42.0,74.93800749438516,74.91371318328599,62.37923085327731,64.75,66.875,65.00000000000001
43.0,74.95815366493711,74.93848351330645,62.37923085327731,64.75,66.875,64.99999999999999
44.0,74.97753955154114,74.96231905106704,62.37923085327731,64.75,66.875,65.00000000000001
45.0,74.99621180161249,74.98527715098481,62.37923085327731,64.75,66.875,64.99999999999999
46.0,75.01421315156516,75.00741035878191,62.37923085327731,64.75,66.875,65.00000000000001
47.0,75.03158283855085,75.02876691773083,62.37923085327731,64.75,66.875,64.99999999999999
48.0,75.04835696042855,75.04939121124823,62.37923085327731,64.75,66.875,65.00000000000001
49.0,75.06456879148575,75.06932415108349,62.37923085327731,64.75,66.875,64.99999999999999
50.0,75.0802490601987,75.08860351883372,62.37923085327731,64.75,66.875,65.00000000000001
51.0,75.09542619431085,75.1072642672749,62.37923085327731,64.75,66.875,64.99999999999999
52.0,75.11012653767874,75.1253387869807,71.49628857214232,64.75,66.875,65.00000000000001
53.0,75.11515826703574,75.14285714285712,76.05762771573758,64.75,66.875,64.99999999999999
54.0,75.11515506242024,75.15984728452518,76.05762771573758,64.75,66.875,65.00000000000001
55.0,75.11474341546362,75.17633523390018,76.05762771573758,64.75,66.875,64.99999999999999
56.0,75.11394305878133,75.1923452528337,74.91310727655659,64.75,66.875,65.00000000000001
57.0,75.1239365959475,75.20789999327384,74.91310727655659,64.75,66.875,64.99999999999999
58.0,75.06549999520696,75.22302063205922,74.91310727655659,64.75,66.875,65.00000000000001
59.0,74.84310530160757,75.23772699217032,74.91310727655659,64.75,66.875,64.99999999999999
60.0,74.20755452432402,75.25203765201816,74.91310727655659,64.75,66.875,65.00000000000001
61.0,72.44612656252892,75.26597004413969,74.91310727655659,67.4698606754946,66.875,64.99999999999999
62.0,67.82354486297739,75.27559373850212,74.91310727655659,75.6332921797234,66.875,65.00000000000001
63.0,65.8638386313749,75.27303437291546,74.91310727655659,75.6332921797234,66.875,64.99999999999999
64.0,65.39336602642406,75.27014301403091,74.91310727655659,75.6332921797234,66.875,65.0
65.0,66.20002235759873,75.26693332467539,74.91310727655659,75.6332921797234,66.875,65.0
66.0,68.58312989333605,75.2656707136359,74.91310727655659,75.6332921797234,66.875,65.0
67.0,68.5490221297407,75.24059108657221,74.91310727655659,75.6332921797234,66.875,65.0
68.0,68.51628694235458,75.06948259705639,74.91310727655659,75.6332921797234,66.875,65.0
69.0,68.4851721177658,74.58399839606328,74.91310727655659,75.6332921797234,66.875,65.0
70.0,68.45576124777018,73.24442818001137,74.91310727655659,75.6332921797234,66.875,65.0
71.0,68.42804721539817,69.6454643335101,74.91310727655659,75.6332921797234,66.875,65.0
72.0,68.4019737615055,56.90648311695181,74.91310727655659,75.6332921797234,66.875,65.0
73.0,68.3774594060711,65.0,74.91310727655659,75.6332921797234,66.875,65.0
74.0,68.35441133799246,65.0,74.91310727655659,75.6332921797234,66.875,65.0
75.0,68.33273347418822,65.0,74.91310727655659,75.6332921797234,66.875,65.0
76.0,68.31233107236167,65.0,74.91310727655659,75.6332921797234,66.875,65.0
77.0,68.29311328320273,65.00000000000001,74.91310727655659,75.6332921797234,66.875,65.00000000000001
78.0,68.27499446335582,65.0,74.91310727655659,75.6332921797234,66.875,65.0
79.0,68.25789474369644,65.0,74.91310727655659,75.6332921797234,66.875,65.0
80.0,68.24174015433154,65.0,74.91310727655659,75.6332921797234,66.875,65.0
81.0,68.22646249158933,65.0,74.91310727655659,75.6332921797234,66.875,65.0
82.0,68.21199904136598,65.0,74.91310727655659,75.6332921797234,66.875,65.0
83.0,68.1982922294013,65.0,74.91310727655659,75.6332921797234,66.875,65.0
84.0,68.18528924173931,65.0,74.91310727655659,75.6332921797234,66.875,65.0
85.0,68.1729416414844,65.00000000000001,74.91310727655659,75.6332921797234,66.875,65.00000000000001
86.0,68.16120499716108,64.99999999999999,74.91310727655659,75.6332921797234,66.875,64.99999999999999
87.0,68.15003853117913,65.00000000000001,74.91310727655659,75.6332921797234,66.875,65.00000000000001
88.0,68.13940479263876,64.99999999999999,74.91310727655659,75.6332921797234,66.875,64.99999999999999
89.0,68.12926935606502,65.00000000000001,74.91310727655659,75.6332921797234,66.875,65.00000000000001
90.0,68.11960054604778,64.99999999999999,74.91310727655659,75.6332921797234,66.875,64.99999999999999
91.0,68.11036918682183,65.00000000000001,74.91310727655659,75.6332921797234,66.875,65.00000000000001
92.0,68.10154837530075,64.99999999999999,74.91310727655659,75.6332921797234,66.875,64.99999999999999
93.0,68.09311327582348,65.00000000000001,74.91310727655659,75.6332921797234,66.875,65.00000000000001
94.0,68.08504093479434,64.99999999999999,74.91310727655659,75.6332921797234,66.875,64.99999999999999
95.0,68.07731011341134,65.00000000000001,74.91310727655659,75.6332921797234,66.875,65.00000000000001
96.0,68.06990113675967,64.99999999999999,74.91310727655659,75.6332921797234,66.875,64.99999999999999
97.0,68.0627957576567,65.00000000000001,74.74645949125318,75.6332921797234,66.875,65.00000000000001
98.0,68.05664090399583,64.99999999999999,74.74645949125318,75.6332921797234,66.875,64.99999999999999
99.0,68.05075695707009,65.00000000000001,74.74645949125318,75.6332921797234,66.875,65.00000000000001
100.0,68.04512926197536,64.99999999999999,74.74645949125318,75.6332921797234,66.875,64.99999999999999
101.0,68.0397441666615,65.00000000000001,74.74645949125318,75.6332921797234,66.875,65.00000000000001
102.0,68.03421005590312,64.99999999999999,74.59127174703674,75.6332921797234,66.875,64.99999999999999
103.0,68.03465057072282,65.00000000000001,74.59127174703674,75.6332921797234,66.875,65.00000000000001
104.0,68.04453899618498,64.99999999999999,74.19359444700808,75.6332921797234,66.875,64.99999999999999
105.0,68.08173464510378,65.00000000000001,74.08255820428967,75.6332921797234,66.875,65.00000000000001
106.0,68.18806319094199,64.99999999999999,74.08255820428967,75.6332921797234,66.875,64.99999999999999
107.0,68.46940754400951,65.00000000000001,74.08255820428967,75.6332921797234,66.875,65.00000000000001
108.0,68.48254328394462,64.99999999999999,74.08255820428967,75.6332921797234,66.875,64.99999999999999
109.0,68.50269231446272,65.00000000000001,74.08255820428967,75.6332921797234,66.875,65.00000000000001
110.0,68.56199554783633,64.99999999999999,74.08255820428967,75.6332921797234,66.875,64.99999999999999
111.0,68.72168117006892,65.00000000000001,74.08255820428967,75.6332921797234,66.875,65.00000000000001
112.0,69.14053437678768,64.99999999999999,74.08255820428967,75.6332921797234,66.875,64.99999999999999
113.0,69.51550145757325,65.00000000000001,74.08255820428967,73.04995884639006,66.875,65.00000000000001
114.0,70.48260755362634,65.01199999999999,74.08255820428967,73.04995884639006,66.875,64.99999999999999
115.0,70.80341055573591,65.02400000000002,74.08255820428967,73.04995884639006,66.875,65.00000000000001
116.0,70.8460376473608,65.03599999999999,74.08255820428967,73.04995884639006,66.875,64.99999999999999
117.0,70.88352167460822,65.04800000000002,74.08255820428967,73.04995884639006,66.875,65.00000000000001
118.0,70.91679672940708,65.05315136214305,74.08255820428967,73.04995884639006,66.875,64.99999999999999
119.0,70.94657592571406,65.15036432870217,74.08255820428967,73.04995884639006,66.875,65.00000000000001
120.0,70.97341460174685,65.41461656919034,74.08255820428967,73.04995884639006,66.875,64.99999999999999
121.0,70.99775266153094,66.13292863263901,74.08255820428967,73.04995884639006,66.875,65.00000000000001
122.0,71.01994375903928,68.08550326187434,74.08255820428967,73.04995884639006,66.875,64.99999999999999
123.0,71.04027591381858,73.20526680779795,74.08255820428967,73.04995884639006,66.875,65.00000000000001
124.0,71.05898638961857,73.38186386506682,74.08255820428967,73.04995884639006,66.875,64.99999999999999
125.0,71.07627263742665,73.53589838486225,74.08255820428967,73.04995884639006,66.875,65.00000000000001
126.0,71.09230048013755,73.67179882264863,74.08255820428967,73.04995884639006,66.875,64.99999999999999
127.0,71.10721032668629,73.79286509705092,74.08255820428967,73.04995884639006,66.875,65.00000000000001
128.0,71.12112195417124,73.90161332303406,74.08255820428967,73.04995884639006,66.875,64.99999999999999
129.0,71.13413823315499,74.00000000000001,74.08255820428967,73.04995884639006,66.875,65.00000000000001
130.0,71.14634806205821,74.089572499564,74.08255820428967,73.04995884639006,66.875,64.99999999999999
131.0,71.1578287020811,74.17157287525383,74.08255820428967,73.04995884639006,66.875,65.00000000000001
132.0,71.168647652437,74.24701119355325,74.08255820428967,73.04995884639006,66.875,64.99999999999999
133.0,71.17886416930658,74.31671842700027,74.08255820428967,73.04995884639006,66.875,65.00000000000001
134.0,71.18853050593236,74.38138531716808,74.08255820428967,73.04995884639006,66.875,64.99999999999999
135.0,71.19769293245697,74.44159140373269,74.08255820428967,73.04995884639006,66.875,65.00000000000001
136.0,71.20639258032368,74.4978270313151,74.08255820428967,73.04995884639006,66.875,64.99999999999999
137.0,71.21466614583842,74.55051025721683,74.08255820428967,73.04995884639006,66.875,65.00000000000001
138.0,71.22254647984285,74.6,74.08255820428967,73.04995884639006,66.875,64.99999999999999
139.0,71.23006308465945,74.6466063783418,74.08255820428967,73.04995884639006,66.875,65.00000000000001
140.0,71.23724253505726,74.6905989232415,74.08255820428967,73.04995884639006,66.875,64.99999999999999
141.0,71.24410883658557,74.73221316194464,74.08255820428967,73.04995884639006,66.875,65.00000000000001
142.0,71.25068373198859,74.77165594187538,74.08255820428967,73.04995884639006,66.875,64.99999999999999
143.0,71.2569869643518,74.80910976997934,74.08255820428967,73.04995884639006,66.875,65.00000000000001
144.0,71.26303650400938,74.84473637567869,74.08255820428967,73.04995884639006,66.875,64.99999999999999
145.0,71.2688487449559,74.87867965644037,74.08255820428967,73.04995884639006,66.875,65.00000000000001
146.0,71.27443867548001,74.91106812853162,74.08255820428967,73.04995884639006,66.875,64.99999999999999
147.0,71.27982002691637,74.94201697828991,74.08255820428967,73.04995884639006,66.875,65.00000000000001
148.0,71.2850054037476,74.97162978865155,74.08255820428967,73.04995884639006,66.875,64.99999999999999
149.0,71.29000639774915,75.00000000000001,74.08255820428967,73.04995884639006,66.875,65.00000000000001
150.0,71.29483368843337,75.02721215233571,74.08255820428967,73.04995884639006,66.875,64.99999999999999
151.0,71.29949713168655,75.05334294643086,74.08255820428967,73.04995884639006,66.875,65.00000000000001
152.0,71.30400583820003,75.07846215433894,74.08255820428967,73.04995884639006,66.875,64.99999999999999
153.0,71.30836824304889,75.10263340389899,74.08255820428967,73.04995884639006,66.875,65.00000000000001
154.0,71.31259216757037,75.12591485733672,74.08255820428967,73.04995884639006,66.875,64.99999999999999
155.0,71.31668487452502,75.14835980045491,74.08255820428967,73.04995884639006,66.875,65.00000000000001
156.0,71.32065311738144,75.17001715600874,74.08255820428967,73.04995884639006,66.875,64.99999999999999
157.0,71.32450318444553,75.19093193253343,74.08255820428967,73.04995884639006,66.875,65.00000000000001
158.0,71.32824093845782,75.21114561800016,74.08255820428967,73.04995884639006,66.875,64.99999999999999
159.0,71.3318718521944,75.23069652614124,74.08255820428967,73.04995884639006,66.875,65.00000000000001
160.0,71.33540104053718,75.24962010202525,74.08255820428967,73.04995884639006,66.875,64.99999999999999
161.0,71.33883328941734,75.26794919243113,74.08255820428967,73.04995884639006,66.875,65.00000000000001
162.0,71.34217308198401,75.28571428571428,74.08255820428967,73.04995884639006,66.875,64.99999999999999
163.0,71.34542462230392,75.3029437251523,74.08255820428967,73.04995884639006,66.875,65.00000000000001
164.0,71.3485918568627,75.31966389916637,74.08255820428967,73.04995884639006,66.875,64.99999999999999
165.0,71.3516784941006,75.33589941132432,74.08255820428967,73.04995884639006,66.875,65.00000000000001
166.0,71.35468802219245,75.35167323261572,74.08255820428967,73.04995884639006,66.875,64.99999999999999
167.0,71.35762372525217,75.36700683814456,74.08255820428967,73.04995884639006,66.875,65.00000000000001
168.0,71.3604886981234,75.38192033008822,74.08255820428967,73.04995884639006,66.875,64.99999999999999
169.0,71.36328585989925,75.39643254852547,74.08255820428967,73.04995884639006,66.875,65.00000000000001
170.0,71.3660179662958,75.41056117152193,74.08255820428967,73.04995884639006,66.875,64.99999999999999
171.0,71.36868762099299,75.42432280568335,74.08255820428967,73.04995884639006,66.875,65.00000000000001
172.0,71.37129728604128,75.4377330682301,74.08255820428967,73.04995884639006,66.875,64.99999999999999
173.0,71.37384929142314,75.45080666151705,74.08255820428967,75.30417212670274,66.875,65.00000000000001
174.0,71.37634584384914,75.47764498741888,74.08255820428967,75.30417212670274,66.875,64.99999999999999
175.0,71.37878903485833,75.50417356922502,74.08255820428967,75.30417212670274,66.875,65.00000000000001
176.0,71.38118084828713,75.53040474780403,74.08255820428967,75.30417212670274,66.875,64.99999999999999
177.0,71.38352316716389,75.5563501864546,74.08255820428967,75.30417212670274,66.875,65.00000000000001
178.0,71.38581778007845,75.57398087591025,74.08255820428967,75.30417212670274,66.875,64.99999999999999
179.0,71.3880663870753,75.69942414904979,74.08255820428967,75.30417212670274,66.875,65.00000000000001
180.0,71.39027060510888,76.02071085482925,74.08255820428967,75.30417212670274,66.875,64.99999999999999
181.0,71.39243197310059,76.87480165996836,74.08255820428967,75.30417212670274,66.875,65.00000000000001
182.0,71.39455195663031,79.17763401532174,74.08255820428967,75.30417212670274,66.875,64.99999999999999
183.0,71.39663195229221,74.63267321935469,74.08255820428967,75.30417212670274,66.875,65.00000000000001
184.0,71.39867329174402,64.99999999999999,74.08255820428967,75.30417212670274,66.875,64.99999999999999
185.0,71.4006772454733,65.00000000000001,74.08255820428967,67.08754661364601,66.875,65.00000000000001
186.0,71.40264502630491,64.97599999999998,74.08255820428967,67.08754661364601,66.875,64.99999999999999
187.0,71.40457779266838,64.952,74.08255820428967,67.08754661364601,66.875,65.0
188.0,71.40647665164627,64.92800000000001,74.08255820428967,67.08754661364601,66.875,65.0
189.0,71.40834266181882,64.90400000000001,74.08255820428967,67.08754661364601,66.875,65.0
190.0,71.41017683592138,64.89369727571388,74.08255820428967,67.08754661364601,66.875,65.0
191.0,71.41198014332865,64.69927134259568,74.08255820428967,67.08754661364601,66.875,65.0
192.0,71.41375351237865,64.1707668616193,74.08255820428967,67.08754661364601,66.875,65.00000000000001
193.0,71.41549783254892,62.73414273472201,74.08255820428967,67.08754661364601,66.875,65.0
194.0,71.41721395649479,58.828993476251306,74.08255820428967,67.08754661364601,66.875,65.0
195.0,71.41890270196102,52.692099788303075,74.08255820428967,67.08754661364601,66.875,65.0
196.0,71.42056485357477,56.61813613493316,74.08255820428967,67.08754661364601,66.875,64.99999999999999
197.0,71.42220116452911,56.46410161513776,74.08255820428967,67.08754661364601,66.875,65.0
198.0,71.42381235816474,56.32820117735137,74.08255820428967,67.08754661364601,66.875,65.0
199.0,71.4253991294567,56.20713490294909,74.08255820428967,67.08754661364601,66.875,65.0
200.0,71.42696214641306,56.09838667696594,74.08255820428967,67.08754661364601,66.875,65.0
201.0,71.42850205139094,56.0,74.08255820428967,67.08754661364601,66.875,65.0
202.0,71.4300194623366,55.91042750043599,74.08255820428967,67.08754661364601,66.875,65.0
203.0,71.43151497395372,55.82842712474619,74.08255820428967,67.08754661364601,66.875,65.0
204.0,71.43298915880494,55.75298880644675,74.08255820428967,67.08754661364601,66.875,65.0
205.0,71.43444256835112,55.68328157299974,74.08255820428967,67.08754661364601,66.875,65.0
206.0,71.43587573393233,55.61861468283191,74.08255820428967,67.08754661364601,66.875,65.0
207.0,71.43728916769508,55.55840859626733,74.08255820428967,67.08754661364601,66.875,65.0
208.0,71.43868336346726,55.5021729686849,74.08255820428967,67.08754661364601,66.875,65.0
209.0,71.44005879758681,55.44948974278318,74.08255820428967,67.08754661364601,66.875,65.0
210.0,71.4414159296844,55.400000000000006,74.08255820428967,67.08754661364601,66.875,65.0
211.0,71.4427552034252,55.353393621658206,74.08255820428967,67.08754661364601,66.875,65.0
212.0,71.4440770472108,55.30940107675851,74.08255820428967,67.08754661364601,66.875,65.0
213.0,71.4453818748442,55.267786838055365,74.08255820428967,67.08754661364601,66.875,65.0
214.0,71.44667008616045,55.22834405812463,74.08255820428967,67.08754661364601,66.875,65.0
215.0,71.44794206762457,55.19089023002066,74.08255820428967,67.08754661364601,66.875,65.0
216.0,71.44919819289854,55.1552636243213,74.08255820428967,67.08754661364601,66.875,65.00000000000001
217.0,71.4504388233803,55.12132034355964,74.08255820428967,67.08754661364601,66.875,65.0
218.0,71.45166430871423,55.08893187146837,74.08255820428967,67.08754661364601,66.875,65.0
219.0,71.45287498727784,55.0579830217101,74.08255820428967,67.08754661364601,66.875,65.0
220.0,71.45407118664308,55.02837021134844,74.08255820428967,67.08754661364601,66.875,65.0
221.0,71.45525322401546,55.0,74.08255820428967,67.08754661364601,66.875,65.0
222.0,71.45642140665171,54.972787847664286,74.08255820428967,67.08754661364601,66.875,65.0
223.0,71.4575760322572,54.94665705356915,74.08255820428967,67.08754661364601,66.875,65.0
224.0,71.45871738936479,54.92153784566105,74.08255820428967,67.08754661364601,66.875,65.0
225.0,71.4598457576949,54.89736659610102,74.08255820428967,67.08754661364601,66.875,65.0
226.0,71.46096140849882,54.87408514266327,74.08255820428967,67.08754661364601,66.875,65.0
227.0,71.46206460488672,54.8516401995451,74.08255820428967,67.08754661364601,66.875,65.0
228.0,71.46315560213928,54.82998284399125,74.08255820428967,67.08754661364601,66.875,65.0
229.0,71.46423464800561,54.809068067466576,74.08255820428967,67.08754661364601,66.875,65.0
230.0,71.46530198298744,54.78885438199983,74.08255820428967,67.08754661364601,66.875,65.0
231.0,71.46635784061075,54.76930347385876,74.08255820428967,67.08754661364601,66.875,65.0
232.0,71.46740244768422,54.75037989797474,74.08255820428967,67.08754661364601,66.875,65.0
233.0,71.4684360245473,54.732050807568875,74.08255820428967,67.08754661364601,66.875,65.0
234.0,71.46945878530643,54.714285714285715,74.08255820428967,67.08754661364601,66.875,65.0
235.0,71.47047093806138,54.69705627484771,74.08255820428967,62.93941125496954,66.875,65.0
236.0,71.47147268512121,54.69027551208859,74.08255820428967,62.93941125496954,66.875,65.0
237.0,71.47246422321126,54.683979411185625,74.08255820428967,62.93941125496954,66.875,65.0
238.0,71.47344574367143,54.678145001149176,74.08255820428967,62.93941125496954,66.875,65.0
239.0,71.47441743264503,54.672750806875335,74.08255820428967,62.93941125496954,66.875,65.0
240.0,71.47537947126091,54.66210410717026,74.08255820428967,62.93941125496954,66.875,65.0
241.0,71.47633203580666,54.72811185989522,74.08255820428967,62.93941125496954,66.875,65.0
242.0,71.47727529789593,54.93285921133701,74.08255820428967,62.93941125496954,66.875,65.0
243.0,71.47820942462711,55.51406416117744,74.08255820428967,62.93941125496954,66.875,65.0
244.0,71.47913457873719,57.11794075246315,74.08255820428967,62.93941125496954,66.875,65.0
245.0,71.48005091874809,61.345486776770876,74.08255820428967,62.93941125496954,66.875,65.0
246.0,71.4809585991077,61.47900856236706,74.08255820428967,62.93941125496954,66.875,65.0
247.0,71.48185777032477,61.59415189715029,74.08255820428967,62.93941125496954,66.875,65.0
248.0,71.4827485790991,61.69457246025903,74.08255820428967,62.93941125496954,66.875,65.0
249.0,71.48363116844546,61.78299185908805,74.08255820428967,62.93941125496954,66.875,65.0
250.0,71.48450567781362,61.861483119266474,74.08255820428967,62.93941125496954,66.875,65.0
251.0,71.48537224320309,61.93165633297915,74.08255820428967,62.93941125496954,66.875,65.0
252.0,71.48623099727381,61.99478326602801,74.08255820428967,62.93941125496954,66.875,65.0
253.0,71.48708206945186,62.05188330539059,74.08255820428967,62.93941125496954,66.875,65.0
254.0,71.48792558603206,62.10378416469862,74.08255820428967,62.93941125496954,66.875,65.0
255.0,71.48876167027575,62.151165663926975,74.08255820428967,62.93941125496954,66.875,65.0
256.0,71.4895904425053,62.19459189055484,74.08255820428967,62.93941125496954,66.875,65.0
257.0,71.49041202019505,62.23453521763011,74.08255820428967,62.93941125496954,66.875,65.0
258.0,71.49122651805874,62.271394507420844,74.08255820428967,62.93941125496954,66.875,65.0
259.0,71.4920340481337,62.30550909336608,74.08255820428967,62.93941125496954,66.875,65.0
260.0,71.49283471986203,62.33716965003074,74.08255820428967,62.93941125496954,66.875,65.0
261.0,71.49362864016832,62.366626737319315,74.08255820428967,62.93941125496954,66.875,65.0
262.0,71.49441591353563,62.39409758460419,74.08255820428967,62.93941125496954,66.875,65.0
263.0,71.49519664207729,62.419771527439785,74.08255820428967,62.93941125496954,66.875,65.0
264.0,71.49597092560707,62.44381440180842,74.08255820428967,62.93941125496954,66.875,65.0
265.0,71.4967388617065,62.466372123913565,74.08255820428967,62.93941125496954,66.875,65.0
266.0,71.49750054579034,62.48757362788575,74.08255820428967,62.93941125496954,66.875,65.0
267.0,71.49825607116841,62.50753329301998,74.08255820428967,62.93941125496954,66.875,65.0
268.0,71.49900552910663,62.52635296200105,74.08255820428967,62.93941125496954,66.875,65.0
269.0,71.49974900888535,62.54412362900869,74.08255820428967,62.93941125496954,66.875,65.0
270.0,71.50048659785567,62.560926859554684,74.08255820428967,62.93941125496954,66.875,65.0
271.0,71.50121838149353,62.576835990915875,74.08255820428967,62.93941125496954,66.875,65.0
272.0,71.5019444434526,62.59191715204644,74.08255820428967,62.93941125496954,66.875,65.0
273.0,71.50266486561488,62.60623013411895,74.08255820428967,62.93941125496954,66.875,65.0
274.0,71.50337972813975,62.61982913680941,74.08255820428967,62.93941125496954,66.875,65.0
275.0,71.50408910951106,62.63276341069607,74.08255820428967,62.93941125496954,66.875,65.0
276.0,71.50479308658332,62.6450778123893,74.08255820428967,62.93941125496954,66.875,65.0
277.0,71.50549173462558,62.656813286019265,74.08255820428967,62.93941125496954,66.875,65.0
278.0,71.50618512736442,62.66800728231541,74.08255820428967,62.93941125496954,66.875,65.0
279.0,71.50687333702507,62.67869412458148,74.08255820428967,62.93941125496954,66.875,65.0
280.0,71.50755643437186,62.68890532930917,74.08255820428967,62.93941125496954,66.875,65.0
281.0,71.50823448874634,62.69866988790042,74.08255820428967,62.93941125496954,66.875,65.0
282.0,71.50890756810527,62.70801451492968,74.08255820428967,62.93941125496954,66.875,65.0
283.0,71.50957573905659,62.71696386752143,74.08255820428967,62.93941125496954,66.875,65.0
284.0,71.5102390668943,62.72554073971353,74.08255820428967,62.93941125496954,66.875,65.0
285.0,71.51089761563314,62.73376623509137,74.08255820428967,62.93941125496954,66.875,65.0
286.0,71.51155144804049,62.74165992049176,74.08255820428967,62.93941125496954,66.875,65.0
287.0,71.51220062566934,62.74923996316784,74.08255820428967,62.93941125496954,66.875,65.0
288.0,71.51284520888798,62.756523253466135,74.08255820428967,62.93941125496954,66.875,65.0
289.0,71.513485256911,62.76352551477911,74.08255820428967,62.93941125496954,66.875,65.0
290.0,71.51412082782741,62.77026140229457,74.08255820428967,62.93941125496954,66.875,65.0
291.0,71.51475197862939,62.776744591857515,74.08255820428967,62.93941125496954,66.875,65.0
292.0,71.51537876523895,62.782987860085974,74.08255820428967,62.93941125496954,66.875,65.0
293.0,71.51600124253481,62.78900315673295,74.08255820428967,62.93941125496954,66.875,65.0
294.0,71.51661946437746,62.7948016701599,74.08255820428967,62.93941125496954,66.875,65.0
295.0,71.51723348363467,62.80039388667746,74.08255820428967,62.93941125496954,66.875,65.0
296.0,71.51784335220499,62.805789644416336,74.08255820428967,62.93941125496954,66.875,65.0
297.0,71.51844912104148,62.810998182308964,74.08255820428967,62.93941125496954,66.875,65.0
298.0,71.5190508401741,62.816028184694346,74.08255820428967,62.93941125496954,66.875,65.0
299.0,71.5196485587319,62.82088782199637,74.08255820428967,62.93941125496954,66.875,65.0
300.0,71.52024232496449,62.82558478787479,74.08255820428967,62.93941125496954,66.875,65.0
301.0,71.52083218626255,62.830126333200894,74.08255820428967,62.93941125496954,66.875,65.0
302.0,71.521418189178,62.83451929717157,74.08255820428967,62.93941125496954,66.875,65.0
303.0,71.5220003794437,62.83877013583893,74.08255820428967,62.93941125496954,66.875,65.0
304.0,71.52257880199242,62.8428849483036,74.08255820428967,62.93941125496954,66.875,65.0
305.0,71.52315350097508,62.84686950079188,74.08255820428967,62.93941125496954,66.875,65.0
306.0,71.52372451977912,62.8507292488143,74.08255820428967,62.93941125496954,66.875,65.0
307.0,71.52429190104533,62.85446935758129,74.08255820428967,62.93941125496954,66.875,65.0
308.0,71.52485568668537,62.85809472083471,74.08255820428967,62.93941125496954,66.875,65.0
309.0,71.52541591789786,62.86160997823624,74.08255820428967,62.93941125496954,66.875,65.0
310.0,71.5259726351846,62.86501953144083,74.08255820428967,62.93941125496954,66.875,65.0
311.0,71.52652587836586,62.868327558969156,74.08255820428967,62.93941125496954,66.875,65.0
312.0,71.52707568659606,62.871538029983135,74.08255820428967,62.93941125496954,66.875,65.0
313.0,71.52762209837762,62.87465471705733,74.08255820428967,62.93941125496954,66.875,65.0
314.0,71.52816515157616,62.87768120803088,74.08255820428967,62.93941125496954,66.875,65.0
315.0,71.52870488343402,62.88062091701605,74.08255820428967,62.93941125496954,66.875,65.0
316.0,71.52924133058362,62.88347709463284,74.08255820428967,62.93941125496954,66.875,65.0
317.0,71.52977452906113,62.88625283753194,74.08255820428967,62.93941125496954,66.875,65.0
318.0,71.53030451431898,62.888951097263565,74.08255820428967,62.93941125496954,66.875,65.0
319.0,71.53083132123848,62.89157468854351,74.08255820428967,62.93941125496954,66.875,65.0
320.0,71.53135498414179,62.89412629696397,74.08255820428967,62.93941125496954,66.875,65.0
321.0,71.53187553680425,62.89660848619176,74.08255820428967,62.93941125496954,66.875,65.0
322.0,71.53239301246522,62.8990237046936,74.08255820428967,62.93941125496954,66.875,65.0
323.0,71.53290744384003,62.901374292023775,74.08255820428967,62.93941125496954,66.875,65.0
324.0,71.53341886313035,62.9036624847076,74.08255820428967,62.93941125496954,66.875,65.0
325.0,71.5339273020352,62.90589042174988,74.08255820428967,62.93941125496954,66.875,65.0
326.0,71.53443279176129,62.9080601497966,74.08255820428967,62.93941125496954,66.875,65.0
327.0,71.53493536303309,62.91017362797444,74.08255820428967,62.93941125496954,66.875,65.0
328.0,71.53543504610249,62.912232732431725,74.08255820428967,62.93941125496954,66.875,65.0
329.0,71.53593187075894,62.91423926060161,74.08255820428967,62.93941125496954,66.875,65.0
330.0,71.53642586633835,62.91619493520739,74.08255820428967,62.93941125496954,66.875,65.0
331.0,71.5369170617323,62.91810140802773,74.08255820428967,62.93941125496954,66.875,65.0
332.0,71.53740548539714,62.919960263438405,74.08255820428967,62.93941125496954,66.875,65.0
333.0,71.53789116536275,62.92177302174585,74.08255820428967,62.93941125496954,66.875,65.0
334.0,71.5383741292406,62.923541142326656,74.08255820428967,62.93941125496954,66.875,65.0
335.0,71.53885440423228,62.92526602658586,74.08255820428967,62.93941125496954,66.875,65.0
336.0,71.53933201713785,62.92694902074629,74.08255820428967,62.93941125496954,66.875,65.0
337.0,71.53980699436313,62.92859141847983,74.08255820428967,62.93941125496954,66.875,65.0
338.0,71.54027936192763,62.93019446339116,74.08255820428967,62.93941125496954,66.875,65.0
339.0,71.54074914547223,62.931759351363205,74.08255820428967,62.93941125496954,66.875,65.0
340.0,71.54121637026645,62.93328723277352,74.08255820428967,62.93941125496954,66.875,65.0
341.0,71.54168106121507,62.934779214589405,74.08255820428967,62.93941125496954,66.875,65.0
342.0,71.54214324286598,62.93623636234967,74.08255820428967,62.93941125496954,66.875,65.0
343.0,71.54260293941606,62.9376597020399,74.08255820428967,62.93941125496954,66.875,65.0
344.0,71.54306017471869,62.93905022186804,74.08255820428967,62.93941125496954,66.875,65.0
345.0,71.54351497228934,62.94040887394605,74.08255820428967,62.93941125496954,66.875,65.0
346.0,71.5439673553129,62.941736575883795,74.08255820428967,62.93941125496954,66.875,65.0
347.0,71.54441734664893,62.94303421229997,74.08255820428967,62.93941125496954,66.875,65.0
348.0,71.54486496883817,62.94430263625543,74.08255820428967,62.93941125496954,66.875,65.0
349.0,71.54531024410859,62.9455426706132,74.08255820428967,62.93941125496954,66.875,65.0
350.0,71.5457531943809,62.94675510932967,74.08255820428967,62.93941125496954,66.875,65.0
351.0,71.54619384127396,62.94794071868096,74.08255820428967,62.93941125496954,66.875,65.0
352.0,71.54663220611091,62.94910023842804,74.08255820428967,62.93941125496954,66.875,65.0
353.0,71.54706830992407,62.9502343829243,74.08255820428967,62.93941125496954,66.875,65.0
354.0,71.54750217346033,62.95134384216888,74.08255820428967,62.93941125496954,66.875,65.0
355.0,71.54793381718633,62.95242928280846,74.08255820428967,62.93941125496954,66.875,65.0
356.0,71.54836326129336,62.95349134909093,74.08255820428967,62.93941125496954,66.875,65.0
357.0,71.54879052570264,62.95453066377309,74.08255820428967,62.93941125496954,66.875,65.0
358.0,71.54921563006955,62.955547828985424,74.08255820428967,62.93941125496954,66.875,65.0
359.0,71.54963859378881,62.95654342705566,74.08255820428967,62.93941125496954,66.875,65.0
360.0,71.55005943599888,62.95751802129416,74.08255820428967,62.93941125496954,66.875,65.0
361.0,71.55047817558638,62.95847215674234,74.08255820428967,62.93941125496954,66.875,65.0
362.0,71.55089483119083,62.959406360886845,74.08255820428967,62.93941125496954,66.875,65.0
363.0,71.55130942120846,62.960321144340725,74.08255820428967,62.93941125496954,66.875,65.0
364.0,71.55172196379694,62.961217001493765,74.08255820428967,62.93941125496954,66.875,65.0
365.0,71.55213247687887,62.9620944111333,74.08255820428967,62.93941125496954,66.875,65.0
366.0,71.55254097814664,62.96295383703722,74.08255820428967,62.93941125496954,66.875,65.0
367.0,71.55294748506533,62.963795728540475,74.08255820428967,62.93941125496954,66.875,65.0
368.0,71.55335201487762,62.9646205210766,74.08255820428967,62.93941125496954,66.875,65.0
369.0,71.55375458460703,62.9654286366953,74.08255820428967,62.93941125496954,66.875,65.0
370.0,71.55415521106146,62.966220484557596,74.08255820428967,62.93941125496954,66.875,65.0
371.0,71.55455391083716,62.96699646140925,74.08255820428967,62.93941125496954,66.875,65.0
372.0,71.55495070032221,62.967756952034165,74.08255820428967,62.93941125496954,66.875,65.0
373.0,71.55534559569982,62.96850232968793,74.08255820428967,62.93941125496954,66.875,65.0
374.0,71.55573861295196,62.969232956513345,74.08255820428967,62.93941125496954,66.875,65.0
375.0,71.55612976786237,62.969949183938155,74.08255820428967,62.93941125496954,66.875,65.0
376.0,71.55651907602031,62.970651353056176,74.08255820428967,62.93941125496954,66.875,65.0
377.0,71.55690655282318,62.97133979499251,74.08255820428967,62.93941125496954,66.875,65.0
378.0,71.55729221348014,62.972014831253695,74.08255820428967,62.93941125496954,66.875,65.0
379.0,71.55767607301469,62.97267677406336,74.08255820428967,62.93941125496954,66.875,65.0
380.0,71.55805814626841,62.973325926684254,74.08255820428967,62.93941125496954,66.875,65.0
381.0,71.55843844790299,62.97396258372705,74.08255820428967,62.93941125496954,66.875,65.0
382.0,71.55881699240372,62.97458703144688,74.08255820428967,62.93941125496954,66.875,65.0
383.0,71.5591937940823,62.97519954802775,74.08255820428967,62.93941125496954,66.875,65.0
384.0,71.5595688670792,62.97580040385583,74.08255820428967,62.93941125496954,66.875,65.0
385.0,71.55994222536684,62.97638986178168,74.08255820428967,62.93941125496954,66.875,65.0
386.0,71.560313882752,62.976968177372434,74.08255820428967,62.93941125496954,66.875,65.0
387.0,71.56068385287846,62.97753559915376,74.08255820428967,62.93941125496954,66.875,65.0
388.0,71.56105214922955,62.978092368842795,74.08255820428967,62.93941125496954,66.875,65.0
389.0,71.56141878513075,62.97863872157166,74.08255820428967,62.93941125496954,66.875,65.0
390.0,71.56178377375205,62.97917488610278,74.08255820428967,62.93941125496954,66.875,65.0
391.0,71.56214712811033,62.97970108503559,74.08255820428967,62.93941125496954,66.875,65.0
392.0,71.56250886107189,62.98021753500574,74.08255820428967,62.93941125496954,66.875,65.0
393.0,71.56286898535457,62.98072444687646,74.08255820428967,62.93941125496954,66.875,65.0
394.0,71.56322751353,62.981222025922996,74.08255820428967,62.93941125496954,66.875,65.0
395.0,71.56358445802641,62.98171047200996,74.08255820428967,62.93941125496954,66.875,65.0
396.0,71.56393983112979,62.98218997976221,74.08255820428967,62.93941125496954,66.875,65.0
397.0,71.56429364498679,62.98266073872935,74.08255820428967,62.93941125496954,66.875,65.0
398.0,71.5646459116068,62.98312293354431,74.08255820428967,62.93941125496954,66.875,65.0
399.0,71.56499664286368,62.98357674407587,74.08255820428967,62.93941125496954,66.875,65.0
400.0,71.56534585049799,62.98402234557602,74.08255820428967,62.93941125496954,66.875,65.0
401.0,71.56569354611891,62.98445990882166,74.08255820428967,62.93941125496954,66.875,65.0
402.0,71.56603974120624,62.98488960025143,74.08255820428967,62.93941125496954,66.875,65.0
403.0,71.56638444711241,62.985311582097495,74.08255820428967,62.93941125496954,66.875,65.0
404.0,71.56672767506412,62.98572601251281,74.08255820428967,62.93941125496954,66.875,65.0
405.0,71.56706943616439,62.98613304569372,74.08255820428967,62.93941125496954,66.875,65.0
406.0,71.56740974139414,62.9865328319984,74.08255820428967,62.93941125496954,66.875,65.0
407.0,71.56774860161441,62.98692551806104,74.08255820428967,62.93941125496954,66.875,65.0
408.0,71.56808602756763,62.98731124690215,74.08255820428967,62.93941125496954,66.875,65.0
409.0,71.56842202987941,62.98769015803496,74.08255820428967,62.93941125496954,66.875,65.0
410.0,71.56875661906071,62.98806238756824,74.08255820428967,62.93941125496954,66.875,65.0
411.0,71.56908980550882,62.988428068305524,74.08255820428967,62.93941125496954,66.875,65.0
412.0,71.56942159950941,62.98878732984107,74.08255820428967,62.93941125496954,66.875,65.0
413.0,71.56975201123792,62.98914029865239,74.08255820428967,62.93941125496954,66.875,65.0
414.0,71.57008105076136,62.989487098189876,74.08255820428967,62.93941125496954,66.875,65.0
415.0,71.57040872803961,62.98982784896321,74.08255820428967,62.93941125496954,66.875,65.0
416.0,71.57073505292696,62.99016266862506,74.08255820428967,62.93941125496954,66.875,65.0
417.0,71.57106003517377,62.990491672051895,74.08255820428967,62.93941125496954,66.875,65.0
418.0,71.57138368442772,62.99081497142217,74.08255820428967,62.93941125496954,66.875,65.0
419.0,71.57170601023545,62.991132676291926,74.08255820428967,62.93941125496954,66.875,65.0
420.0,71.57202702204368,62.99144489366794,74.08255820428967,62.93941125496954,66.875,65.0
421.0,71.5723467292009,62.99175172807846,74.08255820428967,62.93941125496954,66.875,65.0
422.0,71.57266514095859,62.992053281641695,74.08255820428967,62.93941125496954,66.875,65.0
423.0,71.57298226647258,62.99234965413203,74.08255820428967,62.93941125496954,66.875,65.0
424.0,71.57329811480429,62.99264094304422,74.08255820428967,62.93941125496954,66.875,65.0
425.0,71.57361269492202,62.992927243655366,74.08255820428967,62.93941125496954,66.875,65.0
426.0,71.57392601570248,62.99320864908518,74.08255820428967,62.93941125496954,66.875,65.0
427.0,71.57423808593158,62.993485250354034,74.08255820428967,62.93941125496954,66.875,65.0
428.0,71.57454891430619,62.993757136439456,74.08255820428967,62.93941125496954,66.875,65.0
429.0,71.57485850943476,62.99402439433069,74.08255820428967,62.93941125496954,66.875,65.0
430.0,71.57516687983899,62.994287109081604,74.08255820428967,62.93941125496954,66.875,65.0
431.0,71.57547403395479,62.99454536386202,74.08255820428967,62.93941125496954,66.875,65.0
432.0,71.57577998013345,62.994799240007275,74.08255820428967,62.93941125496954,66.875,65.0
433.0,71.57608472664288,62.99504881706651,74.08255820428967,62.93941125496954,66.875,65.0
434.0,71.57638828166819,62.9952941728493,74.08255820428967,62.93941125496954,66.875,65.0
435.0,71.57669065331369,62.995535383470866,74.08255820428967,62.93941125496954,66.875,65.0
436.0,71.57699184960315,62.99577252339608,74.08255820428967,62.93941125496954,66.875,65.0
437.0,71.57729187848132,62.996005665481874,74.08255820428967,62.93941125496954,66.875,65.0
438.0,71.57759074781468,62.9962348810187,74.08255820428967,62.93941125496954,66.875,65.0
439.0,71.57788846539282,62.99646023977044,74.08255820428967,62.93941125496954,66.875,65.0
440.0,71.57818503892895,62.99668181001334,74.08255820428967,62.93941125496954,66.875,65.0
441.0,71.57848047606119,62.99689965857365,74.08255820428967,62.93941125496954,66.875,65.0
442.0,71.57877478435375,62.99711385086429,74.08255820428967,62.93941125496954,66.875,65.0
443.0,71.57906797129725,62.99732445092031,74.08255820428967,62.93941125496954,66.875,65.0
444.0,71.57936004431043,62.997531521433416,74.08255820428967,62.93941125496954,66.875,65.0
445.0,71.57965101074039,62.99773512378537,74.08255820428967,62.93941125496954,66.875,65.0
446.0,71.579940877864,62.99793531808056,74.08255820428967,62.93941125496954,66.875,65.0
447.0,71.58022965288848,62.99813216317752,74.08255820428967,62.93941125496954,66.875,65.0
448.0,71.5805173429524,62.99832571671961,74.08255820428967,62.93941125496954,66.875,65.0
449.0,71.58080395512657,62.99851603516476,74.08255820428967,62.93941125496954,66.875,65.0
450.0,71.58108949641486,62.998703173814455,74.08255820428967,62.93941125496954,66.875,65.0
451.0,71.58137397375502,62.998887186841735,74.08255820428967,62.93941125496954,66.875,65.0
452.0,71.58165739401964,62.99906812731863,74.08255820428967,62.93941125496954,66.875,65.0
453.0,71.58193976401672,62.999246047242615,74.08255820428967,62.93941125496954,66.875,65.0
454.0,71.58222109049065,62.99942099756243,74.08255820428967,62.93941125496954,66.875,65.0
455.0,71.582501380123,62.99959302820316,74.08255820428967,62.93941125496954,66.875,65.0
456.0,71.5827806395331,62.999762188090614,74.08255820428967,62.93941125496954,66.875,65.0
457.0,71.58305887527912,62.99992852517502,74.08255820428967,62.93941125496954,66.875,65.0
458.0,71.58333609385868,63.00009208645409,74.08255820428967,62.93941125496954,66.875,65.0
459.0,71.58361230170932,63.000252917995375,74.08255820428967,62.93941125496954,66.875,65.0
460.0,71.58388750520976,63.00041106495821,74.08255820428967,62.93941125496954,66.875,65.0
461.0,71.58416171068028,63.00056657161472,74.08255820428967,62.93941125496954,66.875,65.0
462.0,71.58443492438319,63.000719481370645,74.08255820428967,62.93941125496954,66.875,65.0
463.0,71.58470715252433,63.000869836785235,74.08255820428967,62.93941125496954,66.875,65.0
464.0,71.58497840125285,63.001017679590994,74.08255820428967,62.93941125496954,66.875,65.0
465.0,71.58524867666237,63.00116305071246,74.08255820428967,62.93941125496954,66.875,65.0
466.0,71.58551798479161,63.001305990284884,74.08255820428967,62.93941125496954,66.875,65.0
467.0,71.58578633162507,63.001446537672116,74.08255820428967,62.93941125496954,66.875,65.0
468.0,71.58605372309351,63.001584731484286,74.08255820428967,62.93941125496954,66.875,65.0
469.0,71.5863201650745,63.001720609594656,74.08255820428967,62.93941125496954,66.875,65.0
470.0,71.58658566339359,63.001854209156456,74.08255820428967,62.93941125496954,66.875,65.0
471.0,71.58685022382441,63.00198556661892,74.08255820428967,62.93941125496954,66.875,65.0
472.0,71.58711385208925,63.00211471774315,74.08255820428967,62.93941125496954,66.875,65.0
473.0,71.58737655386014,63.002241697617336,74.08255820428967,62.93941125496954,66.875,65.0
474.0,71.58763833475885,63.00236654067188,74.08255820428967,62.93941125496954,66.875,65.0
475.0,71.58789920035811,63.002489280693794,74.08255820428967,62.93941125496954,66.875,65.0
476.0,71.58815915618145,63.00260995084104,74.08255820428967,62.93941125496954,66.875,65.0
477.0,71.58841820770452,63.00272858365625,74.08255820428967,62.93941125496954,66.875,65.0
478.0,71.58867636035501,63.002845211080256,74.08255820428967,62.93941125496954,66.875,65.0
479.0,71.58893361951364,63.002959864465204,74.08255820428967,62.93941125496954,66.875,65.0
480.0,71.5891899905144,63.00307257458738,74.08255820428967,62.93941125496954,66.875,65.0
481.0,71.58944547864529,63.00318337165964,74.08255820428967,62.93941125496954,66.875,65.0
482.0,71.58970008914878,63.00329228534363,74.08255820428967,62.93941125496954,66.875,65.0
483.0,71.58995382722243,63.00339934476161,74.08255820428967,62.93941125496954,66.875,65.0
484.0,71.59020669801902,63.00350457850802,74.08255820428967,62.93941125496954,66.875,65.0
485.0,71.59045870664752,63.00360801466076,74.08255820428967,62.93941125496954,66.875,65.0
486.0,71.59070985817338,63.00370968079222,74.08255820428967,62.93941125496954,66.875,65.0
487.0,71.59096015761902,63.0038096039799,74.08255820428967,62.93941125496954,66.875,65.0
488.0,71.59120960996425,63.00390781081703,74.08255820428967,62.93941125496954,66.875,65.0
489.0,71.59145822014699,63.0040043274226,74.08255820428967,62.93941125496954,66.875,65.0
490.0,71.59170599306329,63.00409917945149,74.08255820428967,62.93941125496954,66.875,65.0
491.0,71.59195293356846,63.00419239210398,74.08255820428967,62.93941125496954,66.875,65.0
492.0,71.59219904647686,63.004283990135455,74.08255820428967,62.93941125496954,66.875,65.0
493.0,71.59244433656265,63.00437399786545,74.08255820428967,62.93941125496954,66.875,65.0
494.0,71.59268880856027,63.004462439186824,74.08255820428967,62.93941125496954,66.875,65.0
495.0,71.59293246716493,63.004549337574446,74.08255820428967,62.93941125496954,66.875,65.0
496.0,71.5931753170327,63.004634716093925,74.08255820428967,62.93941125496954,66.875,65.0
497.0,71.59341736278141,63.00471859740983,74.08255820428967,62.93941125496954,66.875,65.0
498.0,71.59365860899062,63.00480100379408,74.08255820428967,62.93941125496954,66.875,65.0
499.0,71.59389906020236,63.00488195713378,74.08255820428967,62.93941125496954,66.875,65.0
500.0,71.59413872092152,63.004961478939144,74.08255820428967,62.93941125496954,66.875,65.0
501.0,71.59437759561597,63.005039590351004,74.08255820428967,62.93941125496954,66.875,65.0
502.0,71.59461568871718,63.005116312148424,74.08255820428967,62.93941125496954,66.875,65.0
503.0,71.59485300462062,63.00519166475578,74.08255820428967,62.93941125496954,66.875,65.0
504.0,71.5950895476861,63.005265668250026,74.08255820428967,62.93941125496954,66.875,65.0
505.0,71.5953253222383,63.00533834236753,74.08255820428967,62.93941125496954,66.875,65.0
506.0,71.5955603325666,63.005409706510925,74.08255820428967,62.93941125496954,66.875,65.0
507.0,71.59579458292637,63.00547977975566,74.08255820428967,62.93941125496954,66.875,65.0
508.0,71.59602807753845,63.00554858085656,74.08255820428967,62.93941125496954,66.875,65.0
509.0,71.59626082058999,63.00561612825404,74.08255820428967,62.93941125496954,66.875,65.0
510.0,71.59649281623469,63.005682440080385,74.08255820428967,62.93941125496954,66.875,65.0
511.0,71.59672406859318,63.0057475341657,74.08255820428967,62.93941125496954,66.875,65.0
512.0,71.59695458175334,63.0058114280439,74.08255820428967,62.93941125496954,66.875,65.0
513.0,71.59718435977074,63.0058741389584,74.08255820428967,62.93941125496954,66.875,65.0
514.0,71.59741340666885,63.0059356838678,74.08255820428967,62.93941125496954,66.875,65.0
515.0,71.59764172643924,63.005996079451364,74.08255820428967,62.93941125496954,66.875,65.0
516.0,71.59786932304222,63.00605534211445,74.08255820428967,62.93941125496954,66.875,65.0
517.0,71.59809620040723,63.006113487993694,74.08255820428967,62.93941125496954,66.875,65.0
518.0,71.5983223624326,63.00617053296228,74.08255820428967,62.93941125496954,66.875,65.0
519.0,71.59854781298644,63.00622649263487,74.08255820428967,62.93941125496954,66.875,65.0
520.0,71.59877255590685,63.0062813823726,74.08255820428967,62.93941125496954,66.875,65.0
521.0,71.59899659500174,63.006335217287834,74.08255820428967,62.93941125496954,66.875,65.0
522.0,71.59921993404997,63.00638801224893,74.08255820428967,62.93941125496954,66.875,65.0
523.0,71.5994425768009,63.00643978188481,74.08255820428967,62.93941125496954,66.875,65.0
524.0,71.59966452697505,63.0064905405895,74.08255820428967,62.93941125496954,66.875,65.0
525.0,71.5998857882644,63.006540302526496,74.08255820428967,62.93941125496954,66.875,65.0
526.0,71.60010636433255,63.00658908163313,74.08255820428967,62.93941125496954,66.875,65.0
527.0,71.60032625881514,63.00663689162471,74.08255820428967,62.93941125496954,66.875,65.0
528.0,71.60054547531998,63.00668374599875,74.08255820428967,62.93941125496954,66.875,65.0
529.0,71.60076401742741,63.00672965803894,74.08255820428967,62.93941125496954,66.875,65.0
530.0,71.60098188869058,63.006774640819124,74.08255820428967,62.93941125496954,66.875,65.0
531.0,71.6011990926359,63.006818707207124,74.08255820428967,62.93941125496954,66.875,65.0
532.0,71.6014156327628,63.00686186986865,74.08255820428967,62.93941125496954,66.875,65.0
533.0,71.60163151254456,63.00690414127081,74.08255820428967,62.93941125496954,66.875,65.0
534.0,71.60184673542818,63.00694553368595,74.08255820428967,62.93941125496954,66.875,65.0
535.0,71.60206130483492,63.00698605919505,74.08255820428967,62.93941125496954,66.875,65.0
536.0,71.60227522416042,63.00702572969129,74.08255820428967,62.93941125496954,66.875,65.0
537.0,71.60248849677494,63.00706455688337,74.08255820428967,62.93941125496954,66.875,65.0
538.0,71.60270112602352,63.00710255229894,74.08255820428967,62.93941125496954,66.875,65.0
539.0,71.60291311522646,63.00713972728778,74.08255820428967,62.93941125496954,66.875,65.0
540.0,71.60312446767945,63.007176093025066,74.08255820428967,62.93941125496954,66.875,65.0
541.0,71.60333518665367,63.00721166051442,74.08255820428967,62.93941125496954,66.875,65.0
542.0,71.60354527539634,63.007246440591054,74.08255820428967,62.93941125496954,66.875,65.0
543.0,71.60375473713059,63.00728044392469,74.08255820428967,62.93941125496954,66.875,65.0
544.0,71.60396357505603,63.0073136810226,74.08255820428967,62.93941125496954,66.875,65.0
545.0,71.60417179234871,63.00734616223238,74.08255820428967,62.93941125496954,66.875,65.0
546.0,71.60437939216153,63.007377897744824,74.08255820428967,62.93941125496954,66.875,65.0
547.0,71.60458637762437,63.00740889759669,74.08255820428967,62.93941125496954,66.875,65.0
548.0,71.60479275184433,63.00743917167341,74.08255820428967,62.93941125496954,66.875,65.0
549.0,71.60499851790591,63.0074687297117,74.08255820428967,62.93941125496954,66.875,65.0
550.0,71.60520367887133,63.007497581302204,74.08255820428967,62.93941125496954,66.875,65.0
551.0,71.60540823778074,63.00752573589202,74.08255820428967,62.93941125496954,66.875,65.0
552.0,71.60561219765206,63.00755320278719,74.08255820428967,62.93941125496954,66.875,65.0
553.0,71.60581556148188,63.007579991155175,74.08255820428967,62.93941125496954,66.875,65.0
554.0,71.60601833224521,63.00760611002719,74.08255820428967,62.93941125496954,66.875,65.0
555.0,71.60622051289548,63.00763156830062,74.08255820428967,62.93941125496954,66.875,65.0
556.0,71.60642210636541,63.00765637474131,74.08255820428967,62.93941125496954,66.875,65.0
557.0,71.6066231155665,63.00768053798572,74.08255820428967,62.93941125496954,66.875,65.0
558.0,71.60682354338961,63.00770406654332,74.08255820428967,62.93941125496954,66.875,65.0
559.0,71.60702339270527,63.007726968798586,74.08255820428967,62.93941125496954,66.875,65.0
560.0,71.60722266636346,63.00774925301325,74.08255820428967,62.93941125496954,66.875,65.0
561.0,71.60742136719404,63.00777092732826,74.08255820428967,62.93941125496954,66.875,65.0
562.0,71.60761949800728,63.00779199976598,74.08255820428967,62.93941125496954,66.875,65.0
563.0,71.60781706159311,63.00781247823202,74.08255820428967,62.93941125496954,66.875,65.0
564.0,71.60801406072234,63.00783237051735,74.08255820428967,62.93941125496954,66.875,65.0
565.0,71.60821049814616,63.00785168430011,74.08255820428967,62.93941125496954,66.875,65.0
566.0,71.60840637659662,63.0078704271476,74.08255820428967,62.93941125496954,66.875,65.0
567.0,71.60860169878677,63.00788860651806,74.08255820428967,62.93941125496954,66.875,65.0
568.0,71.60879646741061,63.00790622976251,74.08255820428967,62.93941125496954,66.875,65.0
569.0,71.60899068514361,63.007923304126514,74.08255820428967,62.93941125496954,66.875,65.0
570.0,71.60918435464266,63.007939836752,74.08255820428967,62.93941125496954,66.875,65.0
571.0,71.60937747854625,63.00795583467885,74.08255820428967,62.93941125496954,66.875,65.0
572.0,71.60957005947479,63.00797130484673,74.08255820428967,62.93941125496954,66.875,65.0
573.0,71.60976210003061,63.00798625409658,74.08255820428967,62.93941125496954,66.875,65.0
574.0,71.60995360279817,63.00800068917237,74.08255820428967,62.93941125496954,66.875,65.0
575.0,71.61014457034409,63.00801461672264,74.08255820428967,62.93941125496954,66.875,65.0
576.0,71.6103350052177,63.008028043302005,74.08255820428967,62.93941125496954,66.875,65.0
577.0,71.61052490995081,63.00804097537278,74.08255820428967,62.93941125496954,66.875,65.0
578.0,71.61071428705803,63.00805341930643,74.08255820428967,62.93941125496954,66.875,65.0
579.0,71.6109031390368,63.008065381384974,74.08255820428967,62.93941125496954,66.875,65.0
580.0,71.61109146836777,63.00807686780262,74.08255820428967,62.93941125496954,66.875,65.0
581.0,71.6112792775147,63.00808788466694,74.08255820428967,62.93941125496954,66.875,65.0
582.0,71.61146656892494,63.008098438000495,74.08255820428967,62.93941125496954,66.875,65.0
583.0,71.61165334502898,63.00810853374201,74.08255820428967,62.93941125496954,66.875,65.0
584.0,71.61183960824147,63.00811817774785,74.08255820428967,62.93941125496954,66.875,65.0
585.0,71.61202536096032,63.008127375793244,74.08255820428967,62.93941125496954,66.875,65.0
586.0,71.61221060556797,63.00813613357366,74.08255820428967,62.93941125496954,66.875,65.0
587.0,71.61239534443037,63.00814445670599,74.08255820428967,62.93941125496954,66.875,65.0
588.0,71.61257957989834,63.00815235072988,74.08255820428967,62.93941125496954,66.875,65.0
589.0,71.61276331430656,63.00815982110884,74.08255820428967,62.93941125496954,66.875,65.0
590.0,71.61294654997435,63.00816687323161,74.08255820428967,62.93941125496954,66.875,65.0
591.0,71.61312928920582,63.00817351241315,74.08255820428967,62.93941125496954,66.875,65.0
592.0,71.61331153428968,63.00817974389596,74.08255820428967,62.93941125496954,66.875,65.0
593.0,71.61349328749974,63.00818557285108,74.08255820428967,62.93941125496954,66.875,65.0
594.0,71.61367455109469,63.00819100437935,74.08255820428967,62.93941125496954,66.875,65.0
595.0,71.61385532731846,63.008196043512356,74.08255820428967,62.93941125496954,66.875,65.0
596.0,71.61403561840028,63.008200695213645,74.08255820428967,62.93941125496954,66.875,65.0
597.0,71.61421542655464,63.00820496437965,74.08255820428967,62.93941125496954,66.875,65.0
598.0,71.61439475398198,63.00820885584087,74.08255820428967,62.93941125496954,66.875,65.0
599.0,71.61457360286788,63.008212374362735,74.08255820428967,62.93941125496954,66.875,65.0
600.0,71.61475197538412,63.00821552464678,74.08255820428967,62.93941125496954,66.875,65.0
601.0,71.61492987368833,63.00821831133144,74.08255820428967,62.93941125496954,66.875,65.0
602.0,71.61510729992402,63.0082207389932,74.08255820428967,62.93941125496954,66.875,65.0
603.0,71.615284256221,63.0082228121474,74.08255820428967,62.93941125496954,66.875,65.0
604.0,71.61546074469524,63.00822453524927,74.08255820428967,62.93941125496954,66.875,65.0
605.0,71.61563676744915,63.00822591269477,74.08255820428967,62.93941125496954,66.875,65.0
606.0,71.61581232657171,63.00822694882158,74.08255820428967,62.93941125496954,66.875,65.0
607.0,71.61598742413841,63.008227647909855,74.08255820428967,62.93941125496954,66.875,65.0
608.0,71.61616206221156,63.00822801418325,74.08255820428967,62.93941125496954,66.875,65.0
609.0,71.6163362428402,63.00822805180963,74.08255820428967,62.93941125496954,66.875,65.0
610.0,71.61650996806036,63.00822776490204,74.08255820428967,62.93941125496954,66.875,65.0
611.0,71.61668323989525,63.00822715751939,74.08255820428967,62.93941125496954,66.875,65.0
612.0,71.61685606035509,63.008226233667415,74.08255820428967,62.93941125496954,66.875,65.0
613.0,71.61702843143743,63.00822499729937,74.08255820428967,62.93941125496954,66.875,65.0
614.0,71.61720035512705,63.00822345231685,74.08255820428967,62.93941125496954,66.875,65.0
615.0,71.6173718333966,63.00822160257053,74.08255820428967,62.93941125496954,66.875,65.0
616.0,71.617542868206,63.00821945186098,74.08255820428967,62.93941125496954,66.875,65.0
617.0,71.61771346150289,63.008217003939365,74.08255820428967,62.93941125496954,66.875,65.0
618.0,71.61788361522277,63.0082142625082,74.08255820428967,62.93941125496954,66.875,65.0
619.0,71.61805333128889,63.008211231222,74.08255820428967,62.93941125496954,66.875,65.0
620.0,71.61822261161281,63.00820791368813,74.08255820428967,62.93941125496954,66.875,65.0
621.0,71.61839145809388,63.00820431346735,74.08255820428967,62.93941125496954,66.875,65.0
622.0,71.6185598726197,63.00820043407459,74.08255820428967,62.93941125496954,66.875,65.0
623.0,71.61872785706622,63.008196278979575,74.08255820428967,62.93941125496954,66.875,65.0
624.0,71.61889541329768,63.008191851607535,74.08255820428967,62.93941125496954,66.875,65.0
625.0,71.61906254316682,63.00818715533978,74.08255820428967,62.93941125496954,66.875,65.0
626.0,71.61922924851505,63.008182193514465,74.08255820428967,62.93941125496954,66.875,65.0
627.0,71.61939553117232,63.00817696942702,74.08255820428967,62.93941125496954,66.875,65.0
628.0,71.61956139295734,63.00817148633098,74.08255820428967,62.93941125496954,66.875,65.0
629.0,71.61972683567768,63.00816574743846,74.08255820428967,62.93941125496954,66.875,65.0
630.0,71.61989186112976,63.00815975592079,74.08255820428967,62.93941125496954,66.875,65.0
631.0,71.62005647109923,63.00815351490913,74.08255820428967,62.93941125496954,66.875,65.0
632.0,71.62022066736054,63.00814702749497,74.08255820428967,62.93941125496954,66.875,65.0
633.0,71.62038445167765,63.00814029673078,74.08255820428967,62.93941125496954,66.875,65.0
634.0,71.62054782580365,63.00813332563055,74.08255820428967,62.93941125496954,66.875,65.0
635.0,71.62071079148086,63.0081261171703,74.08255820428967,62.93941125496954,66.875,65.0
636.0,71.62087335044129,63.00811867428868,74.08255820428967,62.93941125496954,66.875,65.0
637.0,71.62103550440627,63.008110999887435,74.08255820428967,62.93941125496954,66.875,65.0
638.0,71.62119725508695,63.008103096831995,74.08255820428967,62.93941125496954,66.875,65.0
639.0,71.62135860418401,63.00809496795194,74.08255820428967,62.93941125496954,66.875,65.0
640.0,71.62151955338793,63.008086616041545,74.08255820428967,62.93941125496954,66.875,65.0
641.0,71.62168010437924,63.00807804386026,74.08255820428967,62.93941125496954,66.875,65.0
642.0,71.6218402588281,63.0080692541332,74.08255820428967,62.93941125496954,66.875,65.0
643.0,71.62200001839491,63.0080602495516,74.08255820428967,62.93941125496954,66.875,65.0
644.0,71.62215938473,63.00805103277336,74.08255820428967,62.93941125496954,66.875,65.0
645.0,71.62231835947412,63.008041606423454,74.08255820428967,62.93941125496954,66.875,65.0
646.0,71.62247694425808,63.008031973094425,74.08255820428967,62.93941125496954,66.875,65.0
647.0,71.62263514070293,63.008022135346756,74.08255820428967,62.93941125496954,66.875,65.0
648.0,71.62279295042038,63.008012095709496,74.08255820428967,62.93941125496954,66.875,65.0
649.0,71.62295037501245,63.00800185668046,74.08255820428967,62.93941125496954,66.875,65.0
