"tick","donation-normed-small","donation-small","donation-valued-small"
1.0,14.375,50.0,50.0
2.0,14.375,50.0,50.0
3.0,14.375,50.0,50.0
4.0,14.375,50.0,50.0
5.0,14.375,50.00000000000001,50.00000000000001
6.0,14.375,50.0,50.0
7.0,14.375,50.00000000000001,50.00000000000001
8.0,14.375,50.0,50.0
9.0,14.375,49.99999999999999,49.99999999999999
10.0,14.375,50.0,50.0
11.0,14.375,50.0,50.0
12.0,14.375,50.0,50.0
13.0,14.375,50.0,50.0
14.0,14.375,50.00000000000001,50.00000000000001
15.0,14.375,49.99999999999999,49.99999999999999
16.0,14.375,50.00000000000001,50.00000000000001
17.0,14.375,49.99999999999999,49.99999999999999
18.0,14.375,50.00000000000001,50.00000000000001
19.0,14.375,49.99999999999999,49.99999999999999
20.0,14.375,50.00000000000001,50.00000000000001
21.0,14.375,49.99999999999999,49.99999999999999
22.0,14.375,50.00000000000001,50.00000000000001
23.0,14.375,49.99999999999999,49.99999999999999
24.0,14.375,50.00000000000001,50.00000000000001
25.0,14.375,49.99999999999999,49.99999999999999
26.0,14.375,50.00000000000001,50.00000000000001
27.0,14.375,49.99999999999999,49.99999999999999
28.0,14.375,50.00000000000001,50.00000000000001
29.0,14.375,49.99999999999999,49.99999999999999
30.0,14.375,50.00000000000001,50.00000000000001
31.0,14.375,49.99999999999999,49.99999999999999
32.0,14.375,50.00000000000001,50.00000000000001
33.0,14.375,49.99999999999999,49.99999999999999
34.0,14.375,50.00000000000001,50.00000000000001
35.0,14.375,49.99999999999999,49.99999999999999
36.0,14.375,50.00000000000001,50.00000000000001
37.0,14.375,49.99999999999999,49.99999999999999
38.0,14.375,50.00000000000001,50.00000000000001
39.0,14.375,49.99999999999999,49.99999999999999
40.0,14.375,50.00000000000001,50.00000000000001
41.0,14.375,49.99999999999999,49.99999999999999
42.0,14.375,50.00000000000001,50.00000000000001
43.0,14.375,49.99999999999999,49.99999999999999
44.0,14.375,50.00000000000001,50.00000000000001
45.0,14.375,49.99999999999999,49.99999999999999
46.0,14.375,50.00000000000001,50.00000000000001
47.0,14.375,49.99999999999999,49.99999999999999
48.0,14.375,50.00000000000001,50.00000000000001
49.0,14.375,49.99999999999999,49.99999999999999
50.0,14.375,50.00000000000001,50.00000000000001
51.0,14.375,49.99999999999999,49.99999999999999
52.0,50.0,50.00000000000001,50.00000000000001
53.0,50.0,50.01499999999999,49.99999999999999
54.0,50.0,50.03,50.0
55.0,50.0,50.045,50.0
56.0,50.0,50.06,50.0
57.0,50.0,50.06643920267882,50.0
58.0,50.0,50.187955410877706,50.0
59.0,50.0,50.51827071148793,50.0
60.0,50.0,51.41616079079874,50.0
61.0,50.0,53.85687907734294,50.0
62.0,50.0,60.25658350974743,50.0
63.0,50.0,60.477329831333535,50.0
64.0,50.0,60.6698729810778,50.0
65.0,50.0,60.83974852831078,50.0
66.0,50.0,60.99108137131364,50.0
67.0,50.0,61.12701665379258,49.99999999999999
68.0,50.0,61.25,50.0
69.0,50.0,61.361965624454996,50.0
70.0,50.0,61.46446609406726,50.00000000000001
71.0,50.0,61.55876399194156,50.0
72.0,50.0,61.64589803375031,50.00000000000001
73.0,50.0,61.72673164646011,50.0
74.0,50.0,61.80198925466584,50.00000000000001
75.0,50.0,61.872283789143864,49.99999999999999
76.0,50.0,61.938137821521025,50.00000000000001
77.0,50.0,61.999999999999986,49.99999999999999
78.0,50.0,62.05825797292724,50.00000000000001
79.0,50.0,62.11324865405186,49.99999999999999
80.0,50.0,62.1652664524308,50.00000000000001
81.0,50.0,62.214569927344215,49.99999999999999
82.0,50.0,62.261387212474176,50.00000000000001
83.0,50.0,62.30592046959836,49.99999999999999
84.0,50.0,62.348349570550454,50.00000000000001
85.0,50.0,62.38883516066453,49.99999999999999
86.0,50.0,62.42752122286237,50.00000000000001
87.0,50.0,62.46453723581445,49.99999999999999
88.0,50.0,62.5,50.00000000000001
89.0,50.0,62.53401519041964,49.99999999999999
90.0,50.0,62.56667868303856,50.00000000000001
91.0,50.0,62.59807769292368,49.99999999999999
92.0,50.0,62.628291754873715,50.00000000000001
93.0,50.0,62.657393571670895,49.99999999999999
94.0,50.0,62.68544975056862,50.00000000000001
95.0,50.0,62.71252144501092,49.99999999999999
96.0,50.0,62.738664915666774,50.00000000000001
97.0,50.0,62.7639320225002,49.99999999999999
98.0,50.0,62.78837065767655,50.00000000000001
99.0,50.0,62.81202512753157,49.99999999999999
100.0,50.0,62.83493649053891,50.00000000000001
101.0,50.0,62.85714285714285,49.99999999999999
102.0,50.0,62.878679656440355,50.00000000000001
103.0,50.0,62.899579873957975,49.99999999999999
104.0,50.0,62.919874264155396,50.00000000000001
105.0,50.0,62.939591540769655,49.99999999999999
106.0,50.0,62.95875854768069,50.00000000000001
107.0,50.0,62.977400412610265,49.99999999999999
108.0,50.0,62.99554068565682,50.00000000000001
109.0,50.0,63.01320146440243,49.99999999999999
110.0,50.0,63.03040350710417,50.00000000000001
111.0,50.0,63.04716633528763,49.99999999999999
112.0,54.34905544509588,63.0635083268963,50.00000000000001
113.0,63.05627319136021,63.06879585645164,49.99999999999999
114.0,63.05627319136021,63.08240342363361,50.00000000000001
115.0,63.05627319136021,63.09563923678168,50.0
116.0,63.05627319136021,63.108517875019174,50.0
117.0,63.05627319136021,63.12713183454665,50.0
118.0,63.05627319136021,63.05873416494735,50.0
119.0,63.05627319136021,62.908558073096216,50.0
120.0,63.05627319136021,62.47626587041485,50.0
121.0,63.05627319136021,61.277639881143934,50.0
122.0,63.05627319136021,58.1631826634899,50.0
123.0,63.05627319136021,42.71847697431496,50.0
124.0,63.05627319136021,50.0,50.0
125.0,63.05627319136021,50.0,50.0
126.0,63.05627319136021,50.0,50.0
127.0,63.05627319136021,50.0,50.0
128.0,63.05627319136021,50.0,50.0
129.0,63.05627319136021,50.0,50.0
130.0,63.05627319136021,50.0,50.0
131.0,63.05627319136021,50.0,50.0
132.0,63.05627319136021,50.0,50.0
133.0,63.05627319136021,50.0,50.0
134.0,63.05627319136021,50.0,50.0
135.0,63.05627319136021,50.0,50.0
136.0,63.05627319136021,50.0,50.0
137.0,63.05627319136021,50.0,50.0
138.0,63.05627319136021,50.0,50.0
139.0,63.05627319136021,50.0,50.0
140.0,63.05627319136021,50.0,50.0
141.0,63.05627319136021,50.0,50.0
142.0,63.05627319136021,50.0,50.0
143.0,63.05627319136021,50.0,50.0
144.0,63.05627319136021,50.0,50.0
145.0,63.05627319136021,50.0,50.0
146.0,63.05627319136021,50.0,50.0
147.0,63.05627319136021,50.0,50.0
148.0,63.05627319136021,50.0,50.0
149.0,63.05627319136021,50.0,50.0
150.0,63.05627319136021,50.0,50.0
151.0,63.05627319136021,50.0,50.0
152.0,63.05627319136021,50.0,50.0
153.0,63.05627319136021,50.0,50.0
154.0,63.05627319136021,50.0,50.0
155.0,63.05627319136021,50.0,50.0
156.0,63.05627319136021,50.0,50.0
157.0,63.05627319136021,50.0,50.0
158.0,63.05627319136021,50.0,50.0
159.0,63.05627319136021,50.0,50.0
160.0,63.05627319136021,50.0,50.0
161.0,63.05627319136021,50.0,50.0
162.0,63.05627319136021,50.0,50.0
163.0,63.05627319136021,50.0,50.0
164.0,63.05627319136021,50.0,50.0
165.0,63.05627319136021,50.0,50.0
166.0,63.05627319136021,50.0,50.0
167.0,63.05627319136021,50.0,50.0
168.0,63.05627319136021,50.0,50.0
169.0,63.05627319136021,50.0,50.0
170.0,63.05627319136021,50.0,50.0
171.0,63.05627319136021,50.0,50.0
172.0,63.05627319136021,50.0,50.0
173.0,63.05627319136021,50.0,50.0
174.0,54.35095246078046,50.0,50.0
175.0,50.0,50.0,50.0
176.0,50.0,49.985,50.0
177.0,50.0,49.97,50.0
178.0,50.0,49.955,50.0
179.0,50.0,49.940000000000005,50.0
180.0,50.0,49.93356079732118,50.0
181.0,50.0,49.8120445891223,50.0
182.0,50.0,49.481729288512064,50.0
183.0,50.0,48.58383920920126,50.0
184.0,50.0,35.88653741290963,50.0
185.0,50.0,39.52267016866645,50.0
186.0,50.0,39.33012701892219,50.0
187.0,50.0,39.16025147168922,50.0
188.0,50.0,39.00891862868637,50.0
189.0,50.0,38.87298334620742,50.0
190.0,50.0,38.74999999999999,50.0
191.0,50.0,38.63803437554499,50.0
192.0,50.0,38.53553390593274,50.0
193.0,50.0,38.441236008058425,50.0
194.0,50.0,38.35410196624969,50.0
195.0,50.0,38.27326835353989,50.0
196.0,50.0,38.19801074533416,50.0
197.0,50.0,38.12771621085612,50.0
198.0,50.0,38.06186217847897,50.0
199.0,50.0,38.0,50.0
200.0,50.0,37.941742027072756,50.0
201.0,50.0,37.88675134594813,50.0
202.0,50.0,37.8347335475692,49.99999999999999
203.0,50.0,37.785430072655785,50.00000000000001
204.0,50.0,37.738612787525824,50.0
205.0,50.0,37.69407953040162,50.0
206.0,50.0,37.651650429449546,50.0
207.0,50.0,37.61116483933547,50.0
208.0,50.0,37.57247877713763,50.0
209.0,50.0,37.53546276418555,50.0
210.0,50.0,37.49999999999999,49.99999999999999
211.0,50.0,37.46598480958036,50.0
212.0,50.0,37.43332131696143,50.0
213.0,50.0,37.40192230707631,50.0
214.0,50.0,37.37170824512628,50.0
215.0,50.0,37.34260642832909,50.00000000000001
216.0,50.0,37.31455024943138,50.0
217.0,50.0,37.28747855498907,50.0
218.0,50.0,37.261335084333226,50.0
219.0,50.0,37.23606797749979,50.00000000000001
220.0,50.0,37.211629342323455,50.0
221.0,50.0,37.187974872468416,50.0
222.0,50.0,37.16506350946109,50.0
223.0,50.0,37.142857142857146,50.0
224.0,50.0,37.12132034355964,50.0
225.0,50.0,37.10042012604202,50.0
226.0,50.0,37.080125735844604,50.0
227.0,50.0,37.06040845923034,50.00000000000001
228.0,50.0,37.04124145231931,50.0
229.0,50.0,37.02259958738973,50.0
230.0,50.0,37.00445931434318,50.0
231.0,50.0,36.986798535597565,50.0
232.0,50.0,36.96959649289583,50.0
233.0,50.0,36.95283366471236,50.0
234.0,45.6454972243679,36.9364916731037,49.99999999999999
235.0,41.2909944487358,36.931198696217805,50.0
236.0,36.933092081886336,36.936938396675956,50.0
237.0,36.933092081886336,36.92369194880113,50.0
238.0,36.933092081886336,36.91080267583688,50.0
239.0,36.933092081886336,36.89218119048216,50.0
240.0,36.933092081886336,36.94948456538994,50.0
241.0,36.933092081886336,37.24800864045335,50.0
242.0,36.933092081886336,37.94932136745457,50.0
243.0,36.933092081886336,39.8792209594667,50.0
244.0,36.933092081886336,60.016321786472716,50.0
245.0,36.933092081886336,50.0,50.0
246.0,36.933092081886336,50.0,50.0
247.0,36.933092081886336,50.0,50.0
248.0,36.933092081886336,50.0,50.0
249.0,36.933092081886336,50.0,50.0
250.0,36.933092081886336,50.0,50.0
251.0,36.933092081886336,50.0,50.0
252.0,36.933092081886336,50.0,50.0
253.0,36.933092081886336,50.0,50.0
254.0,36.933092081886336,50.0,50.0
255.0,36.933092081886336,50.00000000000001,50.00000000000001
256.0,36.933092081886336,50.0,50.0
257.0,36.933092081886336,50.00000000000001,50.00000000000001
258.0,36.933092081886336,49.99999999999999,49.99999999999999
259.0,36.933092081886336,50.00000000000001,50.00000000000001
260.0,36.933092081886336,49.99999999999999,49.99999999999999
261.0,36.933092081886336,50.00000000000001,50.00000000000001
262.0,36.933092081886336,49.99999999999999,49.99999999999999
263.0,36.933092081886336,50.00000000000001,50.00000000000001
264.0,36.933092081886336,49.99999999999999,49.99999999999999
265.0,36.933092081886336,50.00000000000001,50.00000000000001
266.0,36.933092081886336,49.99999999999999,49.99999999999999
267.0,36.933092081886336,50.00000000000001,50.00000000000001
268.0,36.933092081886336,49.99999999999999,49.99999999999999
269.0,36.933092081886336,50.00000000000001,50.00000000000001
270.0,36.933092081886336,49.99999999999999,49.99999999999999
271.0,36.933092081886336,50.00000000000001,50.00000000000001
272.0,36.933092081886336,49.99999999999999,49.99999999999999
273.0,36.933092081886336,50.00000000000001,50.00000000000001
274.0,36.933092081886336,49.99999999999999,49.99999999999999
275.0,36.933092081886336,50.00000000000001,50.00000000000001
276.0,36.933092081886336,49.99999999999999,49.99999999999999
277.0,36.933092081886336,50.00000000000001,50.00000000000001
278.0,36.933092081886336,49.99999999999999,49.99999999999999
279.0,36.933092081886336,50.00000000000001,50.00000000000001
280.0,36.933092081886336,49.99999999999999,49.99999999999999
281.0,36.933092081886336,50.00000000000001,50.00000000000001
282.0,36.933092081886336,49.99999999999999,49.99999999999999
283.0,36.933092081886336,50.00000000000001,50.00000000000001
284.0,36.933092081886336,49.99999999999999,49.99999999999999
285.0,36.933092081886336,50.00000000000001,50.00000000000001
286.0,36.933092081886336,49.99999999999999,49.99999999999999
287.0,36.933092081886336,50.00000000000001,50.00000000000001
288.0,36.933092081886336,49.99999999999999,49.99999999999999
289.0,36.933092081886336,50.00000000000001,50.00000000000001
290.0,36.933092081886336,49.99999999999999,49.99999999999999
291.0,36.933092081886336,50.00000000000001,50.00000000000001
292.0,36.933092081886336,49.99999999999999,49.99999999999999
293.0,36.933092081886336,50.00000000000001,50.00000000000001
294.0,36.933092081886336,49.99999999999999,49.99999999999999
295.0,41.2909944487358,50.00000000000001,50.00000000000001
296.0,50.000000000000014,49.98499999999999,49.99999999999999
297.0,50.000000000000014,50.0,50.0
298.0,50.000000000000014,50.015,50.0
299.0,50.000000000000014,50.03000000000001,50.0
300.0,50.000000000000014,50.05356079732117,50.0
301.0,50.000000000000014,49.94492299447995,50.0
302.0,50.000000000000014,49.857640110267454,50.0
303.0,50.000000000000014,49.620380632177145,50.0
304.0,50.000000000000014,48.97544250425454,50.0
305.0,50.000000000000014,47.45717464493845,50.0
306.0,50.000000000000014,60.25658350974743,50.0
307.0,50.000000000000014,60.47732983133355,50.0
308.0,50.000000000000014,60.6698729810778,50.0
309.0,50.000000000000014,60.83974852831079,50.00000000000001
310.0,50.000000000000014,60.99108137131364,50.0
311.0,50.000000000000014,61.127016653792595,50.0
312.0,50.000000000000014,61.25,50.0
313.0,50.000000000000014,61.36196562445501,50.0
314.0,50.000000000000014,61.46446609406726,49.99999999999999
315.0,50.000000000000014,61.558763991941575,50.0
316.0,50.000000000000014,61.64589803375031,50.0
317.0,50.000000000000014,61.726731646460124,50.0
318.0,50.000000000000014,61.80198925466584,50.0
319.0,50.000000000000014,61.87228378914388,50.0
320.0,50.000000000000014,61.938137821521025,50.0
321.0,50.000000000000014,62.0,50.0
322.0,50.000000000000014,62.05825797292724,50.0
323.0,50.000000000000014,62.11324865405187,50.0
324.0,50.000000000000014,62.1652664524308,50.0
325.0,50.000000000000014,62.21456992734423,50.0
326.0,50.000000000000014,62.261387212474176,50.0
327.0,50.000000000000014,62.30592046959838,50.0
328.0,50.000000000000014,62.348349570550454,50.0
329.0,50.000000000000014,62.38883516066454,50.0
330.0,50.000000000000014,62.42752122286237,50.0
331.0,50.000000000000014,62.46453723581445,50.0
332.0,50.000000000000014,62.5,50.0
333.0,50.000000000000014,62.53401519041964,50.0
334.0,50.000000000000014,62.56667868303856,50.0
335.0,50.000000000000014,62.598077692923695,50.0
336.0,50.000000000000014,62.628291754873715,50.0
337.0,50.000000000000014,62.65739357167091,50.0
338.0,50.000000000000014,62.68544975056862,50.0
339.0,50.000000000000014,62.712521445010935,50.0
340.0,50.000000000000014,62.738664915666774,50.0
341.0,50.000000000000014,62.763932022500214,50.0
342.0,50.000000000000014,62.78837065767655,50.0
343.0,50.000000000000014,62.812025127531584,50.0
344.0,50.000000000000014,62.83493649053891,50.0
345.0,50.000000000000014,62.85714285714286,50.0
346.0,50.000000000000014,62.87867965644037,50.0
347.0,50.000000000000014,62.89957987395799,50.0
348.0,50.000000000000014,62.919874264155396,50.0
349.0,50.000000000000014,62.93959154076967,50.0
350.0,50.000000000000014,62.95875854768069,50.0
351.0,50.000000000000014,62.97740041261028,50.0
352.0,50.000000000000014,62.99554068565682,50.0
353.0,50.000000000000014,63.01320146440244,50.0
354.0,50.000000000000014,63.03040350710417,50.0
355.0,54.343467835701404,63.04716633528764,50.0
356.0,54.343467835701404,63.05285179473199,50.0
357.0,63.04889032682004,63.058133736677966,50.0
358.0,63.04889032682004,63.07173392099537,50.0
359.0,63.04889032682004,63.08496235127892,50.0
360.0,63.04889032682004,63.10391550078555,50.0
361.0,63.04889032682004,63.04077047902821,50.0
362.0,63.04889032682004,62.82398849014382,50.0
363.0,63.04889032682004,62.27044955093655,50.0
364.0,63.04889032682004,60.7417034500115,50.0
365.0,63.04889032682004,56.72945659916823,50.0
366.0,63.04889032682004,53.02600324793159,50.0
367.0,63.04889032682004,35.139423275056544,50.0
368.0,63.04889032682004,50.0,50.0
369.0,63.04889032682004,50.0,50.0
370.0,63.04889032682004,50.0,50.0
371.0,63.04889032682004,50.0,50.0
372.0,63.04889032682004,50.0,50.0
373.0,63.04889032682004,50.00000000000001,50.00000000000001
374.0,63.04889032682004,50.0,50.0
375.0,63.04889032682004,50.0,50.0
376.0,63.04889032682004,50.0,50.0
377.0,63.04889032682004,50.0,50.0
378.0,63.04889032682004,50.0,50.0
379.0,63.04889032682004,50.0,50.0
380.0,63.04889032682004,50.00000000000001,50.00000000000001
381.0,63.04889032682004,49.99999999999999,49.99999999999999
382.0,63.04889032682004,50.00000000000001,50.00000000000001
383.0,63.04889032682004,49.99999999999999,49.99999999999999
384.0,63.04889032682004,50.00000000000001,50.00000000000001
385.0,63.04889032682004,49.99999999999999,49.99999999999999
386.0,63.04889032682004,50.00000000000001,50.00000000000001
387.0,63.04889032682004,49.99999999999999,49.99999999999999
388.0,63.04889032682004,50.00000000000001,50.00000000000001
389.0,63.04889032682004,49.99999999999999,49.99999999999999
390.0,63.04889032682004,50.00000000000001,50.00000000000001
391.0,63.04889032682004,49.99999999999999,49.99999999999999
392.0,63.04889032682004,50.00000000000001,50.00000000000001
393.0,63.04889032682004,49.99999999999999,49.99999999999999
394.0,63.04889032682004,50.00000000000001,50.00000000000001
395.0,63.04889032682004,49.99999999999999,49.99999999999999
396.0,63.04889032682004,50.00000000000001,50.00000000000001
397.0,63.04889032682004,49.99999999999999,49.99999999999999
398.0,63.04889032682004,50.00000000000001,50.00000000000001
399.0,63.04889032682004,49.99999999999999,49.99999999999999
400.0,63.04889032682004,50.00000000000001,50.00000000000001
401.0,63.04889032682004,49.99999999999999,49.99999999999999
402.0,63.04889032682004,50.00000000000001,50.00000000000001
403.0,63.04889032682004,49.99999999999999,49.99999999999999
404.0,63.04889032682004,50.00000000000001,50.00000000000001
405.0,63.04889032682004,49.99999999999999,49.99999999999999
406.0,63.04889032682004,50.00000000000001,50.00000000000001
407.0,63.04889032682004,49.99999999999999,49.99999999999999
408.0,63.04889032682004,50.00000000000001,50.00000000000001
409.0,63.04889032682004,49.99999999999999,49.99999999999999
410.0,63.04889032682004,50.00000000000001,50.00000000000001
411.0,63.04889032682004,49.99999999999999,49.99999999999999
412.0,63.04889032682004,50.00000000000001,50.00000000000001
413.0,63.04889032682004,49.99999999999999,49.99999999999999
414.0,63.04889032682004,50.00000000000001,50.00000000000001
415.0,63.04889032682004,49.99999999999999,49.99999999999999
416.0,63.04889032682004,50.00000000000001,50.00000000000001
417.0,58.69617908126071,49.99999999999999,49.99999999999999
418.0,58.69617908126071,50.01500000000001,50.00000000000001
419.0,50.00999999999999,50.029999999999994,49.99999999999999
420.0,50.00999999999999,50.01501000000001,50.00000000000001
421.0,50.00999999999999,50.000020000000006,50.0
422.0,50.00999999999999,49.97646920267883,50.00000000000001
423.0,50.00999999999999,50.0679954108777,50.0
424.0,50.00999999999999,50.385436598932074,50.0
425.0,50.00999999999999,51.04037527265059,50.0
426.0,50.00999999999999,52.82068316817471,50.0
427.0,50.00999999999999,60.25658350974743,50.0
428.0,50.00999999999999,60.47732983133354,50.0
429.0,50.00999999999999,60.669872981077816,50.00000000000001
430.0,50.00999999999999,60.83974852831078,50.0
431.0,50.00999999999999,60.99108137131363,50.0
432.0,50.00999999999999,61.12701665379258,49.99999999999999
433.0,50.00999999999999,61.25,50.0
434.0,50.00999999999999,61.361965624455,50.0
435.0,50.00999999999999,61.46446609406726,50.0
436.0,50.00999999999999,61.55876399194156,49.99999999999999
437.0,50.00999999999999,61.64589803375031,50.0
438.0,50.00999999999999,61.726731646460124,50.00000000000001
439.0,50.00999999999999,61.80198925466584,49.99999999999999
440.0,50.00999999999999,61.87228378914388,50.00000000000001
441.0,50.00999999999999,61.93813782152101,49.99999999999999
442.0,50.00999999999999,62.0,50.00000000000001
443.0,50.00999999999999,62.05825797292724,49.99999999999999
444.0,50.00999999999999,62.11324865405187,50.00000000000001
445.0,50.00999999999999,62.165266452430785,49.99999999999999
446.0,50.00999999999999,62.21456992734423,50.00000000000001
447.0,50.00999999999999,62.26138721247416,49.99999999999999
448.0,50.00999999999999,62.30592046959838,50.00000000000001
449.0,50.00999999999999,62.34834957055044,49.99999999999999
450.0,50.00999999999999,62.38883516066454,50.00000000000001
451.0,50.00999999999999,62.42752122286235,49.99999999999999
452.0,50.00999999999999,62.46453723581445,50.00000000000001
453.0,50.00999999999999,62.499999999999986,49.99999999999999
454.0,50.00999999999999,62.53401519041964,50.00000000000001
455.0,50.00999999999999,62.566678683038546,49.99999999999999
456.0,50.00999999999999,62.598077692923695,50.00000000000001
457.0,50.00999999999999,62.6282917548737,49.99999999999999
458.0,50.00999999999999,62.65739357167091,50.00000000000001
459.0,50.00999999999999,62.68544975056861,49.99999999999999
460.0,50.00999999999999,62.712521445010935,50.00000000000001
461.0,50.00999999999999,62.73866491566676,49.99999999999999
462.0,50.00999999999999,62.763932022500214,50.00000000000001
463.0,50.00999999999999,62.78837065767654,49.99999999999999
464.0,50.00999999999999,62.812025127531584,50.00000000000001
465.0,50.00999999999999,62.834936490538894,49.99999999999999
466.0,50.00999999999999,62.85714285714286,50.00000000000001
467.0,50.00999999999999,62.878679656440355,49.99999999999999
468.0,50.00999999999999,62.89957987395799,50.00000000000001
469.0,50.00999999999999,62.91987426415538,49.99999999999999
470.0,50.00999999999999,62.93959154076967,50.00000000000001
471.0,50.00999999999999,62.958758547680674,49.99999999999999
472.0,50.00999999999999,62.97740041261028,50.00000000000001
473.0,50.00999999999999,62.995540685656806,49.99999999999999
474.0,50.00999999999999,63.01320146440244,50.00000000000001
475.0,50.00999999999999,63.030403507104154,49.99999999999999
476.0,50.00999999999999,63.04716633528764,50.00000000000001
477.0,54.36450277563209,63.06350832689628,49.99999999999999
478.0,63.06350832689628,63.098801303782196,50.00000000000001
479.0,63.06350832689628,63.11241610609966,49.99999999999999
480.0,63.06350832689628,63.12565915438329,50.0
481.0,63.06350832689628,63.138545027756315,49.99999999999999
482.0,63.06350832689628,63.14004151887747,49.99999999999999
483.0,63.06350832689628,63.30184275705094,49.99999999999999
484.0,63.06350832689628,63.56939928894976,49.99999999999999
485.0,63.06350832689628,64.2726220865624,49.99999999999999
486.0,63.06350832689628,66.16064588853331,50.0
487.0,63.06350832689628,60.49684523302215,50.0
488.0,63.06350832689628,42.720904581032414,50.0
489.0,63.06350832689628,50.0,50.0
490.0,63.06350832689628,50.00000000000001,50.00000000000001
491.0,63.06350832689628,50.0,50.0
492.0,63.06350832689628,50.0,50.0
493.0,63.06350832689628,50.0,50.0
494.0,63.06350832689628,50.0,50.0
495.0,63.06350832689628,50.0,50.0
496.0,63.06350832689628,50.0,50.0
497.0,63.06350832689628,50.0,50.0
498.0,63.06350832689628,50.0,50.0
499.0,63.06350832689628,50.0,50.0
500.0,63.06350832689628,50.0,50.0
501.0,63.06350832689628,50.00000000000001,50.00000000000001
502.0,63.06350832689628,49.99999999999999,49.99999999999999
503.0,63.06350832689628,50.00000000000001,50.00000000000001
504.0,63.06350832689628,49.99999999999999,49.99999999999999
505.0,63.06350832689628,50.00000000000001,50.00000000000001
506.0,63.06350832689628,49.99999999999999,49.99999999999999
507.0,63.06350832689628,50.00000000000001,50.00000000000001
508.0,63.06350832689628,49.99999999999999,49.99999999999999
509.0,63.06350832689628,50.00000000000001,50.00000000000001
510.0,63.06350832689628,49.99999999999999,49.99999999999999
511.0,63.06350832689628,50.00000000000001,50.00000000000001
512.0,63.06350832689628,49.99999999999999,49.99999999999999
513.0,63.06350832689628,50.00000000000001,50.00000000000001
514.0,63.06350832689628,49.99999999999999,49.99999999999999
515.0,63.06350832689628,50.00000000000001,50.00000000000001
516.0,63.06350832689628,49.99999999999999,49.99999999999999
517.0,63.06350832689628,50.00000000000001,50.00000000000001
518.0,63.06350832689628,49.99999999999999,49.99999999999999
519.0,63.06350832689628,50.00000000000001,50.00000000000001
520.0,63.06350832689628,49.99999999999999,49.99999999999999
521.0,63.06350832689628,50.00000000000001,50.00000000000001
522.0,63.06350832689628,49.99999999999999,49.99999999999999
523.0,63.06350832689628,50.00000000000001,50.00000000000001
524.0,63.06350832689628,49.99999999999999,49.99999999999999
525.0,63.06350832689628,50.00000000000001,50.00000000000001
526.0,63.06350832689628,49.99999999999999,49.99999999999999
527.0,63.06350832689628,50.00000000000001,50.00000000000001
528.0,63.06350832689628,49.99999999999999,49.99999999999999
529.0,63.06350832689628,50.00000000000001,50.00000000000001
530.0,63.06350832689628,49.99999999999999,49.99999999999999
531.0,63.06350832689628,50.00000000000001,50.00000000000001
532.0,63.06350832689628,49.99999999999999,49.99999999999999
533.0,63.06350832689628,50.00000000000001,50.00000000000001
534.0,63.06350832689628,49.99999999999999,49.99999999999999
535.0,63.06350832689628,50.00000000000001,50.00000000000001
536.0,63.06350832689628,49.99999999999999,49.99999999999999
537.0,63.06350832689628,50.00000000000001,50.00000000000001
538.0,63.06350832689628,49.99999999999999,49.99999999999999
539.0,54.354502775632085,50.00000000000001,50.00000000000001
540.0,49.999999999999986,49.99999999999999,49.99999999999999
541.0,49.999999999999986,49.985,50.0
542.0,49.999999999999986,49.97,50.0
543.0,49.999999999999986,49.955,50.0
544.0,49.999999999999986,49.940000000000005,50.0
545.0,49.999999999999986,49.93356079732118,50.0
546.0,49.999999999999986,49.8120445891223,50.0
547.0,49.999999999999986,49.481729288512064,50.0
548.0,49.999999999999986,48.58383920920126,50.0
549.0,49.999999999999986,46.14312092265706,50.0
550.0,49.999999999999986,39.74341649025257,50.0
551.0,49.999999999999986,39.52267016866645,50.0
552.0,49.999999999999986,39.33012701892219,50.0
553.0,49.999999999999986,39.16025147168922,50.0
554.0,49.999999999999986,39.008918628686374,50.0
555.0,49.999999999999986,38.87298334620742,50.0
556.0,49.999999999999986,38.75000000000001,50.0
557.0,49.999999999999986,38.638034375545,50.0
558.0,49.999999999999986,38.53553390593274,50.0
559.0,49.999999999999986,38.441236008058425,50.0
560.0,49.999999999999986,38.35410196624969,50.0
561.0,49.999999999999986,38.27326835353989,50.0
562.0,49.999999999999986,38.19801074533416,50.00000000000001
563.0,49.999999999999986,38.12771621085612,50.0
564.0,49.999999999999986,38.061862178478975,50.0
565.0,49.999999999999986,38.0,50.0
566.0,49.999999999999986,37.94174202707276,50.0
567.0,49.999999999999986,37.88675134594813,50.0
568.0,49.999999999999986,37.834733547569215,50.00000000000001
569.0,49.999999999999986,37.78543007265577,50.0
570.0,49.999999999999986,37.73861278752584,50.0
571.0,49.999999999999986,37.69407953040162,50.0
572.0,49.999999999999986,37.65165042944956,50.0
573.0,49.999999999999986,37.611164839335466,50.0
574.0,49.999999999999986,37.57247877713763,50.0
575.0,49.999999999999986,37.535462764185546,50.0
576.0,49.999999999999986,37.50000000000001,50.0
577.0,49.999999999999986,37.465984809580355,50.0
578.0,49.999999999999986,37.43332131696144,50.0
579.0,49.999999999999986,37.401922307076305,50.0
580.0,49.999999999999986,37.37170824512629,50.00000000000001
581.0,49.999999999999986,37.34260642832909,50.0
582.0,49.999999999999986,37.314550249431385,50.0
583.0,49.999999999999986,37.287478554989065,50.0
584.0,49.999999999999986,37.26133508433323,50.0
585.0,49.999999999999986,37.236067977499786,50.0
586.0,49.999999999999986,37.21162934232346,50.0
587.0,49.999999999999986,37.187974872468416,49.99999999999999
588.0,49.999999999999986,37.165063509461106,50.0
589.0,49.999999999999986,37.14285714285714,50.0
590.0,49.999999999999986,37.121320343559645,50.0
591.0,49.999999999999986,37.10042012604201,50.0
592.0,49.999999999999986,37.08012573584462,50.0
593.0,49.999999999999986,37.06040845923033,50.0
594.0,49.999999999999986,37.04124145231932,50.0
595.0,49.999999999999986,37.02259958738973,50.0
596.0,49.999999999999986,37.00445931434319,50.0
597.0,49.999999999999986,36.986798535597565,50.0
598.0,49.999999999999986,36.969596492895846,50.0
599.0,45.650944554904115,36.95283366471236,50.0
600.0,45.650944554904115,36.94714261765861,50.0
601.0,36.945514613639624,36.941855088103246,50.0
602.0,36.945514613639624,36.92824930872631,50.0
603.0,36.945514613639624,36.91501528338323,49.99999999999999
604.0,36.945514613639624,36.896059727776496,50.0
605.0,36.945514613639624,36.95915947640991,50.0
606.0,36.945514613639624,37.17581841723764,50.0
607.0,36.945514613639624,37.72902282548787,50.0
608.0,36.945514613639624,39.25685957699128,50.0
609.0,36.945514613639624,43.266722045299844,50.0
610.0,36.945514613639624,46.97009291248504,50.0
611.0,36.945514613639624,64.85659957234154,49.99999999999999
612.0,36.945514613639624,50.0,50.0
613.0,36.945514613639624,50.0,50.0
614.0,36.945514613639624,50.0,50.0
615.0,36.945514613639624,50.0,50.0
616.0,36.945514613639624,50.0,50.0
617.0,36.945514613639624,50.0,50.0
618.0,36.945514613639624,50.0,50.0
619.0,36.945514613639624,50.0,50.0
620.0,36.945514613639624,50.0,50.0
621.0,36.945514613639624,50.0,50.0
622.0,36.945514613639624,50.0,50.0
623.0,36.945514613639624,50.0,50.0
624.0,36.945514613639624,50.00000000000001,50.00000000000001
625.0,36.945514613639624,49.99999999999999,49.99999999999999
626.0,36.945514613639624,50.00000000000001,50.00000000000001
627.0,36.945514613639624,49.99999999999999,49.99999999999999
628.0,36.945514613639624,50.00000000000001,50.00000000000001
629.0,36.945514613639624,49.99999999999999,49.99999999999999
630.0,36.945514613639624,50.00000000000001,50.00000000000001
631.0,36.945514613639624,49.99999999999999,49.99999999999999
632.0,36.945514613639624,50.00000000000001,50.00000000000001
633.0,36.945514613639624,49.99999999999999,49.99999999999999
634.0,36.945514613639624,50.00000000000001,50.00000000000001
635.0,36.945514613639624,49.99999999999999,49.99999999999999
636.0,36.945514613639624,50.00000000000001,50.00000000000001
637.0,36.945514613639624,49.99999999999999,49.99999999999999
638.0,36.945514613639624,50.00000000000001,50.00000000000001
639.0,36.945514613639624,49.99999999999999,49.99999999999999
640.0,36.945514613639624,50.00000000000001,50.00000000000001
641.0,36.945514613639624,49.99999999999999,49.99999999999999
642.0,36.945514613639624,50.00000000000001,50.00000000000001
643.0,36.945514613639624,49.99999999999999,49.99999999999999
644.0,36.945514613639624,50.00000000000001,50.00000000000001
645.0,36.945514613639624,49.99999999999999,49.99999999999999
646.0,36.945514613639624,50.00000000000001,50.00000000000001
647.0,36.945514613639624,49.99999999999999,49.99999999999999
648.0,36.945514613639624,50.00000000000001,50.00000000000001
649.0,36.945514613639624,49.99999999999999,49.99999999999999
650.0,36.945514613639624,50.00000000000001,50.00000000000001
651.0,36.945514613639624,49.99999999999999,49.99999999999999
652.0,36.945514613639624,50.00000000000001,50.00000000000001
653.0,36.945514613639624,49.99999999999999,49.99999999999999
654.0,36.945514613639624,50.00000000000001,50.00000000000001
655.0,36.945514613639624,49.99999999999999,49.99999999999999
656.0,36.945514613639624,50.00000000000001,50.00000000000001
657.0,36.945514613639624,49.99999999999999,49.99999999999999
658.0,36.945514613639624,50.00000000000001,50.00000000000001
659.0,36.945514613639624,49.99999999999999,49.99999999999999
660.0,36.945514613639624,50.00000000000001,50.00000000000001
661.0,41.29822958427187,49.99999999999999,49.99999999999999
662.0,41.29822958427187,49.98500000000001,50.00000000000001
663.0,49.99000000000001,49.97,50.0
664.0,49.99000000000001,49.98499,50.0
665.0,49.99000000000001,49.99998,50.0
666.0,49.99000000000001,50.023530797321186,50.00000000000001
667.0,49.99000000000001,49.9320045891223,50.0
668.0,49.99000000000001,49.61456340106794,50.00000000000001
669.0,49.99000000000001,48.95962472734941,50.0
670.0,49.99000000000001,47.17931683182529,50.0
671.0,49.99000000000001,41.159105227454376,50.0
672.0,49.99000000000001,39.52267016866646,50.0
673.0,49.99000000000001,39.33012701892219,49.99999999999999
674.0,49.99000000000001,39.16025147168922,50.0
675.0,49.99000000000001,39.00891862868636,50.0
676.0,49.99000000000001,38.87298334620742,50.0
677.0,49.99000000000001,38.75,50.0
678.0,49.99000000000001,38.638034375545,50.0
679.0,49.99000000000001,38.53553390593274,50.0
680.0,49.99000000000001,38.44123600805843,50.0
681.0,49.99000000000001,38.35410196624968,50.0
682.0,49.99000000000001,38.27326835353989,50.0
683.0,49.99000000000001,38.19801074533416,50.0
684.0,49.99000000000001,38.12771621085613,50.00000000000001
685.0,49.99000000000001,38.061862178478975,50.0
686.0,49.99000000000001,38.0,50.0
687.0,49.99000000000001,37.94174202707276,50.0
688.0,49.99000000000001,37.886751345948134,50.0
689.0,49.99000000000001,37.8347335475692,50.0
690.0,49.99000000000001,37.785430072655785,50.0
691.0,49.99000000000001,37.738612787525824,50.0
692.0,49.99000000000001,37.69407953040163,50.0
693.0,49.99000000000001,37.651650429449546,50.0
694.0,49.99000000000001,37.61116483933547,50.0
695.0,49.99000000000001,37.57247877713763,50.0
696.0,49.99000000000001,37.53546276418555,50.0
697.0,49.99000000000001,37.5,50.0
698.0,49.99000000000001,37.46598480958036,50.0
699.0,49.99000000000001,37.43332131696144,50.0
700.0,49.99000000000001,37.40192230707631,50.0
701.0,49.99000000000001,37.371708245126285,50.0
702.0,49.99000000000001,37.3426064283291,50.0
703.0,49.99000000000001,37.31455024943138,50.0
704.0,49.99000000000001,37.28747855498908,50.0
705.0,49.99000000000001,37.261335084333226,49.99999999999999
706.0,49.99000000000001,37.23606797749979,50.0
707.0,49.99000000000001,37.211629342323455,49.99999999999999
708.0,49.99000000000001,37.18797487246842,50.0
709.0,49.99000000000001,37.16506350946109,50.0
710.0,49.99000000000001,37.142857142857146,50.0
711.0,49.99000000000001,37.12132034355964,50.0
712.0,49.99000000000001,37.10042012604202,50.0
713.0,49.99000000000001,37.080125735844604,50.0
714.0,49.99000000000001,37.06040845923034,50.0
715.0,49.99000000000001,37.04124145231931,50.0
716.0,49.99000000000001,37.022599587389735,50.0
717.0,49.99000000000001,37.00445931434318,50.0
718.0,49.99000000000001,36.98679853559757,50.0
719.0,49.99000000000001,36.96959649289584,50.0
720.0,49.99000000000001,36.952833664712365,50.0
721.0,45.64094455490413,36.9364916731037,50.0
722.0,41.28499209412366,36.90120414354835,50.0
723.0,36.92372680863978,36.87694284165188,50.0
724.0,36.92372680863978,36.863687028503804,50.0
725.0,36.92372680863978,36.85078839026632,50.0
726.0,36.92372680863978,36.84927602538118,50.0
727.0,36.92372680863978,36.69357998151403,50.0
728.0,36.92372680863978,36.344415977035425,50.0
729.0,36.92372680863978,35.49309725809257,50.0
730.0,36.92372680863978,33.202507004300806,50.0
731.0,36.92372680863978,27.30200258146604,50.0
732.0,36.92372680863978,43.759589581809884,50.0
733.0,36.92372680863978,50.0,50.0
734.0,36.92372680863978,50.0,50.0
735.0,36.92372680863978,50.0,50.0
736.0,36.92372680863978,50.0,50.0
737.0,36.92372680863978,50.0,50.0
738.0,36.92372680863978,50.0,50.0
739.0,36.92372680863978,50.0,50.0
740.0,36.92372680863978,50.0,50.0
741.0,36.92372680863978,50.0,50.0
742.0,36.92372680863978,50.0,50.0
743.0,36.92372680863978,50.0,50.0
744.0,36.92372680863978,50.0,50.0
745.0,36.92372680863978,50.0,50.0
746.0,36.92372680863978,50.0,50.0
747.0,36.92372680863978,50.0,50.0
748.0,36.92372680863978,50.0,50.0
749.0,36.92372680863978,50.0,50.0
750.0,36.92372680863978,50.0,50.0
751.0,36.92372680863978,50.0,50.0
752.0,36.92372680863978,50.0,50.0
753.0,36.92372680863978,50.0,50.0
754.0,36.92372680863978,50.0,50.0
755.0,36.92372680863978,50.0,50.0
756.0,36.92372680863978,50.0,50.0
757.0,36.92372680863978,50.0,50.0
758.0,36.92372680863978,50.0,50.0
759.0,36.92372680863978,50.0,50.0
760.0,36.92372680863978,50.0,50.0
761.0,36.92372680863978,50.0,50.0
762.0,36.92372680863978,50.0,50.0
763.0,36.92372680863978,50.0,50.0
764.0,36.92372680863978,50.0,50.0
765.0,36.92372680863978,50.0,50.0
766.0,36.92372680863978,50.0,50.0
767.0,36.92372680863978,50.0,50.0
768.0,36.92372680863978,50.0,50.0
769.0,36.92372680863978,50.0,50.0
770.0,36.92372680863978,50.0,50.0
771.0,36.92372680863978,50.0,50.0
772.0,36.92372680863978,50.0,50.0
773.0,36.92372680863978,50.0,50.0
774.0,36.92372680863978,50.0,50.0
775.0,36.92372680863978,50.0,50.0
776.0,36.92372680863978,50.0,50.0
777.0,36.92372680863978,50.0,50.0
778.0,36.92372680863978,50.0,50.0
779.0,36.92372680863978,50.0,50.0
780.0,36.92372680863978,50.0,50.0
781.0,36.92372680863978,50.0,50.0
782.0,36.92372680863978,50.0,50.0
783.0,36.92372680863978,50.0,50.0
784.0,50.0,50.0,50.0
785.0,50.0,50.015,50.0
786.0,50.0,50.03,50.0
787.0,50.0,50.04500000000001,50.0
788.0,50.0,50.059999999999995,50.0
789.0,50.0,50.066439202678836,50.00000000000001
790.0,50.0,50.18795541087769,50.0
791.0,50.0,50.51827071148794,50.00000000000001
792.0,50.0,51.416160790798735,50.0
793.0,50.0,57.71375815468588,50.0
794.0,50.0,60.25658350974743,49.99999999999999
795.0,50.0,60.47732983133355,50.0
796.0,50.0,60.6698729810778,50.0
797.0,50.0,60.839748528310786,50.0
798.0,50.0,60.99108137131363,50.0
799.0,50.0,61.12701665379259,50.0
800.0,50.0,61.25,50.0
801.0,50.0,61.36196562445501,50.00000000000001
802.0,50.0,61.46446609406726,50.0
803.0,50.0,61.558763991941575,50.0
804.0,50.0,61.64589803375031,50.0
805.0,50.0,61.726731646460124,50.00000000000001
806.0,50.0,61.80198925466584,49.99999999999999
807.0,50.0,61.87228378914388,50.00000000000001
808.0,50.0,61.938137821521025,49.99999999999999
809.0,50.0,62.0,50.00000000000001
810.0,50.0,62.05825797292724,49.99999999999999
811.0,50.0,62.11324865405187,50.00000000000001
812.0,50.0,62.165266452430785,49.99999999999999
813.0,50.0,62.21456992734423,50.00000000000001
814.0,50.0,62.26138721247416,49.99999999999999
815.0,50.0,62.30592046959838,50.00000000000001
816.0,50.0,62.34834957055044,49.99999999999999
817.0,50.0,62.38883516066454,50.00000000000001
818.0,50.0,62.42752122286237,49.99999999999999
819.0,50.0,62.46453723581446,50.00000000000001
820.0,50.0,62.5,49.99999999999999
821.0,50.0,62.53401519041965,50.00000000000001
822.0,50.0,62.56667868303856,49.99999999999999
823.0,50.0,62.598077692923695,50.00000000000001
824.0,50.0,62.628291754873715,49.99999999999999
825.0,50.0,62.65739357167091,50.00000000000001
826.0,50.0,62.68544975056861,49.99999999999999
827.0,50.0,62.712521445010935,50.00000000000001
828.0,50.0,62.73866491566676,49.99999999999999
829.0,50.0,62.763932022500214,50.00000000000001
830.0,50.0,62.78837065767654,49.99999999999999
831.0,50.0,62.812025127531584,50.00000000000001
832.0,50.0,62.834936490538894,49.99999999999999
833.0,50.0,62.85714285714286,50.00000000000001
834.0,50.0,62.878679656440355,49.99999999999999
835.0,50.0,62.89957987395799,50.00000000000001
836.0,50.0,62.91987426415538,49.99999999999999
837.0,50.0,62.93959154076967,50.00000000000001
838.0,50.0,62.958758547680674,49.99999999999999
839.0,50.0,62.97740041261028,50.00000000000001
840.0,50.0,62.995540685656806,49.99999999999999
841.0,50.0,63.01320146440244,50.00000000000001
842.0,50.0,63.030403507104154,49.99999999999999
843.0,50.0,63.04716633528764,50.00000000000001
844.0,58.70355822072798,63.06350832689628,49.99999999999999
845.0,63.05806099636007,63.0581503592273,50.00000000000001
846.0,63.05806099636007,63.07175971421424,50.0
847.0,63.05806099636007,63.08499731516731,50.0
848.0,63.05806099636007,63.09787774120981,50.0
849.0,63.05806099636007,63.12256908481701,50.0
850.0,63.05806099636007,62.97250205316348,50.0
851.0,63.05806099636007,62.67415576721693,50.0
852.0,63.05806099636007,61.83909521840677,50.0
853.0,63.05806099636007,59.545631352775416,50.0
854.0,63.05806099636007,40.414616215875576,50.0
855.0,63.05806099636007,50.0,50.0
856.0,63.05806099636007,50.0,50.0
857.0,63.05806099636007,50.0,50.0
858.0,63.05806099636007,50.0,50.0
859.0,63.05806099636007,50.0,50.0
860.0,63.05806099636007,50.0,50.0
861.0,63.05806099636007,50.0,50.0
862.0,63.05806099636007,50.0,50.0
863.0,63.05806099636007,50.0,50.0
864.0,63.05806099636007,50.0,50.0
865.0,63.05806099636007,50.0,50.0
866.0,63.05806099636007,50.0,50.0
867.0,63.05806099636007,50.00000000000001,50.00000000000001
868.0,63.05806099636007,49.99999999999999,49.99999999999999
869.0,63.05806099636007,50.00000000000001,50.00000000000001
870.0,63.05806099636007,49.99999999999999,49.99999999999999
871.0,63.05806099636007,50.00000000000001,50.00000000000001
872.0,63.05806099636007,49.99999999999999,49.99999999999999
873.0,63.05806099636007,50.00000000000001,50.00000000000001
874.0,63.05806099636007,49.99999999999999,49.99999999999999
875.0,63.05806099636007,50.00000000000001,50.00000000000001
876.0,63.05806099636007,49.99999999999999,49.99999999999999
877.0,63.05806099636007,50.00000000000001,50.00000000000001
878.0,63.05806099636007,49.99999999999999,49.99999999999999
879.0,63.05806099636007,50.00000000000001,50.00000000000001
880.0,63.05806099636007,49.99999999999999,49.99999999999999
881.0,63.05806099636007,50.00000000000001,50.00000000000001
882.0,63.05806099636007,49.99999999999999,49.99999999999999
883.0,63.05806099636007,50.00000000000001,50.00000000000001
884.0,63.05806099636007,49.99999999999999,49.99999999999999
885.0,63.05806099636007,50.00000000000001,50.00000000000001
886.0,63.05806099636007,49.99999999999999,49.99999999999999
887.0,63.05806099636007,50.00000000000001,50.00000000000001
888.0,63.05806099636007,49.99999999999999,49.99999999999999
889.0,63.05806099636007,50.00000000000001,50.00000000000001
890.0,63.05806099636007,49.99999999999999,49.99999999999999
891.0,63.05806099636007,50.00000000000001,50.00000000000001
892.0,63.05806099636007,49.99999999999999,49.99999999999999
893.0,63.05806099636007,50.00000000000001,50.00000000000001
894.0,63.05806099636007,49.99999999999999,49.99999999999999
895.0,63.05806099636007,50.00000000000001,50.00000000000001
896.0,63.05806099636007,49.99999999999999,49.99999999999999
897.0,63.05806099636007,50.00000000000001,50.00000000000001
898.0,63.05806099636007,49.99999999999999,49.99999999999999
899.0,63.05806099636007,50.00000000000001,50.00000000000001
900.0,63.05806099636007,49.99999999999999,49.99999999999999
901.0,63.05806099636007,50.00000000000001,50.00000000000001
902.0,63.05806099636007,49.99999999999999,49.99999999999999
903.0,63.05806099636007,50.00000000000001,50.00000000000001
904.0,63.05806099636007,49.99999999999999,49.99999999999999
905.0,63.05806099636007,50.00000000000001,50.00000000000001
906.0,50.0,49.99999999999999,49.99999999999999
907.0,50.0,49.98500000000001,50.00000000000001
908.0,50.0,49.97,50.0
909.0,50.0,49.955000000000005,50.0
910.0,50.0,49.94,50.0
911.0,50.0,49.93356079732118,50.00000000000001
912.0,50.0,49.8120445891223,50.0
913.0,50.0,49.481729288512064,50.00000000000001
914.0,50.0,48.58383920920126,50.0
915.0,50.0,46.14312092265706,50.0
916.0,50.0,39.74341649025257,50.0
917.0,50.0,39.52267016866645,50.0
918.0,50.0,39.33012701892219,50.0
919.0,50.0,39.16025147168922,50.0
920.0,50.0,39.00891862868637,50.0
921.0,50.0,38.87298334620741,49.99999999999999
922.0,50.0,38.75,50.0
923.0,50.0,38.638034375545,50.0
924.0,50.0,38.535533905932745,50.0
925.0,50.0,38.441236008058425,50.0
926.0,50.0,38.35410196624969,50.0
927.0,50.0,38.27326835353989,50.0
928.0,50.0,38.19801074533416,50.00000000000001
929.0,50.0,38.12771621085612,50.0
930.0,50.0,38.061862178478975,50.0
931.0,50.0,38.0,50.0
932.0,50.0,37.94174202707276,50.0
933.0,50.0,37.88675134594813,50.0
934.0,50.0,37.834733547569215,50.00000000000001
935.0,50.0,37.78543007265577,50.0
936.0,50.0,37.73861278752584,50.0
937.0,50.0,37.69407953040162,50.0
938.0,50.0,37.65165042944956,50.0
939.0,50.0,37.611164839335466,50.0
940.0,50.0,37.57247877713763,50.0
941.0,50.0,37.535462764185546,50.0
942.0,50.0,37.50000000000001,50.0
943.0,50.0,37.465984809580355,50.0
944.0,50.0,37.43332131696144,50.0
945.0,50.0,37.401922307076305,50.0
946.0,50.0,37.37170824512629,50.00000000000001
947.0,50.0,37.34260642832909,50.0
948.0,50.0,37.314550249431385,50.0
949.0,50.0,37.287478554989065,50.0
950.0,50.0,37.26133508433323,50.0
951.0,50.0,37.236067977499786,50.0
952.0,50.0,37.21162934232346,50.0
953.0,50.0,37.187974872468416,49.99999999999999
954.0,50.0,37.165063509461106,50.0
955.0,50.0,37.14285714285714,50.0
956.0,50.0,37.121320343559645,50.0
957.0,50.0,37.10042012604201,50.0
958.0,50.0,37.08012573584462,50.0
959.0,50.0,37.06040845923033,50.0
960.0,50.0,37.04124145231932,50.0
961.0,50.0,37.02259958738973,50.0
962.0,50.0,37.00445931434319,50.0
963.0,50.0,36.986798535597565,50.0
964.0,50.0,36.969596492895846,50.0
965.0,45.650944554904115,36.95283366471236,50.0
966.0,45.650944554904115,36.94714261765861,50.0
967.0,36.95082743834305,36.941855088103246,50.0
968.0,36.95082743834305,36.92825462155101,50.0
969.0,36.95082743834305,36.91502590903263,49.99999999999999
970.0,36.95082743834305,36.8960756662506,50.0
971.0,36.95082743834305,36.95918072770872,50.0
972.0,36.95082743834305,37.17584194922679,50.0
973.0,36.95082743834305,37.729089397097866,50.0
974.0,36.95082743834305,39.25704314242056,50.0
975.0,36.95082743834305,58.288539579076414,50.0
976.0,36.95082743834305,50.0,50.0
977.0,36.95082743834305,50.0,50.0
978.0,36.95082743834305,50.0,50.0
979.0,36.95082743834305,50.0,50.0
980.0,36.95082743834305,50.0,50.0
981.0,36.95082743834305,50.0,50.0
982.0,36.95082743834305,49.99999999999999,49.99999999999999
983.0,36.95082743834305,50.0,50.0
984.0,36.95082743834305,50.0,50.0
985.0,36.95082743834305,50.0,50.0
986.0,36.95082743834305,50.00000000000001,50.00000000000001
987.0,36.95082743834305,50.0,50.0
988.0,36.95082743834305,50.00000000000001,50.00000000000001
989.0,36.95082743834305,49.99999999999999,49.99999999999999
990.0,36.95082743834305,50.00000000000001,50.00000000000001
991.0,36.95082743834305,49.99999999999999,49.99999999999999
992.0,36.95082743834305,50.00000000000001,50.00000000000001
993.0,36.95082743834305,49.99999999999999,49.99999999999999
994.0,36.95082743834305,50.00000000000001,50.00000000000001
995.0,36.95082743834305,49.99999999999999,49.99999999999999
996.0,36.95082743834305,50.00000000000001,50.00000000000001
997.0,36.95082743834305,49.99999999999999,49.99999999999999
998.0,36.95082743834305,50.00000000000001,50.00000000000001
999.0,36.95082743834305,49.99999999999999,49.99999999999999
1000.0,36.95082743834305,50.00000000000001,50.00000000000001
1001.0,36.95082743834305,49.99999999999999,49.99999999999999
1002.0,36.95082743834305,50.00000000000001,50.00000000000001
1003.0,36.95082743834305,49.99999999999999,49.99999999999999
1004.0,36.95082743834305,50.00000000000001,50.00000000000001
1005.0,36.95082743834305,49.99999999999999,49.99999999999999
1006.0,36.95082743834305,50.00000000000001,50.00000000000001
1007.0,36.95082743834305,49.99999999999999,49.99999999999999
1008.0,36.95082743834305,50.00000000000001,50.00000000000001
1009.0,36.95082743834305,49.99999999999999,49.99999999999999
1010.0,36.95082743834305,50.00000000000001,50.00000000000001
1011.0,36.95082743834305,49.99999999999999,49.99999999999999
1012.0,36.95082743834305,50.00000000000001,50.00000000000001
1013.0,36.95082743834305,49.99999999999999,49.99999999999999
1014.0,36.95082743834305,50.00000000000001,50.00000000000001
1015.0,36.95082743834305,49.99999999999999,49.99999999999999
1016.0,36.95082743834305,50.00000000000001,50.00000000000001
1017.0,36.95082743834305,49.99999999999999,49.99999999999999
1018.0,36.95082743834305,50.00000000000001,50.00000000000001
1019.0,36.95082743834305,49.99999999999999,49.99999999999999
1020.0,36.95082743834305,50.00000000000001,50.00000000000001
1021.0,36.95082743834305,49.99999999999999,49.99999999999999
1022.0,36.95082743834305,50.00000000000001,50.00000000000001
1023.0,36.95082743834305,49.99999999999999,49.99999999999999
1024.0,36.95082743834305,50.00000000000001,50.00000000000001
1025.0,36.95082743834305,49.99999999999999,49.99999999999999
1026.0,41.3035424089753,50.00000000000001,50.00000000000001
1027.0,49.989999999999995,49.98499999999999,49.99999999999999
1028.0,49.989999999999995,49.99999,50.0
1029.0,49.989999999999995,50.014979999999994,50.0
1030.0,49.989999999999995,50.029970000000006,50.0
1031.0,49.989999999999995,50.05352079732117,50.0
1032.0,49.989999999999995,49.94487870167818,50.0
1033.0,49.989999999999995,49.857514806660205,50.0
1034.0,49.989999999999995,49.620035118369486,50.0
1035.0,49.989999999999995,48.97449839706067,50.0
1036.0,49.989999999999995,47.45460339222022,50.0
1037.0,49.989999999999995,60.25316464857751,50.0
1038.0,49.989999999999995,60.47383738805644,50.0
1039.0,49.989999999999995,60.66631635675078,50.0
1040.0,49.989999999999995,60.83613527880135,50.00000000000001
1041.0,49.989999999999995,60.9874176775232,50.0
1042.0,49.989999999999995,61.12330764824132,50.0
1043.0,49.989999999999995,61.24625,50.0
1044.0,49.989999999999995,61.35817830258019,50.0
1045.0,49.989999999999995,61.46064460536924,49.99999999999999
1046.0,49.989999999999995,61.55491107061093,50.0
1047.0,49.989999999999995,61.642016067739064,50.0
1048.0,49.989999999999995,61.7228227359113,50.0
1049.0,49.989999999999995,61.798055258247615,50.0
1050.0,49.989999999999995,61.86832636121417,50.0
1051.0,49.989999999999995,61.93415844224718,50.0
1052.0,49.989999999999995,61.99600000000001,50.0
1053.0,49.989999999999995,62.05423855360293,50.0
1054.0,49.989999999999995,62.10921090450053,50.0
1055.0,49.989999999999995,62.16121136361332,50.0
1056.0,49.989999999999995,62.21049840403511,50.0
1057.0,49.989999999999995,62.25730008340335,50.0
1058.0,49.989999999999995,62.30181849610851,50.0
1059.0,49.989999999999995,62.344233454026934,50.0
1060.0,49.989999999999995,62.38470554894431,50.0
1061.0,49.989999999999995,62.423378715788076,50.0
1062.0,49.989999999999995,62.460382390069185,50.0
1063.0,49.989999999999995,62.49583333333334,50.0
1064.0,49.989999999999995,62.52983718535617,50.0
1065.0,49.989999999999995,62.56248979014421,50.0
1066.0,49.989999999999995,62.593878333692714,50.0
1067.0,49.989999999999995,62.62408232428875,50.0
1068.0,49.989999999999995,62.653174440480356,50.0
1069.0,49.989999999999995,62.681221267318435,50.0
1070.0,49.989999999999995,62.70828393786259,50.0
1071.0,49.989999999999995,62.73441869402822,50.0
1072.0,49.989999999999995,62.75967737849271,50.0
1073.0,49.989999999999995,62.78410786745732,50.0
1074.0,49.989999999999995,62.80775445248908,50.0
1075.0,49.989999999999995,62.83065817837539,50.0
1076.0,49.989999999999995,62.85285714285715,50.0
1077.0,49.989999999999995,62.87438676322155,50.0
1078.0,49.989999999999995,62.89528001400001,50.0
1079.0,49.989999999999995,62.91556763940068,50.0
1080.0,49.989999999999995,62.93527834358942,50.0
1081.0,49.989999999999995,62.95443896149813,50.0
1082.0,49.989999999999995,62.97307461247274,50.0
1083.0,49.989999999999995,62.991208838761594,50.0
1084.0,49.989999999999995,63.00886373058097,50.0
1085.0,49.989999999999995,63.02606003926846,50.0
1086.0,54.33202001308949,63.04281727984255,50.0
1087.0,54.33202001308949,63.048495844133754,50.0
1088.0,63.03422297628258,63.05377102543241,50.0
1089.0,63.03422297628258,63.06735635863461,50.0
1090.0,63.03422297628258,63.08057006172096,50.0
1091.0,63.03422297628258,63.09950942938977,50.0
1092.0,63.03422297628258,63.03633963284986,50.0
1093.0,63.03422297628258,62.819517516736255,50.0
1094.0,63.03422297628258,62.2658207145341,50.0
1095.0,63.03422297628258,60.73665352125238,50.0
1096.0,63.03422297628258,41.70651230780354,50.0
1097.0,63.03422297628258,50.0,50.0
1098.0,63.03422297628258,50.0,50.0
1099.0,63.03422297628258,50.0,50.0
1100.0,63.03422297628258,50.0,50.0
1101.0,63.03422297628258,50.0,50.0
1102.0,63.03422297628258,50.0,50.0
1103.0,63.03422297628258,50.0,50.0
1104.0,63.03422297628258,50.0,50.0
1105.0,63.03422297628258,50.0,50.0
1106.0,63.03422297628258,50.0,50.0
1107.0,63.03422297628258,50.0,50.0
1108.0,63.03422297628258,50.0,50.0
1109.0,63.03422297628258,50.00000000000001,50.00000000000001
1110.0,63.03422297628258,49.99999999999999,49.99999999999999
1111.0,63.03422297628258,50.00000000000001,50.00000000000001
1112.0,63.03422297628258,49.99999999999999,49.99999999999999
1113.0,63.03422297628258,50.00000000000001,50.00000000000001
1114.0,63.03422297628258,49.99999999999999,49.99999999999999
1115.0,63.03422297628258,50.00000000000001,50.00000000000001
1116.0,63.03422297628258,49.99999999999999,49.99999999999999
1117.0,63.03422297628258,50.00000000000001,50.00000000000001
1118.0,63.03422297628258,49.99999999999999,49.99999999999999
1119.0,63.03422297628258,50.00000000000001,50.00000000000001
1120.0,63.03422297628258,49.99999999999999,49.99999999999999
1121.0,63.03422297628258,50.00000000000001,50.00000000000001
1122.0,63.03422297628258,49.99999999999999,49.99999999999999
1123.0,63.03422297628258,50.00000000000001,50.00000000000001
1124.0,63.03422297628258,49.99999999999999,49.99999999999999
1125.0,63.03422297628258,50.00000000000001,50.00000000000001
1126.0,63.03422297628258,49.99999999999999,49.99999999999999
1127.0,63.03422297628258,50.00000000000001,50.00000000000001
1128.0,63.03422297628258,49.99999999999999,49.99999999999999
1129.0,63.03422297628258,50.00000000000001,50.00000000000001
1130.0,63.03422297628258,49.99999999999999,49.99999999999999
1131.0,63.03422297628258,50.00000000000001,50.00000000000001
1132.0,63.03422297628258,49.99999999999999,49.99999999999999
1133.0,63.03422297628258,50.00000000000001,50.00000000000001
1134.0,63.03422297628258,49.99999999999999,49.99999999999999
1135.0,63.03422297628258,50.00000000000001,50.00000000000001
1136.0,63.03422297628258,49.99999999999999,49.99999999999999
1137.0,63.03422297628258,50.00000000000001,50.00000000000001
1138.0,63.03422297628258,49.99999999999999,49.99999999999999
1139.0,63.03422297628258,50.00000000000001,50.00000000000001
1140.0,63.03422297628258,49.99999999999999,49.99999999999999
1141.0,63.03422297628258,50.00000000000001,50.00000000000001
1142.0,63.03422297628258,49.99999999999999,49.99999999999999
1143.0,63.03422297628258,50.00000000000001,50.00000000000001
1144.0,63.03422297628258,49.99999999999999,49.99999999999999
1145.0,63.03422297628258,50.00000000000001,50.00000000000001
1146.0,63.03422297628258,49.99999999999999,49.99999999999999
1147.0,58.6829659678051,50.00000000000001,50.00000000000001
1148.0,50.005,50.01499999999999,49.99999999999999
1149.0,50.005,50.00001000000001,50.00000000000001
1150.0,50.005,49.985020000000006,50.0
1151.0,50.005,49.97003000000001,50.00000000000001
1152.0,50.005,49.94647920267883,50.0
1153.0,50.005,50.055121298321836,50.0
1154.0,50.005,50.142485193339795,50.0
1155.0,50.005,50.379964881630514,50.0
1156.0,50.005,51.02550160293933,50.0
1157.0,50.005,52.545396607779786,49.99999999999999
1158.0,50.005,39.74683535142249,50.0
1159.0,50.005,39.52616261194357,50.0
1160.0,50.005,39.333683643249216,50.0
1161.0,50.005,39.16386472119865,49.99999999999999
1162.0,50.005,39.0125823224768,50.0
1163.0,50.005,38.87669235175868,50.0
1164.0,50.005,38.753750000000004,50.0
1165.0,50.005,38.641821697419815,50.0
1166.0,50.005,38.53935539463075,49.99999999999999
1167.0,50.005,38.44508892938907,50.0
1168.0,50.005,38.357983932260936,50.0
1169.0,50.005,38.27717726408871,50.0
1170.0,50.005,38.201944741752385,50.00000000000001
1171.0,50.005,38.13167363878583,50.0
1172.0,50.005,38.06584155775282,50.0
1173.0,50.005,38.00399999999999,50.0
1174.0,50.005,37.94576144639707,50.0
1175.0,50.005,37.89078909549947,49.99999999999999
1176.0,50.005,37.83878863638668,50.0
1177.0,50.005,37.78950159596489,50.0
1178.0,50.005,37.742699916596656,50.0
1179.0,50.005,37.69818150389149,50.0
1180.0,50.005,37.65576654597307,50.0
1181.0,50.005,37.61529445105568,50.0
1182.0,50.005,37.576621284211924,50.0
1183.0,50.005,37.539617609930815,50.0
1184.0,50.005,37.50416666666667,50.00000000000001
1185.0,50.005,37.47016281464383,50.0
1186.0,50.005,37.43751020985579,50.0
1187.0,50.005,37.40612166630728,50.0
1188.0,50.005,37.37591767571125,50.0
1189.0,50.005,37.346825559519644,50.0
1190.0,50.005,37.31877873268157,50.0
1191.0,50.005,37.291716062137404,50.0
1192.0,50.005,37.265581305971786,50.0
1193.0,50.005,37.24032262150729,49.99999999999999
1194.0,50.005,37.215892132542685,50.0
1195.0,50.005,37.19224554751092,50.0
1196.0,50.005,37.16934182162461,50.0
1197.0,50.005,37.14714285714285,50.0
1198.0,50.005,37.125613236778456,50.0
1199.0,50.005,37.10471998599999,50.0
1200.0,50.005,37.08443236059933,50.00000000000001
1201.0,50.005,37.06472165641058,50.0
1202.0,50.005,37.04556103850188,50.0
1203.0,50.005,37.02692538752726,50.0
1204.0,50.005,37.008791161238406,50.0
1205.0,50.005,36.99113626941903,50.0
1206.0,50.005,36.97393996073154,50.0
1207.0,45.66797998691052,36.95718272015745,50.0
1208.0,45.66797998691052,36.95150415586625,50.0
1209.0,36.95867170372616,36.94622897456759,50.0
1210.0,36.95867170372616,36.93263653604541,50.0
1211.0,36.95867170372616,36.919415727639056,49.99999999999999
1212.0,36.95867170372616,36.90046925465026,50.0
1213.0,36.95867170372616,36.96363194587018,50.0
1214.0,36.95867170372616,37.18045101181075,50.0
1215.0,36.95867170372616,37.73409025324335,50.0
1216.0,36.95867170372616,39.26310098013115,50.0
1217.0,36.95867170372616,58.293152283010535,50.0
1218.0,36.95867170372616,50.0,50.0
1219.0,36.95867170372616,49.99999999999999,49.99999999999999
1220.0,36.95867170372616,50.0,50.0
1221.0,36.95867170372616,50.0,50.0
1222.0,36.95867170372616,50.0,50.0
1223.0,36.95867170372616,50.0,50.0
1224.0,36.95867170372616,50.0,50.0
1225.0,36.95867170372616,50.0,50.0
1226.0,36.95867170372616,50.0,50.0
1227.0,36.95867170372616,50.0,50.0
1228.0,36.95867170372616,50.0,50.0
1229.0,36.95867170372616,50.0,50.0
1230.0,36.95867170372616,50.00000000000001,50.00000000000001
1231.0,36.95867170372616,49.99999999999999,49.99999999999999
1232.0,36.95867170372616,50.00000000000001,50.00000000000001
1233.0,36.95867170372616,49.99999999999999,49.99999999999999
1234.0,36.95867170372616,50.00000000000001,50.00000000000001
1235.0,36.95867170372616,49.99999999999999,49.99999999999999
1236.0,36.95867170372616,50.00000000000001,50.00000000000001
1237.0,36.95867170372616,49.99999999999999,49.99999999999999
1238.0,36.95867170372616,50.00000000000001,50.00000000000001
1239.0,36.95867170372616,49.99999999999999,49.99999999999999
1240.0,36.95867170372616,50.00000000000001,50.00000000000001
1241.0,36.95867170372616,49.99999999999999,49.99999999999999
1242.0,36.95867170372616,50.00000000000001,50.00000000000001
1243.0,36.95867170372616,49.99999999999999,49.99999999999999
1244.0,36.95867170372616,50.00000000000001,50.00000000000001
1245.0,36.95867170372616,49.99999999999999,49.99999999999999
1246.0,36.95867170372616,50.00000000000001,50.00000000000001
1247.0,36.95867170372616,49.99999999999999,49.99999999999999
1248.0,36.95867170372616,50.00000000000001,50.00000000000001
1249.0,36.95867170372616,49.99999999999999,49.99999999999999
1250.0,36.95867170372616,50.00000000000001,50.00000000000001
1251.0,36.95867170372616,49.99999999999999,49.99999999999999
1252.0,36.95867170372616,50.00000000000001,50.00000000000001
1253.0,36.95867170372616,49.99999999999999,49.99999999999999
1254.0,36.95867170372616,50.00000000000001,50.00000000000001
1255.0,36.95867170372616,49.99999999999999,49.99999999999999
1256.0,36.95867170372616,50.00000000000001,50.00000000000001
1257.0,36.95867170372616,49.99999999999999,49.99999999999999
1258.0,36.95867170372616,50.00000000000001,50.00000000000001
1259.0,36.95867170372616,49.99999999999999,49.99999999999999
1260.0,36.95867170372616,50.00000000000001,50.00000000000001
1261.0,36.95867170372616,49.99999999999999,49.99999999999999
1262.0,36.95867170372616,50.00000000000001,50.00000000000001
1263.0,36.95867170372616,49.99999999999999,49.99999999999999
1264.0,36.95867170372616,50.00000000000001,50.00000000000001
1265.0,36.95867170372616,49.99999999999999,49.99999999999999
1266.0,36.95867170372616,50.00000000000001,50.00000000000001
1267.0,36.95867170372616,49.99999999999999,49.99999999999999
1268.0,41.31348137219926,50.00000000000001,50.00000000000001
1269.0,50.0,49.98499999999999,49.99999999999999
1270.0,50.0,49.999995,50.0
1271.0,50.0,50.01499,50.0
1272.0,50.0,50.02998500000001,50.0
1273.0,50.0,50.053540797321176,50.0
1274.0,50.0,49.944900848079065,50.0
1275.0,50.0,49.85757745846384,50.0
1276.0,50.0,49.620207875273316,50.0
1277.0,50.0,48.9749704506576,50.0
1278.0,50.0,57.712472528326764,50.0
1279.0,50.0,60.25316464857751,50.0
1280.0,50.0,60.47383738805644,50.0
1281.0,50.0,60.66631635675078,50.0
1282.0,50.0,60.83613527880135,50.0
1283.0,50.0,60.98741767752318,49.99999999999999
1284.0,50.0,61.12330764824132,50.0
1285.0,50.0,61.246249999999996,50.0
1286.0,50.0,61.358178302580185,50.00000000000001
1287.0,50.0,61.46064460536923,50.0
1288.0,50.0,61.55491107061093,50.00000000000001
1289.0,50.0,61.642016067739064,50.0
1290.0,50.0,61.72282273591129,50.00000000000001
1291.0,50.0,61.798055258247615,49.99999999999999
1292.0,50.0,61.86832636121417,50.00000000000001
1293.0,50.0,61.93415844224718,49.99999999999999
1294.0,50.0,61.99600000000001,50.00000000000001
1295.0,50.0,62.05423855360293,49.99999999999999
1296.0,50.0,62.10921090450053,50.00000000000001
1297.0,50.0,62.161211363613305,49.99999999999999
1298.0,50.0,62.21049840403511,50.00000000000001
1299.0,50.0,62.25730008340334,49.99999999999999
1300.0,50.0,62.30181849610851,50.00000000000001
1301.0,50.0,62.34423345402692,49.99999999999999
1302.0,50.0,62.38470554894431,50.00000000000001
1303.0,50.0,62.423378715788076,49.99999999999999
1304.0,50.0,62.460382390069185,50.00000000000001
1305.0,50.0,62.49583333333332,49.99999999999999
1306.0,50.0,62.52983718535617,50.00000000000001
1307.0,50.0,62.56248979014421,49.99999999999999
1308.0,50.0,62.59387833369273,50.00000000000001
1309.0,50.0,62.62408232428875,49.99999999999999
1310.0,50.0,62.653174440480356,50.00000000000001
1311.0,50.0,62.68122126731842,49.99999999999999
1312.0,50.0,62.7082839378626,50.00000000000001
1313.0,50.0,62.73441869402821,49.99999999999999
1314.0,50.0,62.75967737849271,50.00000000000001
1315.0,50.0,62.78410786745731,49.99999999999999
1316.0,50.0,62.80775445248908,50.00000000000001
1317.0,50.0,62.83065817837539,49.99999999999999
1318.0,50.0,62.85285714285715,50.00000000000001
1319.0,50.0,62.87438676322154,49.99999999999999
1320.0,50.0,62.89528001400001,50.00000000000001
1321.0,50.0,62.91556763940066,49.99999999999999
1322.0,50.0,62.93527834358942,50.00000000000001
1323.0,50.0,62.95443896149811,49.99999999999999
1324.0,50.0,62.97307461247274,50.00000000000001
1325.0,50.0,62.991208838761594,49.99999999999999
1326.0,50.0,63.00886373058097,50.00000000000001
1327.0,50.0,63.02606003926846,49.99999999999999
1328.0,50.0,63.04281727984255,50.00000000000001
1329.0,58.69565703465441,63.059153824120656,49.99999999999999
1330.0,63.05047038021472,63.05378764244089,50.00000000000001
1331.0,63.05047038021472,63.067389223047016,50.0
1332.0,63.05047038021472,63.08061917353729,50.0
1333.0,63.05047038021472,63.09349206817531,50.0
1334.0,63.05047038021472,63.1181776506037,50.0
1335.0,63.05047038021472,62.96808253331157,50.0
1336.0,63.05047038021472,62.669670266007245,50.0
1337.0,63.05047038021472,61.83443838502491,50.0
1338.0,63.05047038021472,59.54051663491341,50.0
1339.0,63.05047038021472,48.638855378515174,50.0
1340.0,63.05047038021472,35.12265057075869,50.0
1341.0,63.05047038021472,50.0,50.0
1342.0,63.05047038021472,50.0,50.0
1343.0,63.05047038021472,50.0,50.0
1344.0,63.05047038021472,50.0,50.0
1345.0,63.05047038021472,50.0,50.0
1346.0,63.05047038021472,50.0,50.0
1347.0,63.05047038021472,50.0,50.0
1348.0,63.05047038021472,50.0,50.0
1349.0,63.05047038021472,50.0,50.0
1350.0,63.05047038021472,50.0,50.0
1351.0,63.05047038021472,50.0,50.0
1352.0,63.05047038021472,50.0,50.0
1353.0,63.05047038021472,50.00000000000001,50.00000000000001
1354.0,63.05047038021472,49.99999999999999,49.99999999999999
1355.0,63.05047038021472,50.00000000000001,50.00000000000001
1356.0,63.05047038021472,49.99999999999999,49.99999999999999
1357.0,63.05047038021472,50.00000000000001,50.00000000000001
1358.0,63.05047038021472,49.99999999999999,49.99999999999999
1359.0,63.05047038021472,50.00000000000001,50.00000000000001
1360.0,63.05047038021472,49.99999999999999,49.99999999999999
1361.0,63.05047038021472,50.00000000000001,50.00000000000001
1362.0,63.05047038021472,49.99999999999999,49.99999999999999
1363.0,63.05047038021472,50.00000000000001,50.00000000000001
1364.0,63.05047038021472,49.99999999999999,49.99999999999999
1365.0,63.05047038021472,50.00000000000001,50.00000000000001
1366.0,63.05047038021472,49.99999999999999,49.99999999999999
1367.0,63.05047038021472,50.00000000000001,50.00000000000001
1368.0,63.05047038021472,49.99999999999999,49.99999999999999
1369.0,63.05047038021472,50.00000000000001,50.00000000000001
1370.0,63.05047038021472,49.99999999999999,49.99999999999999
1371.0,63.05047038021472,50.00000000000001,50.00000000000001
1372.0,63.05047038021472,49.99999999999999,49.99999999999999
1373.0,63.05047038021472,50.00000000000001,50.00000000000001
1374.0,63.05047038021472,49.99999999999999,49.99999999999999
1375.0,63.05047038021472,50.00000000000001,50.00000000000001
1376.0,63.05047038021472,49.99999999999999,49.99999999999999
1377.0,63.05047038021472,50.00000000000001,50.00000000000001
1378.0,63.05047038021472,49.99999999999999,49.99999999999999
1379.0,63.05047038021472,50.00000000000001,50.00000000000001
1380.0,63.05047038021472,49.99999999999999,49.99999999999999
1381.0,63.05047038021472,50.00000000000001,50.00000000000001
1382.0,63.05047038021472,49.99999999999999,49.99999999999999
1383.0,63.05047038021472,50.00000000000001,50.00000000000001
1384.0,63.05047038021472,49.99999999999999,49.99999999999999
1385.0,63.05047038021472,50.00000000000001,50.00000000000001
1386.0,63.05047038021472,49.99999999999999,49.99999999999999
1387.0,63.05047038021472,50.00000000000001,50.00000000000001
1388.0,63.05047038021472,49.99999999999999,49.99999999999999
1389.0,63.05047038021472,50.00000000000001,50.00000000000001
1390.0,58.6956570346544,49.99999999999999,49.99999999999999
1391.0,58.6956570346544,50.01500000000001,50.00000000000001
1392.0,50.01,50.029999999999994,49.99999999999999
1393.0,50.01,50.015015000000005,50.00000000000001
1394.0,50.01,50.00003,50.0
1395.0,50.01,49.97648420267883,50.0
1396.0,50.01,50.0680154108777,50.0
1397.0,50.01,50.38545874533297,50.0
1398.0,50.01,51.040437924454224,50.0
1399.0,50.01,52.82085592507855,50.0
1400.0,50.01,58.84136682614256,50.0
1401.0,50.01,60.47732983133355,50.0
1402.0,50.01,60.66987298107781,50.0
1403.0,50.01,60.83974852831078,50.0
1404.0,50.01,60.99108137131363,50.0
1405.0,50.01,61.12701665379258,50.0
1406.0,50.01,61.25,50.0
1407.0,50.01,61.36196562445501,50.0
1408.0,50.01,61.46446609406726,50.0
1409.0,50.01,61.55876399194157,50.0
1410.0,50.01,61.64589803375031,50.0
1411.0,50.01,61.72673164646012,50.0
1412.0,50.01,61.80198925466584,50.0
1413.0,50.01,61.87228378914388,50.00000000000001
1414.0,50.01,61.938137821521025,49.99999999999999
1415.0,50.01,62.0,50.00000000000001
1416.0,50.01,62.05825797292724,49.99999999999999
1417.0,50.01,62.11324865405187,50.00000000000001
1418.0,50.01,62.165266452430785,49.99999999999999
1419.0,50.01,62.21456992734423,50.00000000000001
1420.0,50.01,62.26138721247416,49.99999999999999
1421.0,50.01,62.30592046959838,50.00000000000001
1422.0,50.01,62.34834957055044,49.99999999999999
1423.0,50.01,62.38883516066454,50.00000000000001
1424.0,50.01,62.42752122286237,49.99999999999999
1425.0,50.01,62.46453723581446,50.00000000000001
1426.0,50.01,62.5,49.99999999999999
1427.0,50.01,62.53401519041965,50.00000000000001
1428.0,50.01,62.56667868303856,49.99999999999999
1429.0,50.01,62.598077692923695,50.00000000000001
1430.0,50.01,62.628291754873715,49.99999999999999
1431.0,50.01,62.65739357167091,50.00000000000001
1432.0,50.01,62.68544975056861,49.99999999999999
1433.0,50.01,62.712521445010935,50.00000000000001
1434.0,50.01,62.73866491566676,49.99999999999999
1435.0,50.01,62.763932022500214,50.00000000000001
1436.0,50.01,62.78837065767654,49.99999999999999
1437.0,50.01,62.812025127531584,50.00000000000001
1438.0,50.01,62.834936490538894,49.99999999999999
1439.0,50.01,62.85714285714286,50.00000000000001
1440.0,50.01,62.878679656440355,49.99999999999999
1441.0,50.01,62.89957987395799,50.00000000000001
1442.0,50.01,62.91987426415538,49.99999999999999
1443.0,50.01,62.93959154076967,50.00000000000001
1444.0,50.01,62.958758547680674,49.99999999999999
1445.0,50.01,62.97740041261028,50.00000000000001
1446.0,50.01,62.995540685656806,49.99999999999999
1447.0,50.01,63.01320146440244,50.00000000000001
1448.0,50.01,63.030403507104154,49.99999999999999
1449.0,50.01,63.04716633528764,50.00000000000001
1450.0,54.36405544509588,63.06350832689628,49.99999999999999
1451.0,58.71355822072798,63.09879585645167,50.00000000000001
1452.0,63.07145877180061,63.12305070866296,49.99999999999999
1453.0,63.07145877180061,63.136301707391496,50.0
1454.0,63.07145877180061,63.14919553120943,50.0
1455.0,63.07145877180061,63.15070308167499,50.0
1456.0,63.07145877180061,63.30639799208574,49.99999999999999
1457.0,63.07145877180061,63.655510449132564,50.0
1458.0,63.07145877180061,64.50670038684775,50.0
1459.0,63.07145877180061,66.79694057696852,50.0
1460.0,63.07145877180061,59.48933634208923,50.0
1461.0,63.07145877180061,47.26621853914685,50.0
1462.0,63.07145877180061,50.0,50.0
1463.0,63.07145877180061,50.0,50.0
1464.0,63.07145877180061,50.0,50.0
1465.0,63.07145877180061,50.0,50.0
1466.0,63.07145877180061,50.0,50.0
1467.0,63.07145877180061,50.0,50.0
1468.0,63.07145877180061,50.0,50.0
1469.0,63.07145877180061,50.0,50.0
1470.0,63.07145877180061,50.0,50.0
1471.0,63.07145877180061,50.0,50.0
1472.0,63.07145877180061,50.0,50.0
1473.0,63.07145877180061,50.0,50.0
1474.0,63.07145877180061,50.0,50.0
1475.0,63.07145877180061,50.0,50.0
1476.0,63.07145877180061,50.0,50.0
1477.0,63.07145877180061,50.0,50.0
1478.0,63.07145877180061,50.0,50.0
1479.0,63.07145877180061,50.0,50.0
1480.0,63.07145877180061,50.0,50.0
1481.0,63.07145877180061,50.0,50.0
1482.0,63.07145877180061,50.0,50.0
1483.0,63.07145877180061,50.0,50.0
1484.0,63.07145877180061,50.0,50.0
1485.0,63.07145877180061,50.0,50.0
1486.0,63.07145877180061,50.0,50.0
1487.0,63.07145877180061,50.0,50.0
1488.0,63.07145877180061,50.0,50.0
1489.0,63.07145877180061,50.0,50.0
1490.0,63.07145877180061,50.0,50.0
1491.0,63.07145877180061,50.0,50.0
1492.0,63.07145877180061,50.0,50.0
1493.0,63.07145877180061,50.0,50.0
1494.0,63.07145877180061,50.0,50.0
1495.0,63.07145877180061,50.0,50.0
1496.0,63.07145877180061,50.0,50.0
1497.0,63.07145877180061,50.0,50.0
1498.0,63.07145877180061,50.0,50.0
1499.0,63.07145877180061,50.0,50.0
1500.0,63.07145877180061,50.0,50.0
1501.0,63.07145877180061,50.0,50.0
1502.0,63.07145877180061,50.0,50.0
1503.0,63.07145877180061,50.0,50.0
1504.0,63.07145877180061,50.0,50.0
1505.0,63.07145877180061,50.0,50.0
1506.0,63.07145877180061,50.0,50.0
1507.0,63.07145877180061,50.0,50.0
1508.0,63.07145877180061,50.0,50.0
1509.0,63.07145877180061,50.0,50.0
1510.0,63.07145877180061,50.0,50.0
1511.0,63.07145877180061,50.0,50.0
1512.0,54.36790055107262,50.0,50.0
1513.0,50.0,50.0,50.0
1514.0,50.0,49.985,50.0
1515.0,50.0,49.97,50.0
1516.0,50.0,49.955,50.0
1517.0,50.0,49.940000000000005,50.0
1518.0,50.0,49.93356079732118,50.0
1519.0,50.0,49.8120445891223,50.0
1520.0,50.0,49.481729288512064,50.0
1521.0,50.0,48.58383920920126,50.0
1522.0,50.0,35.88653741290963,50.0
1523.0,50.0,39.52267016866645,50.0
1524.0,50.0,39.33012701892219,50.0
1525.0,50.0,39.16025147168922,50.0
1526.0,50.0,39.00891862868637,50.0
1527.0,50.0,38.87298334620742,50.0
1528.0,50.0,38.74999999999999,50.0
1529.0,50.0,38.63803437554499,50.0
1530.0,50.0,38.53553390593274,50.0
1531.0,50.0,38.441236008058425,50.0
1532.0,50.0,38.35410196624969,50.0
1533.0,50.0,38.27326835353989,50.0
1534.0,50.0,38.19801074533416,50.0
1535.0,50.0,38.12771621085612,50.0
1536.0,50.0,38.06186217847897,50.0
1537.0,50.0,38.0,50.0
1538.0,50.0,37.941742027072756,50.0
1539.0,50.0,37.88675134594813,50.0
1540.0,50.0,37.8347335475692,49.99999999999999
1541.0,50.0,37.785430072655785,50.00000000000001
1542.0,50.0,37.738612787525824,50.0
1543.0,50.0,37.69407953040162,50.0
1544.0,50.0,37.651650429449546,50.0
1545.0,50.0,37.61116483933547,50.0
1546.0,50.0,37.57247877713763,50.0
1547.0,50.0,37.53546276418555,50.0
1548.0,50.0,37.49999999999999,49.99999999999999
1549.0,50.0,37.46598480958036,50.0
1550.0,50.0,37.43332131696143,50.0
1551.0,50.0,37.40192230707631,50.0
1552.0,50.0,37.37170824512628,50.0
1553.0,50.0,37.34260642832909,50.00000000000001
1554.0,50.0,37.31455024943138,50.0
1555.0,50.0,37.28747855498907,50.0
1556.0,50.0,37.261335084333226,50.0
1557.0,50.0,37.23606797749979,50.00000000000001
1558.0,50.0,37.211629342323455,50.0
1559.0,50.0,37.187974872468416,50.0
1560.0,50.0,37.16506350946109,50.0
1561.0,50.0,37.142857142857146,50.0
1562.0,50.0,37.12132034355964,50.0
1563.0,50.0,37.10042012604202,50.0
1564.0,50.0,37.080125735844604,50.0
1565.0,50.0,37.06040845923034,50.00000000000001
1566.0,50.0,37.04124145231931,50.0
1567.0,50.0,37.02259958738973,50.0
1568.0,50.0,37.00445931434318,50.0
1569.0,50.0,36.986798535597565,50.0
1570.0,50.0,36.96959649289583,50.0
1571.0,50.0,36.95283366471236,50.0
1572.0,45.6454972243679,36.9364916731037,49.99999999999999
1573.0,41.28568162403238,36.931198696217805,50.0
1574.0,36.936509749979656,36.93693308385125,50.0
1575.0,36.936509749979656,36.92369005364452,50.0
1576.0,36.936509749979656,36.91080419834836,50.0
1577.0,36.936509749979656,36.892186130661734,50.0
1578.0,36.936509749979656,36.94949595537197,50.0
1579.0,36.936509749979656,37.24798073864203,50.0
1580.0,36.936509749979656,37.94924719824935,50.0
1581.0,36.936509749979656,39.879021022445365,50.0
1582.0,36.936509749979656,58.188186488812754,50.0
1583.0,36.936509749979656,50.0,50.0
1584.0,36.936509749979656,50.0,50.0
1585.0,36.936509749979656,50.0,50.0
1586.0,36.936509749979656,50.0,50.0
1587.0,36.936509749979656,50.0,50.0
1588.0,36.936509749979656,50.0,50.0
1589.0,36.936509749979656,50.0,50.0
1590.0,36.936509749979656,50.0,50.0
1591.0,36.936509749979656,50.0,50.0
1592.0,36.936509749979656,49.99999999999999,49.99999999999999
1593.0,36.936509749979656,50.0,50.0
1594.0,36.936509749979656,50.0,50.0
1595.0,36.936509749979656,50.0,50.0
1596.0,36.936509749979656,50.0,50.0
1597.0,36.936509749979656,50.0,50.0
1598.0,36.936509749979656,50.0,50.0
1599.0,36.936509749979656,50.0,50.0
1600.0,36.936509749979656,50.0,50.0
1601.0,36.936509749979656,50.0,50.0
1602.0,36.936509749979656,50.0,50.0
1603.0,36.936509749979656,50.0,50.0
1604.0,36.936509749979656,50.0,50.0
1605.0,36.936509749979656,50.0,50.0
1606.0,36.936509749979656,50.0,50.0
1607.0,36.936509749979656,50.0,50.0
1608.0,36.936509749979656,50.0,50.0
1609.0,36.936509749979656,50.0,50.0
1610.0,36.936509749979656,50.0,50.0
1611.0,36.936509749979656,50.0,50.0
1612.0,36.936509749979656,50.0,50.0
1613.0,36.936509749979656,50.0,50.0
1614.0,36.936509749979656,50.0,50.0
1615.0,36.936509749979656,50.0,50.0
1616.0,36.936509749979656,50.0,50.0
1617.0,36.936509749979656,50.0,50.0
1618.0,36.936509749979656,50.0,50.0
1619.0,36.936509749979656,50.0,50.0
1620.0,36.936509749979656,50.0,50.0
1621.0,36.936509749979656,50.0,50.0
1622.0,36.936509749979656,50.0,50.0
1623.0,36.936509749979656,50.0,50.0
1624.0,36.936509749979656,50.0,50.0
1625.0,36.936509749979656,50.0,50.0
1626.0,36.936509749979656,50.0,50.0
1627.0,36.936509749979656,50.0,50.0
1628.0,36.936509749979656,50.0,50.0
1629.0,36.936509749979656,50.0,50.0
1630.0,36.936509749979656,50.0,50.0
1631.0,36.936509749979656,50.0,50.0
1632.0,36.936509749979656,50.0,50.0
1633.0,36.936509749979656,50.0,50.0
1634.0,50.0,50.0,50.0
1635.0,50.0,50.015,50.0
1636.0,50.0,50.03,50.0
1637.0,50.0,50.04500000000001,50.0
1638.0,50.0,50.059999999999995,50.0
1639.0,50.0,50.066439202678836,50.00000000000001
1640.0,50.0,50.18795541087769,50.0
1641.0,50.0,50.51827071148794,50.00000000000001
1642.0,50.0,51.416160790798735,50.0
1643.0,50.0,53.85687907734294,50.0
1644.0,50.0,70.51316701949486,50.0
1645.0,50.0,60.47732983133355,50.0
1646.0,50.0,60.6698729810778,50.0
1647.0,50.0,60.839748528310786,50.0
1648.0,50.0,60.99108137131363,50.0
1649.0,50.0,61.12701665379258,50.0
1650.0,50.0,61.25,50.0
1651.0,50.0,61.36196562445501,50.0
1652.0,50.0,61.46446609406726,50.0
1653.0,50.0,61.558763991941575,50.0
1654.0,50.0,61.64589803375031,50.0
1655.0,50.0,61.72673164646012,50.0
1656.0,50.0,61.80198925466584,50.0
1657.0,50.0,61.87228378914388,50.0
1658.0,50.0,61.938137821521025,50.0
1659.0,50.0,62.0,50.0
1660.0,50.0,62.05825797292724,50.0
1661.0,50.0,62.11324865405187,50.0
1662.0,50.0,62.1652664524308,50.0
1663.0,50.0,62.21456992734423,50.0
1664.0,50.0,62.26138721247416,50.0
1665.0,50.0,62.30592046959838,50.0
1666.0,50.0,62.34834957055044,50.0
1667.0,50.0,62.38883516066453,50.0
1668.0,50.0,62.42752122286237,50.0
1669.0,50.0,62.46453723581445,50.0
1670.0,50.0,62.5,50.0
1671.0,50.0,62.53401519041964,50.0
1672.0,50.0,62.56667868303856,50.0
1673.0,50.0,62.598077692923695,50.0
1674.0,50.0,62.628291754873715,50.0
1675.0,50.0,62.65739357167091,50.0
1676.0,50.0,62.68544975056862,50.0
1677.0,50.0,62.712521445010935,50.0
1678.0,50.0,62.738664915666774,50.0
1679.0,50.0,62.763932022500214,50.0
1680.0,50.0,62.78837065767654,50.0
1681.0,50.0,62.812025127531584,50.0
1682.0,50.0,62.83493649053891,50.0
1683.0,50.0,62.85714285714286,50.0
1684.0,50.0,62.878679656440355,50.0
1685.0,50.0,62.89957987395799,50.0
1686.0,50.0,62.91987426415538,50.0
1687.0,50.0,62.93959154076967,50.0
1688.0,50.0,62.95875854768069,50.0
1689.0,50.0,62.97740041261028,50.0
1690.0,50.0,62.99554068565682,50.0
1691.0,50.0,63.01320146440243,50.0
1692.0,50.0,63.030403507104154,50.0
1693.0,54.34905544509588,63.04716633528764,50.0
1694.0,54.34905544509588,63.05285738234139,50.0
1695.0,58.701770415728134,63.05814491189676,50.0
1696.0,63.05093507150875,63.05239797630307,50.00000000000001
1697.0,63.05093507150875,63.0656284513313,50.0
1698.0,63.05093507150875,63.08458045662317,50.0
1699.0,63.05093507150875,63.021477157674894,50.0
1700.0,63.05093507150875,62.81585964456419,50.0
1701.0,63.05093507150875,62.114183546400625,50.0
1702.0,63.05093507150875,60.31692941207302,50.0
1703.0,63.05093507150875,54.90617421223928,50.0
1704.0,63.05093507150875,50.0,50.0
1705.0,63.05093507150875,50.0,50.0
1706.0,63.05093507150875,50.0,50.0
1707.0,63.05093507150875,50.0,50.0
1708.0,63.05093507150875,50.0,50.0
1709.0,63.05093507150875,50.0,50.0
1710.0,63.05093507150875,50.0,50.0
1711.0,63.05093507150875,50.0,50.0
1712.0,63.05093507150875,50.0,50.0
1713.0,63.05093507150875,50.0,50.0
1714.0,63.05093507150875,50.0,50.0
1715.0,63.05093507150875,50.0,50.0
1716.0,63.05093507150875,50.00000000000001,50.00000000000001
1717.0,63.05093507150875,49.99999999999999,49.99999999999999
1718.0,63.05093507150875,50.00000000000001,50.00000000000001
1719.0,63.05093507150875,49.99999999999999,49.99999999999999
1720.0,63.05093507150875,50.00000000000001,50.00000000000001
1721.0,63.05093507150875,49.99999999999999,49.99999999999999
1722.0,63.05093507150875,50.00000000000001,50.00000000000001
1723.0,63.05093507150875,49.99999999999999,49.99999999999999
1724.0,63.05093507150875,50.00000000000001,50.00000000000001
1725.0,63.05093507150875,49.99999999999999,49.99999999999999
1726.0,63.05093507150875,50.00000000000001,50.00000000000001
1727.0,63.05093507150875,49.99999999999999,49.99999999999999
1728.0,63.05093507150875,50.00000000000001,50.00000000000001
1729.0,63.05093507150875,49.99999999999999,49.99999999999999
1730.0,63.05093507150875,50.00000000000001,50.00000000000001
1731.0,63.05093507150875,49.99999999999999,49.99999999999999
1732.0,63.05093507150875,50.00000000000001,50.00000000000001
1733.0,63.05093507150875,49.99999999999999,49.99999999999999
1734.0,63.05093507150875,50.00000000000001,50.00000000000001
1735.0,63.05093507150875,49.99999999999999,49.99999999999999
1736.0,63.05093507150875,50.00000000000001,50.00000000000001
1737.0,63.05093507150875,49.99999999999999,49.99999999999999
1738.0,63.05093507150875,50.00000000000001,50.00000000000001
1739.0,63.05093507150875,49.99999999999999,49.99999999999999
1740.0,63.05093507150875,50.00000000000001,50.00000000000001
1741.0,63.05093507150875,49.99999999999999,49.99999999999999
1742.0,63.05093507150875,50.00000000000001,50.00000000000001
1743.0,63.05093507150875,49.99999999999999,49.99999999999999
1744.0,63.05093507150875,50.00000000000001,50.00000000000001
1745.0,63.05093507150875,49.99999999999999,49.99999999999999
1746.0,63.05093507150875,50.00000000000001,50.00000000000001
1747.0,63.05093507150875,49.99999999999999,49.99999999999999
1748.0,63.05093507150875,50.00000000000001,50.00000000000001
1749.0,63.05093507150875,49.99999999999999,49.99999999999999
1750.0,63.05093507150875,50.00000000000001,50.00000000000001
1751.0,63.05093507150875,49.99999999999999,49.99999999999999
1752.0,63.05093507150875,50.00000000000001,50.00000000000001
1753.0,63.05093507150875,49.99999999999999,49.99999999999999
1754.0,58.701770415728134,50.00000000000001,50.00000000000001
1755.0,50.004999999999995,50.01499999999999,49.99999999999999
1756.0,50.004999999999995,50.00000500000001,50.00000000000001
1757.0,50.004999999999995,49.98501,50.0
1758.0,50.004999999999995,49.970015000000004,50.0
1759.0,50.004999999999995,49.946459202678824,50.0
1760.0,50.004999999999995,50.05509915192094,50.0
1761.0,50.004999999999995,50.14242254153616,50.0
1762.0,50.004999999999995,50.37979212472669,50.0
1763.0,50.004999999999995,51.02502954934239,50.0
1764.0,50.004999999999995,60.25658350974743,50.0
1765.0,50.004999999999995,60.47732983133354,50.0
1766.0,50.004999999999995,60.6698729810778,49.99999999999999
1767.0,50.004999999999995,60.83974852831078,50.0
1768.0,50.004999999999995,60.99108137131363,50.0
1769.0,50.004999999999995,61.12701665379258,50.0
1770.0,50.004999999999995,61.25,50.0
1771.0,50.004999999999995,61.36196562445501,50.0
1772.0,50.004999999999995,61.46446609406726,50.0
1773.0,50.004999999999995,61.558763991941575,50.0
1774.0,50.004999999999995,61.64589803375031,50.0
1775.0,50.004999999999995,61.72673164646012,50.0
1776.0,50.004999999999995,61.801989254665855,50.00000000000001
1777.0,50.004999999999995,61.87228378914388,49.99999999999999
1778.0,50.004999999999995,61.93813782152104,50.00000000000001
1779.0,50.004999999999995,62.0,49.99999999999999
1780.0,50.004999999999995,62.05825797292725,50.00000000000001
1781.0,50.004999999999995,62.11324865405186,49.99999999999999
1782.0,50.004999999999995,62.1652664524308,50.00000000000001
1783.0,50.004999999999995,62.214569927344215,49.99999999999999
1784.0,50.004999999999995,62.261387212474176,50.00000000000001
1785.0,50.004999999999995,62.30592046959838,49.99999999999999
1786.0,50.004999999999995,62.348349570550454,50.00000000000001
1787.0,50.004999999999995,62.38883516066453,49.99999999999999
1788.0,50.004999999999995,62.42752122286237,50.00000000000001
1789.0,50.004999999999995,62.46453723581445,49.99999999999999
1790.0,50.004999999999995,62.500000000000014,50.00000000000001
1791.0,50.004999999999995,62.53401519041964,49.99999999999999
1792.0,50.004999999999995,62.566678683038575,50.00000000000001
1793.0,50.004999999999995,62.59807769292368,49.99999999999999
1794.0,50.004999999999995,62.628291754873715,50.00000000000001
1795.0,50.004999999999995,62.65739357167091,49.99999999999999
1796.0,50.004999999999995,62.68544975056862,50.00000000000001
1797.0,50.004999999999995,62.71252144501092,49.99999999999999
1798.0,50.004999999999995,62.738664915666774,50.00000000000001
1799.0,50.004999999999995,62.7639320225002,49.99999999999999
1800.0,50.004999999999995,62.78837065767655,50.00000000000001
1801.0,50.004999999999995,62.81202512753157,49.99999999999999
1802.0,50.004999999999995,62.83493649053891,50.00000000000001
1803.0,50.004999999999995,62.85714285714285,49.99999999999999
1804.0,50.004999999999995,62.87867965644037,50.00000000000001
1805.0,50.004999999999995,62.899579873957975,49.99999999999999
1806.0,50.004999999999995,62.919874264155396,50.00000000000001
1807.0,50.004999999999995,62.939591540769655,49.99999999999999
1808.0,50.004999999999995,62.95875854768069,50.00000000000001
1809.0,50.004999999999995,62.977400412610265,49.99999999999999
1810.0,50.004999999999995,62.99554068565682,50.00000000000001
1811.0,50.004999999999995,63.01320146440243,49.99999999999999
1812.0,50.004999999999995,63.03040350710417,50.00000000000001
1813.0,50.004999999999995,63.04716633528764,49.99999999999999
1814.0,50.004999999999995,63.0635083268963,50.00000000000001
1815.0,63.0635083268963,63.079446801006554,49.99999999999999
1816.0,63.0635083268963,63.093061603324045,50.00000000000001
1817.0,63.0635083268963,63.10630465160766,50.0
1818.0,63.0635083268963,63.11919052498068,49.99999999999999
1819.0,63.0635083268963,63.131733014469454,49.99999999999999
1820.0,63.0635083268963,63.145050371126324,49.99999999999999
1821.0,63.0635083268963,63.14319339545012,49.99999999999999
1822.0,63.0635083268963,63.11407435108016,49.99999999999999
1823.0,63.0635083268963,63.01138663176961,50.0
1824.0,63.0635083268963,62.70923613816891,50.0
1825.0,63.0635083268963,35.44180916206482,50.00000000000001
1826.0,63.0635083268963,50.0,50.0
1827.0,63.0635083268963,50.00000000000001,50.00000000000001
1828.0,63.0635083268963,50.00000000000001,50.00000000000001
1829.0,63.0635083268963,50.0,50.0
1830.0,63.0635083268963,50.00000000000001,50.00000000000001
1831.0,63.0635083268963,50.0,50.0
1832.0,63.0635083268963,50.0,50.0
1833.0,63.0635083268963,50.0,50.0
1834.0,63.0635083268963,50.0,50.0
1835.0,63.0635083268963,49.99999999999999,49.99999999999999
1836.0,63.0635083268963,50.0,50.0
1837.0,63.0635083268963,50.0,50.0
1838.0,63.0635083268963,50.00000000000001,50.00000000000001
1839.0,63.0635083268963,49.99999999999999,49.99999999999999
1840.0,63.0635083268963,50.00000000000001,50.00000000000001
1841.0,63.0635083268963,49.99999999999999,49.99999999999999
1842.0,63.0635083268963,50.00000000000001,50.00000000000001
1843.0,63.0635083268963,49.99999999999999,49.99999999999999
1844.0,63.0635083268963,50.00000000000001,50.00000000000001
1845.0,63.0635083268963,49.99999999999999,49.99999999999999
1846.0,63.0635083268963,50.00000000000001,50.00000000000001
1847.0,63.0635083268963,49.99999999999999,49.99999999999999
1848.0,63.0635083268963,50.00000000000001,50.00000000000001
1849.0,63.0635083268963,49.99999999999999,49.99999999999999
1850.0,63.0635083268963,50.00000000000001,50.00000000000001
1851.0,63.0635083268963,49.99999999999999,49.99999999999999
1852.0,63.0635083268963,50.00000000000001,50.00000000000001
1853.0,63.0635083268963,49.99999999999999,49.99999999999999
1854.0,63.0635083268963,50.00000000000001,50.00000000000001
1855.0,63.0635083268963,49.99999999999999,49.99999999999999
1856.0,63.0635083268963,50.00000000000001,50.00000000000001
1857.0,63.0635083268963,49.99999999999999,49.99999999999999
1858.0,63.0635083268963,50.00000000000001,50.00000000000001
1859.0,63.0635083268963,49.99999999999999,49.99999999999999
1860.0,63.0635083268963,50.00000000000001,50.00000000000001
1861.0,63.0635083268963,49.99999999999999,49.99999999999999
1862.0,63.0635083268963,50.00000000000001,50.00000000000001
1863.0,63.0635083268963,49.99999999999999,49.99999999999999
1864.0,63.0635083268963,50.00000000000001,50.00000000000001
1865.0,63.0635083268963,49.99999999999999,49.99999999999999
1866.0,63.0635083268963,50.00000000000001,50.00000000000001
1867.0,63.0635083268963,49.99999999999999,49.99999999999999
1868.0,63.0635083268963,50.00000000000001,50.00000000000001
1869.0,63.0635083268963,49.99999999999999,49.99999999999999
1870.0,63.0635083268963,50.00000000000001,50.00000000000001
1871.0,63.0635083268963,49.99999999999999,49.99999999999999
1872.0,63.0635083268963,50.00000000000001,50.00000000000001
1873.0,63.0635083268963,49.99999999999999,49.99999999999999
1874.0,63.0635083268963,50.00000000000001,50.00000000000001
1875.0,63.0635083268963,49.99999999999999,49.99999999999999
1876.0,58.7090055512642,50.00000000000001,50.00000000000001
1877.0,50.00999999999999,50.01499999999999,49.99999999999999
1878.0,50.00999999999999,50.00001000000001,50.00000000000001
1879.0,50.00999999999999,49.985020000000006,50.0
1880.0,50.00999999999999,49.97003000000001,50.00000000000001
1881.0,50.00999999999999,49.94647920267883,50.0
1882.0,50.00999999999999,50.055121298321836,50.0
1883.0,50.00999999999999,50.142485193339795,50.0
1884.0,50.00999999999999,50.379964881630514,50.0
1885.0,50.00999999999999,51.02550160293933,50.0
1886.0,50.00999999999999,52.54539660777978,49.99999999999999
1887.0,50.00999999999999,29.493670702844973,50.0
1888.0,50.00999999999999,39.52616261194356,50.0
1889.0,50.00999999999999,39.333683643249216,50.0
1890.0,50.00999999999999,39.16386472119865,50.0
1891.0,50.00999999999999,39.0125823224768,50.0
1892.0,50.00999999999999,38.87669235175868,50.0
1893.0,50.00999999999999,38.75375,50.0
1894.0,50.00999999999999,38.641821697419815,50.0
1895.0,50.00999999999999,38.53935539463076,50.0
1896.0,50.00999999999999,38.44508892938907,50.0
1897.0,50.00999999999999,38.357983932260936,50.0
1898.0,50.00999999999999,38.2771772640887,50.0
1899.0,50.00999999999999,38.20194474175237,50.0
1900.0,50.00999999999999,38.131673638785834,50.0
1901.0,50.00999999999999,38.06584155775282,50.0
1902.0,50.00999999999999,38.00399999999999,50.0
1903.0,50.00999999999999,37.94576144639707,50.0
1904.0,50.00999999999999,37.89078909549947,49.99999999999999
1905.0,50.00999999999999,37.83878863638668,50.0
1906.0,50.00999999999999,37.78950159596489,50.0
1907.0,50.00999999999999,37.742699916596656,50.0
1908.0,50.00999999999999,37.69818150389149,50.0
1909.0,50.00999999999999,37.65576654597307,50.0
1910.0,50.00999999999999,37.61529445105568,50.0
1911.0,50.00999999999999,37.576621284211924,50.0
1912.0,50.00999999999999,37.539617609930815,50.0
1913.0,50.00999999999999,37.50416666666667,50.00000000000001
1914.0,50.00999999999999,37.47016281464383,50.0
1915.0,50.00999999999999,37.43751020985579,50.0
1916.0,50.00999999999999,37.40612166630728,50.0
1917.0,50.00999999999999,37.37591767571125,50.0
1918.0,50.00999999999999,37.346825559519644,50.0
1919.0,50.00999999999999,37.31877873268157,50.0
1920.0,50.00999999999999,37.291716062137404,50.0
1921.0,50.00999999999999,37.265581305971786,50.0
1922.0,50.00999999999999,37.24032262150729,49.99999999999999
1923.0,50.00999999999999,37.215892132542685,50.0
1924.0,50.00999999999999,37.19224554751092,50.0
1925.0,50.00999999999999,37.16934182162461,50.0
1926.0,50.00999999999999,37.14714285714285,50.0
1927.0,50.00999999999999,37.125613236778456,50.0
1928.0,50.00999999999999,37.10471998599999,50.0
1929.0,50.00999999999999,37.08443236059933,50.00000000000001
1930.0,50.00999999999999,37.06472165641058,50.0
1931.0,50.00999999999999,37.04556103850188,50.0
1932.0,50.00999999999999,37.02692538752726,50.0
1933.0,50.00999999999999,37.008791161238406,50.0
1934.0,50.00999999999999,36.99113626941903,50.0
1935.0,50.00999999999999,36.97393996073154,50.0
1936.0,50.00999999999999,36.95718272015745,50.0
1937.0,50.00999999999999,36.940846175879344,50.0
1938.0,41.29327534306252,36.92491301459377,50.0
1939.0,36.931825402966155,36.93065017971092,50.0
1940.0,36.931825402966155,36.91740252500381,49.99999999999999
1941.0,36.931825402966155,36.904511926149,50.0
1942.0,36.931825402966155,36.89196459671714,50.0
1943.0,36.931825402966155,36.86760069708718,50.0
1944.0,36.931825402966155,37.01788279553719,50.0
1945.0,36.931825402966155,37.316234098924454,50.0
1946.0,36.931825402966155,38.15076313090673,50.0
1947.0,36.931825402966155,40.44225689394783,50.0
1948.0,36.931825402966155,46.360459371893384,50.0
1949.0,36.931825402966155,64.86612637735698,50.0
1950.0,36.931825402966155,50.0,50.0
1951.0,36.931825402966155,50.0,50.0
1952.0,36.931825402966155,50.0,50.0
1953.0,36.931825402966155,50.0,50.0
1954.0,36.931825402966155,50.0,50.0
1955.0,36.931825402966155,50.0,50.0
1956.0,36.931825402966155,50.0,50.0
1957.0,36.931825402966155,50.0,50.0
1958.0,36.931825402966155,49.99999999999999,49.99999999999999
1959.0,36.931825402966155,50.0,50.0
1960.0,36.931825402966155,50.0,50.0
1961.0,36.931825402966155,50.0,50.0
1962.0,36.931825402966155,50.0,50.0
1963.0,36.931825402966155,50.0,50.0
1964.0,36.931825402966155,50.0,50.0
1965.0,36.931825402966155,50.0,50.0
1966.0,36.931825402966155,50.0,50.0
1967.0,36.931825402966155,50.0,50.0
1968.0,36.931825402966155,50.0,50.0
1969.0,36.931825402966155,50.0,50.0
1970.0,36.931825402966155,50.0,50.0
1971.0,36.931825402966155,50.0,50.0
1972.0,36.931825402966155,50.0,50.0
1973.0,36.931825402966155,50.0,50.0
1974.0,36.931825402966155,50.0,50.0
1975.0,36.931825402966155,50.0,50.0
1976.0,36.931825402966155,50.0,50.0
1977.0,36.931825402966155,50.0,50.0
1978.0,36.931825402966155,50.0,50.0
1979.0,36.931825402966155,50.0,50.0
1980.0,36.931825402966155,50.0,50.0
1981.0,36.931825402966155,50.0,50.0
1982.0,36.931825402966155,50.0,50.0
1983.0,36.931825402966155,50.0,50.0
1984.0,36.931825402966155,50.0,50.0
1985.0,36.931825402966155,50.0,50.0
1986.0,36.931825402966155,50.0,50.0
1987.0,36.931825402966155,50.0,50.0
1988.0,36.931825402966155,50.0,50.0
1989.0,36.931825402966155,50.0,50.0
1990.0,36.931825402966155,50.0,50.0
1991.0,36.931825402966155,50.0,50.0
1992.0,36.931825402966155,50.0,50.0
1993.0,36.931825402966155,50.0,50.0
1994.0,36.931825402966155,50.0,50.0
1995.0,36.931825402966155,50.0,50.0
1996.0,36.931825402966155,50.0,50.0
1997.0,36.931825402966155,50.0,50.0
1998.0,36.931825402966155,50.0,50.0
1999.0,36.931825402966155,50.0,50.0
2000.0,41.28827534306251,50.0,50.0
