"tick","donation-normed-small","donation-small","donation-valued-small"
1.0,92.5,94.35718682044285,95.0
2.0,92.5,93.29056941504209,95.0
3.0,92.5,93.2537783614444,95.0
4.0,92.5,93.22168783648704,95.0
5.0,92.3221687836487,77.01732216878365,77.0
6.0,92.3221687836487,77.0346443375673,77.0
7.0,92.3221687836487,77.05196650635095,77.0
8.0,92.3221687836487,77.0692886751346,77.0
9.0,92.3221687836487,77.07672473884358,77.0
10.0,92.3221687836487,77.21705302340158,77.0
11.0,92.3221687836487,77.59850484933438,77.0
12.0,92.3221687836487,78.63539841620008,77.0
13.0,92.3221687836487,81.45396735705717,77.0
14.0,92.3221687836487,88.84441804662886,76.99999999999999
15.0,92.3221687836487,89.09933838268782,77.0
16.0,92.3221687836487,89.32168937855485,77.00000000000001
17.0,92.3221687836487,89.51786357198046,76.99999999999999
18.0,92.3221687836487,89.69262444191413,77.00000000000001
19.0,92.3221687836487,89.84960403569767,76.99999999999999
20.0,92.3221687836487,89.99162658773653,77.00000000000001
21.0,92.3221687836487,90.12092575072161,76.99999999999999
22.0,92.3221687836487,90.23929444639006,77.00000000000001
23.0,92.3221687836487,90.3481907199182,76.99999999999999
24.0,92.3221687836487,90.44881409185237,77.00000000000001
25.0,92.3221687836487,90.54216165736912,76.99999999999999
26.0,92.3221687836487,90.62906999014201,77.00000000000001
27.0,92.3221687836487,90.71024690952844,76.99999999999999
28.0,92.3221687836487,90.78629588712317,77.00000000000001
29.0,92.3221687836487,90.85773502691896,76.99999999999999
30.0,92.3221687836487,90.92501198958823,77.00000000000001
31.0,92.3221687836487,90.98851584691946,76.99999999999999
32.0,92.3221687836487,91.04858658580437,77.00000000000001
33.0,92.3221687836487,91.10552279340908,76.99999999999999
34.0,92.3221687836487,91.15958792107664,77.00000000000001
35.0,92.3221687836487,91.2110154275027,76.99999999999999
36.0,92.3221687836487,91.26001303070473,77.00000000000001
37.0,92.3221687836487,91.30676624572217,76.99999999999999
38.0,92.3221687836487,91.35144134565323,77.00000000000001
39.0,92.3221687836487,91.39418785392346,76.99999999999999
40.0,92.3221687836487,91.43514065304059,77.00000000000001
41.0,92.3221687836487,91.47442177768438,76.99999999999999
42.0,92.3221687836487,91.51214194649829,77.00000000000001
43.0,92.3221687836487,91.54840187642291,76.99999999999999
44.0,92.3221687836487,91.5832934151388,77.00000000000001
45.0,92.3221687836487,91.6169005206369,76.99999999999999
46.0,92.3221687836487,91.64930011172294,77.00000000000001
47.0,92.3221687836487,91.6805628090822,76.99999999999999
48.0,92.3221687836487,91.71075358316827,77.00000000000001
49.0,92.3221687836487,91.73993232245114,76.99999999999999
50.0,92.3221687836487,91.76815433334225,77.00000000000001
51.0,92.3221687836487,91.79547078129669,76.99999999999999
52.0,92.3221687836487,91.82192908110179,77.00000000000001
53.0,92.3221687836487,91.84757324312746,76.99999999999999
54.0,92.3221687836487,91.87244418129353,77.00000000000001
55.0,92.3221687836487,91.89657998765719,76.99999999999999
56.0,92.3221687836487,91.92001617781459,77.00000000000001
57.0,92.0951420011918,64.99999999999999,64.99999999999999
58.0,92.0951420011918,65.00000000000001,65.00000000000001
59.0,92.0951420011918,64.99999999999999,64.99999999999999
60.0,92.0951420011918,65.00000000000001,65.00000000000001
61.0,92.0951420011918,64.99999999999999,64.99999999999999
62.0,92.0951420011918,65.00000000000001,65.00000000000001
63.0,92.0951420011918,64.99999999999999,64.99999999999999
64.0,92.0951420011918,65.00000000000001,65.00000000000001
65.0,92.0951420011918,64.99999999999999,64.99999999999999
66.0,92.0951420011918,65.00000000000001,65.00000000000001
67.0,92.0951420011918,64.99999999999999,64.99999999999999
68.0,92.0951420011918,65.00000000000001,65.00000000000001
69.0,92.0951420011918,64.99999999999999,64.99999999999999
70.0,92.0951420011918,65.00000000000001,65.00000000000001
71.0,92.0951420011918,64.99999999999999,64.99999999999999
72.0,92.0951420011918,65.00000000000001,65.00000000000001
73.0,92.0951420011918,64.99999999999999,64.99999999999999
74.0,92.0951420011918,65.00000000000001,65.00000000000001
75.0,92.0951420011918,64.99999999999999,64.99999999999999
76.0,92.0951420011918,65.00000000000001,65.00000000000001
77.0,92.0951420011918,64.99999999999999,64.99999999999999
78.0,92.0951420011918,65.00000000000001,65.00000000000001
79.0,92.0951420011918,64.99999999999999,64.99999999999999
80.0,92.0951420011918,65.00000000000001,65.00000000000001
81.0,92.0951420011918,64.99999999999999,64.99999999999999
82.0,92.0951420011918,65.00000000000001,65.00000000000001
83.0,92.0951420011918,64.99999999999999,64.99999999999999
84.0,92.0951420011918,65.00000000000001,65.00000000000001
85.0,92.0951420011918,64.99999999999999,64.99999999999999
86.0,92.0951420011918,65.00000000000001,65.00000000000001
87.0,92.0951420011918,64.99999999999999,64.99999999999999
88.0,92.0951420011918,65.00000000000001,65.00000000000001
89.0,92.0951420011918,64.99999999999999,64.99999999999999
90.0,92.0951420011918,65.00000000000001,65.00000000000001
91.0,92.0951420011918,64.99999999999999,64.99999999999999
92.0,92.0951420011918,65.00000000000001,65.00000000000001
93.0,92.0951420011918,64.99999999999999,64.99999999999999
94.0,92.0951420011918,65.00000000000001,65.00000000000001
95.0,92.0951420011918,64.99999999999999,64.99999999999999
96.0,92.0951420011918,65.00000000000001,65.00000000000001
97.0,92.0951420011918,64.99999999999999,64.99999999999999
98.0,75.3451420011918,65.00000000000001,65.00000000000001
99.0,69.75820866785847,64.98199999999999,64.99999999999999
100.0,69.75820866785847,64.9579964,65.0
101.0,69.75820866785847,64.93399280000001,65.0
102.0,69.75820866785847,64.9099892,65.0
103.0,69.75820866785847,64.89625855678541,65.0
104.0,69.75820866785847,64.74786188046659,65.0
105.0,69.75820866785847,64.30284787256478,65.0
106.0,69.75820866785847,63.093174381475585,65.0
107.0,69.75820866785847,59.804940912279186,65.0
108.0,60.479721711739664,55.25105591028632,65.0
109.0,60.479721711739664,56.6376194566449,65.0
110.0,60.479721711739664,56.503068258561235,65.0
111.0,60.479721711739664,56.38665114248659,65.0
112.0,60.479721711739664,56.28506818979605,65.0
113.0,60.479721711739664,56.184683767636805,65.0
114.0,60.479721711739664,56.24413304917283,65.0
115.0,60.479721711739664,56.5836031674821,65.0
116.0,60.479721711739664,57.667861543591755,65.0
117.0,60.479721711739664,60.76264319759008,65.0
118.0,60.479721711739664,62.344358779124185,65.0
119.0,60.479721711739664,62.42305427562786,65.0
120.0,60.479721711739664,62.48789419339192,65.0
121.0,60.479721711739664,62.54198323039942,65.0
122.0,60.479721711739664,62.58758222002359,65.0
123.0,60.479721711739664,62.62637483859087,65.0
124.0,60.479721711739664,62.659639263560585,65.0
125.0,60.479721711739664,62.688362128057975,65.0
126.0,60.479721711739664,62.71331621019016,65.0
127.0,60.479721711739664,62.73511463962695,65.0
128.0,60.479721711739664,62.75424949714312,65.0
129.0,60.479721711739664,62.77111980082867,65.0
130.0,60.479721711739664,62.78605212646462,65.0
131.0,60.479721711739664,62.799316022033764,65.0
132.0,60.479721711739664,62.811135682236134,65.0
133.0,60.479721711739664,62.8216988960443,65.0
134.0,60.479721711739664,62.83116397898971,65.0
135.0,60.479721711739664,62.839665197703965,65.0
136.0,60.479721711739664,62.84731705362725,65.0
137.0,60.479721711739664,62.85421769449399,65.0
138.0,60.479721711739664,62.860451652529186,65.0
139.0,60.479721711739664,62.866092058272194,65.0
140.0,60.479721711739664,62.87120244261366,65.0
141.0,60.479721711739664,62.87583821295589,65.0
142.0,60.479721711739664,62.88004786961657,65.0
143.0,60.479721711739664,62.883874013777536,65.0
144.0,60.479721711739664,62.88735418708362,65.0
145.0,60.479721711739664,62.89052157446733,65.0
146.0,60.479721711739664,62.89340559522558,65.0
147.0,60.479721711739664,62.89603240230983,65.0
148.0,60.479721711739664,62.898425305844846,65.0
149.0,60.479721711739664,62.900605133799274,65.0
150.0,60.479721711739664,62.90259054029023,65.0
151.0,60.479721711739664,62.90439827006886,65.0
152.0,60.479721711739664,62.906043386188344,65.0
153.0,60.479721711739664,62.9075394666167,65.0
154.0,60.479721711739664,62.908898774557336,65.0
155.0,60.479721711739664,62.91013240643107,65.0
156.0,60.479721711739664,62.91125042081388,65.0
157.0,60.479721711739664,62.91226195108689,65.0
158.0,60.479721711739664,62.913175304111775,65.0
159.0,60.479721711739664,62.9139980468816,65.0
160.0,60.479721711739664,62.91473708279446,65.0
161.0,60.479721711739664,62.91539871894759,65.0
162.0,60.479721711739664,62.91598872564063,65.0
163.0,60.479721711739664,62.91651238910214,65.0
164.0,60.479721711739664,62.91697455830711,65.0
165.0,60.479721711739664,62.91737968663014,65.0
166.0,60.479721711739664,62.917731868974364,65.0
167.0,60.479721711739664,62.91803487492885,65.0
168.0,60.479721711739664,62.918292178431614,65.0
169.0,62.32070565741929,62.91850698435246,65.0
170.0,62.32070565741929,62.93026489715623,65.0
171.0,62.32070565741929,62.94198600795201,65.0
172.0,62.32070565741929,62.95367284821658,65.0
173.0,62.32070565741929,62.965327762415235,65.0
174.0,62.32070565741929,62.97034247876431,65.0
175.0,62.32070565741929,63.06418919703135,65.0
176.0,62.32070565741929,63.31923976537223,65.0
177.0,62.32070565741929,64.01253401248847,65.0
178.0,62.32070565741929,65.89714115965891,65.0
179.0,62.32070565741929,76.17209599151629,65.0
180.0,62.32070565741929,73.09034599366764,65.0
181.0,62.32070565741929,73.23902325449826,65.0
182.0,62.32070565741929,73.37019712943615,65.0
183.0,62.32070565741929,73.48705276725687,65.0
184.0,62.32070565741929,73.59201877345366,65.0
185.0,62.32070565741929,73.6869836011621,65.0
186.0,62.32070565741929,73.77344080503183,65.0
187.0,62.32070565741929,73.85258924046589,65.0
188.0,62.32070565741929,73.92540384423994,65.0
189.0,62.32070565741929,73.99268668799955,65.0
190.0,62.32070565741929,74.05510448960244,65.0
191.0,62.32070565741929,74.11321663256653,65.0
192.0,62.32070565741929,74.16749640752315,65.0
193.0,62.32070565741929,74.2183473319081,65.0
194.0,62.32070565741929,74.26611584123957,65.0
195.0,62.32070565741929,74.3111012683912,65.0
196.0,62.32070565741929,74.35356377018199,65.0
197.0,62.32070565741929,74.39373068231411,65.0
198.0,62.32070565741929,74.43180165814105,65.0
199.0,62.32070565741929,74.46795285708994,65.0
200.0,62.32070565741929,74.50234038369831,65.0
201.0,62.32070565741929,74.53510313073677,65.0
202.0,62.32070565741929,74.56636514472828,65.0
203.0,62.32070565741929,74.59623760587549,65.0
204.0,62.32070565741929,74.62482049454172,65.0
205.0,62.32070565741929,74.65220400129122,65.0
206.0,62.32070565741929,74.67846972585706,65.0
207.0,62.32070565741929,74.70369170138927,65.0
208.0,62.32070565741929,74.72793727329726,65.0
209.0,62.32070565741929,74.7512678564692,65.0
210.0,62.32070565741929,74.77373959027197,65.0
211.0,62.32070565741929,74.79540390724937,65.0
212.0,62.32070565741929,74.81630802864278,65.0
213.0,62.32070565741929,74.83649539760854,65.0
214.0,62.32070565741929,74.85600605918285,65.0
215.0,62.32070565741929,74.87487699456166,65.0
216.0,62.32070565741929,74.8931424160483,65.0
217.0,62.32070565741929,74.91083402802387,65.0
218.0,62.32070565741929,74.92798125847096,65.0
219.0,62.32070565741929,74.94461146489932,65.0
220.0,62.32070565741929,74.96075011795143,65.0
221.0,62.32070565741929,74.9764209654928,65.0
222.0,62.32070565741929,74.99164617959127,65.0
223.0,64.32199495511033,75.00644648845523,65.0
224.0,66.32896347199315,75.0168425844141,65.0
225.0,66.32896347199315,75.02285473151544,65.0
226.0,66.32896347199315,75.02849662447194,65.0
227.0,66.32896347199315,75.03378429231822,65.0
228.0,66.32896347199315,75.04101495257191,65.0
229.0,66.32896347199315,75.0195242993567,65.0
230.0,66.32896347199315,74.911398889571,65.0
231.0,70.55438208183384,74.59603715057675,65.0
232.0,72.47638292784232,73.7318413718086,65.0
233.0,74.22504029806336,71.39682805469072,65.0
234.0,74.22504029806336,69.6496487257108,65.0
235.0,74.22504029806336,69.55606731560913,65.0
236.0,74.22504029806336,69.46782635719059,65.0
237.0,74.22504029806336,69.49981171281702,65.0
238.0,74.22504029806336,69.70617609082767,65.0
239.0,74.22504029806336,70.35898592135037,65.0
240.0,74.22504029806336,72.24107575847977,65.0
241.0,74.22504029806336,77.23447767307069,65.0
242.0,74.22504029806336,74.96533514100896,65.0
243.0,74.22504029806336,66.14492650012441,65.0
244.0,74.22504029806336,66.04660358093783,65.0
245.0,74.22504029806336,65.9592608900774,65.0
246.0,74.22504029806336,65.88097891759776,65.0
247.0,74.22504029806336,65.81029150307226,65.0
248.0,74.22504029806336,65.74605370635348,65.0
249.0,74.22504029806336,65.6873545721101,65.0
250.0,74.22504029806336,65.63345764829963,65.0
251.0,74.22504029806336,65.58375929168152,65.0
252.0,74.22504029806336,65.53775873262649,65.0
253.0,74.22504029806336,65.49503612764418,65.0
254.0,74.22504029806336,65.45523616842833,65.0
255.0,74.22504029806336,65.41805563852135,65.0
256.0,74.22504029806336,65.38323382772394,65.0
257.0,74.22504029806336,65.35054505038457,65.0
258.0,74.22504029806336,65.31979273623682,65.0
259.0,74.22504029806336,65.29080471288381,65.0
260.0,74.22504029806336,65.26342940263062,65.0
261.0,74.22504029806336,65.23753272893076,65.0
262.0,74.22504029806336,65.21299557933354,64.99999999999999
263.0,74.22504029806336,65.18971170906364,65.0
264.0,74.22504029806336,65.16758599659015,65.0
265.0,74.22504029806336,65.14653298268611,65.0
266.0,74.22504029806336,65.12647563954975,65.0
267.0,74.22504029806336,65.10734432795151,65.0
268.0,74.22504029806336,65.08907590906652,65.0
269.0,74.22504029806336,65.07161298434958,65.0
270.0,74.22504029806336,65.05490324201058,65.0
271.0,74.22504029806336,65.03889889272081,65.0
272.0,74.22504029806336,65.02355618039081,65.0
273.0,74.22504029806336,57.98764604982683,65.0
274.0,74.22504029806336,65.0,65.0
275.0,74.22504029806336,65.0,65.0
276.0,74.22504029806336,65.0,65.0
277.0,74.22504029806336,65.0,65.0
278.0,74.22504029806336,65.0,65.0
279.0,74.22504029806336,65.0,65.0
280.0,74.22504029806336,65.0,65.0
281.0,74.22504029806336,65.0,65.0
282.0,74.22504029806336,65.0,65.0
283.0,74.22504029806336,65.0,65.0
284.0,74.22504029806336,65.0,65.0
285.0,74.22504029806336,65.0,65.0
286.0,74.22504029806336,65.0,65.0
287.0,74.22504029806336,65.0,65.0
288.0,74.22504029806336,65.0,65.0
289.0,74.22504029806336,65.0,65.0
290.0,74.22504029806336,65.0,65.0
291.0,74.22504029806336,65.0,65.0
292.0,74.22504029806336,65.0,65.0
293.0,74.22504029806336,65.0,65.0
294.0,70.33595998634435,65.0,65.0
295.0,70.33595998634435,65.006,65.0
296.0,70.33595998634435,65.012,65.0
297.0,70.33595998634435,65.018,65.0
298.0,70.33595998634435,65.024,65.0
299.0,70.33595998634435,65.02657568107152,65.0
300.0,70.33595998634435,65.07518216435108,65.0
301.0,70.33595998634435,65.20730828459519,65.0
302.0,70.33595998634435,65.5664643163195,65.0
303.0,70.33595998634435,66.54275163093718,65.0
304.0,70.33595998634435,69.10263340389898,65.0
305.0,70.33595998634435,69.19093193253342,65.0
306.0,70.33595998634435,73.53589838486225,65.0
307.0,70.33595998634435,73.67179882264863,65.0
308.0,70.33595998634435,73.7928650970509,65.0
309.0,70.33595998634435,73.90161332303407,65.0
310.0,70.33595998634435,74.0,65.0
311.0,70.33595998634435,74.089572499564,65.0
312.0,70.33595998634435,74.1715728752538,65.0
313.0,70.33595998634435,74.24701119355326,65.0
314.0,70.33595998634435,74.31671842700025,65.0
315.0,70.33595998634435,74.3813853171681,65.0
316.0,70.33595998634435,74.44159140373267,65.0
317.0,70.33595998634435,74.49782703131511,65.0
318.0,70.33595998634435,74.55051025721683,65.0
319.0,70.33595998634435,74.60000000000001,65.0
320.0,70.33595998634435,74.64660637834179,65.0
321.0,70.33595998634435,74.6905989232415,65.0
322.0,70.33595998634435,74.73221316194464,65.0
323.0,70.33595998634435,74.77165594187538,65.0
324.0,70.33595998634435,74.80910976997934,65.0
325.0,70.33595998634435,74.84473637567869,65.0
326.0,70.33595998634435,74.87867965644035,65.0
327.0,70.33595998634435,74.91106812853162,65.0
328.0,70.33595998634435,74.9420169782899,65.0
329.0,70.33595998634435,74.97162978865155,65.0
330.0,70.33595998634435,75.0,65.0
331.0,70.33595998634435,75.02721215233571,65.0
332.0,70.33595998634435,75.05334294643085,65.0
333.0,70.33595998634435,75.07846215433896,65.0
334.0,70.33595998634435,75.10263340389898,65.0
335.0,70.33595998634435,75.12591485733672,65.0
336.0,70.33595998634435,75.1483598004549,65.0
337.0,70.33595998634435,75.17001715600874,65.0
338.0,70.33595998634435,75.19093193253342,65.0
339.0,70.33595998634435,75.21114561800017,65.0
340.0,70.33595998634435,75.23069652614124,65.0
341.0,70.33595998634435,75.24962010202528,65.0
342.0,70.33595998634435,75.26794919243112,65.0
343.0,70.33595998634435,75.28571428571429,65.0
344.0,70.33595998634435,75.30294372515229,65.0
345.0,70.33595998634435,75.3196638991664,65.0
346.0,70.33595998634435,75.33589941132432,65.0
347.0,70.33595998634435,75.35167323261574,65.0
348.0,70.33595998634435,75.36700683814455,65.0
349.0,70.33595998634435,75.38192033008822,65.0
350.0,70.33595998634435,75.39643254852545,65.0
351.0,70.33595998634435,75.41056117152195,65.0
352.0,70.33595998634435,75.42432280568333,65.0
353.0,70.33595998634435,75.43773306823012,65.0
354.0,70.33595998634435,75.45080666151703,65.0
355.0,70.33595998634435,75.46355744080525,65.0
356.0,72.84602667295594,75.47599847599771,65.0
357.0,74.94647363684619,75.50223481945126,65.0
358.0,74.94647363684619,75.52428586994021,65.0
359.0,74.94647363684619,75.54606221332176,65.0
360.0,74.94647363684619,75.56757429509231,65.0
361.0,74.94647363684619,75.58078902323697,65.0
362.0,74.94647363684619,75.70410079535635,65.0
363.0,74.94647363684619,75.99342959741224,65.0
364.0,74.94647363684619,76.76149375673627,65.0
365.0,74.94647363684619,78.83129467485672,65.0
366.0,74.94647363684619,73.63353118274267,65.0
367.0,74.94647363684619,62.333593908963415,65.0
368.0,74.94647363684619,65.0,65.0
369.0,74.94647363684619,65.0,65.0
370.0,74.94647363684619,65.0,65.0
371.0,74.94647363684619,65.0,65.0
372.0,74.94647363684619,65.0,65.0
373.0,74.94647363684619,65.0,65.0
374.0,74.94647363684619,65.0,65.0
375.0,74.94647363684619,65.0,65.0
376.0,74.94647363684619,65.0,65.0
377.0,74.94647363684619,65.0,65.0
378.0,74.94647363684619,65.0,65.0
379.0,74.94647363684619,65.0,65.0
380.0,74.94647363684619,65.0,65.0
381.0,74.94647363684619,65.0,65.0
382.0,74.94647363684619,65.0,65.0
383.0,74.94647363684619,65.0,65.0
384.0,74.94647363684619,65.0,65.0
385.0,74.94647363684619,65.0,65.0
386.0,74.94647363684619,65.0,65.0
387.0,74.94647363684619,65.0,65.0
388.0,72.94310511996338,65.0,65.0
389.0,70.94061582227233,64.994,65.0
390.0,69.1883582120513,64.9819988,65.0
391.0,69.1883582120513,64.96399399976,65.0
392.0,69.1883582120513,64.94598919952,65.0
393.0,69.1883582120513,64.93140871820847,65.0
394.0,69.1883582120513,64.87422243848118,65.0
395.0,69.1883582120513,64.69090288707768,65.0
396.0,69.1883582120513,64.15095866077142,65.0
397.0,69.1883582120513,62.6832380820218,65.0
398.0,69.1883582120513,58.78750219726981,65.0
399.0,69.1883582120513,55.16193679326102,65.0
400.0,69.1883582120513,56.540280688648956,65.0
401.0,69.1883582120513,56.395297806406084,65.0
402.0,69.1883582120513,56.26680086026798,65.0
403.0,69.1883582120513,56.15188150344781,65.0
404.0,69.1883582120513,56.048303177150665,65.0
405.0,69.1883582120513,55.954313750218,65.0
406.0,69.1883582120513,55.86851835534114,65.0
407.0,69.1883582120513,55.78979080830894,65.0
408.0,69.1883582120513,55.71721048860388,65.0
409.0,69.1883582120513,55.650016456073125,65.0
410.0,69.1883582120513,55.58757350101789,65.0
411.0,69.1883582120513,55.529346623335734,65.0
412.0,69.1883582120513,55.474881573030906,65.0
413.0,69.1883582120513,55.42378982036587,65.0
414.0,69.1883582120513,55.37573681082912,65.0
415.0,69.1883582120513,55.33043268857051,65.0
416.0,69.1883582120513,55.28762489751461,65.0
417.0,69.1883582120513,55.247092226773795,65.0
418.0,65.13737471958594,55.20863997847846,65.0
419.0,61.07335530453363,55.182137744189674,65.0
420.0,61.07335530453363,55.14942739384313,65.0
421.0,61.07335530453363,55.118336278633116,65.0
422.0,61.07335530453363,55.0887425344057,65.0
423.0,61.07335530453363,55.05480575179691,65.0
424.0,61.07335530453363,55.10374152317687,65.0
425.0,61.07335530453363,55.23256305588448,65.0
426.0,61.07335530453363,55.631614069342874,65.0
427.0,61.07335530453363,56.763227551783565,65.0
428.0,61.07335530453363,59.72706342814761,65.0
429.0,61.07335530453363,56.45347896645322,65.0
430.0,61.07335530453363,56.442315880822434,65.0
431.0,61.07335530453363,56.431763334690125,65.0
432.0,61.07335530453363,56.42159690412728,65.0
433.0,61.07335530453363,56.411688919799104,65.0
434.0,61.07335530453363,56.40196692428833,65.0
435.0,61.07335530453363,56.39239049770739,65.0
436.0,61.07335530453363,56.38293797039754,65.0
437.0,61.07335530453363,56.37359864064294,65.0
438.0,61.07335530453363,56.36436814479268,65.0
439.0,61.07335530453363,56.355245674911664,65.0
440.0,61.07335530453363,56.34623229980192,65.0
441.0,61.07335530453363,56.337329954817015,65.0
442.0,61.07335530453363,56.328540841512414,65.0
443.0,61.07335530453363,56.31986708018031,65.0
444.0,61.07335530453363,56.31131051880146,65.0
445.0,61.07335530453363,56.302872638455256,65.0
446.0,61.07335530453363,56.29455451761279,65.0
447.0,61.07335530453363,56.286356831640795,65.0
448.0,61.07335530453363,56.278279872578004,65.0
449.0,61.07335530453363,56.27032357977808,65.0
450.0,61.07335530453363,56.26248757554433,65.0
451.0,59.32463845644596,56.25477120214199,65.0
452.0,57.58124319350474,56.257424841177134,65.0
453.0,57.58124319350474,56.25244910284618,65.0
454.0,57.58124319350474,56.24758969344797,65.0
455.0,57.58124319350474,56.242845174340914,65.0
456.0,57.58124319350474,56.23236337260534,65.0
457.0,57.58124319350474,56.30506039703858,65.0
458.0,57.58124319350474,56.4611311797886,65.0
459.0,57.58124319350474,63.601784772289896,65.0
460.0,57.58124319350474,64.81483846490485,65.0
461.0,57.58124319350474,75.22596981720304,65.0
462.0,57.58124319350474,65.0,65.0
463.0,57.58124319350474,65.0,65.0
464.0,57.58124319350474,65.0,65.0
465.0,57.58124319350474,65.0,65.0
466.0,57.58124319350474,65.0,65.0
467.0,57.58124319350474,65.0,65.0
468.0,57.58124319350474,65.00000000000001,65.00000000000001
469.0,57.58124319350474,65.0,65.0
470.0,57.58124319350474,65.0,65.0
471.0,57.58124319350474,65.0,65.0
472.0,57.58124319350474,65.0,65.0
473.0,57.58124319350474,65.0,65.0
474.0,57.58124319350474,65.0,65.0
475.0,57.58124319350474,65.0,65.0
476.0,57.58124319350474,65.0,65.0
477.0,57.58124319350474,65.0,65.0
478.0,57.58124319350474,65.0,65.0
479.0,57.58124319350474,65.0,65.0
480.0,57.58124319350474,65.0,65.0
481.0,57.58124319350474,65.0,65.0
482.0,57.58124319350474,65.0,65.0
483.0,57.58124319350474,65.0,65.0
484.0,57.58124319350474,65.0,65.0
485.0,57.58124319350474,65.0,65.0
486.0,57.58124319350474,65.0,65.0
487.0,57.58124319350474,65.0,65.0
488.0,57.58124319350474,65.0,65.0
489.0,57.58124319350474,65.0,65.0
490.0,57.58124319350474,65.0,65.0
491.0,57.58124319350474,65.0,65.0
492.0,57.58124319350474,65.0,65.0
493.0,57.58124319350474,65.0,65.0
494.0,57.58124319350474,65.0,65.0
495.0,57.58124319350474,65.0,65.0
496.0,57.58124319350474,65.0,65.0
497.0,57.58124319350474,65.0,65.0
498.0,57.58124319350474,65.0,65.0
499.0,57.58124319350474,65.0,65.0
500.0,57.58124319350474,65.0,65.0
501.0,57.58124319350474,65.0,65.0
502.0,57.58124319350474,65.0,65.0
503.0,57.58124319350474,65.0,65.0
504.0,57.58124319350474,65.0,65.0
505.0,57.58124319350474,65.0,65.0
506.0,57.58124319350474,65.0,65.0
507.0,57.58124319350474,65.0,65.0
508.0,57.58124319350474,65.0,65.0
509.0,57.58124319350474,65.0,65.0
510.0,59.54481564466679,65.0,65.0
511.0,59.54481564466679,64.994,65.0
512.0,61.29061114760802,64.988,65.0
513.0,64.9916,64.9759988,65.0
514.0,64.9916,64.9879916,65.0
515.0,64.9916,65.00340871892847,65.0
516.0,64.9916,64.97279503564891,65.0
517.0,64.9916,64.86208671919708,65.0
518.0,64.9916,64.4646146315016,65.0
519.0,64.9916,63.5505520980507,65.0
520.0,64.9916,61.15981481701437,65.0
521.0,64.9916,61.531298687164885,65.0
522.0,64.9916,62.79806064910688,65.0
523.0,64.9916,72.87876145194775,65.0
524.0,64.9916,73.38018749229381,65.0
525.0,64.9916,73.53419120518528,65.0
526.0,64.9916,73.6700644628841,65.0
527.0,64.9916,73.79110652403149,65.0
528.0,64.9916,73.89983300036945,65.0
529.0,64.9916,73.99820000000001,65.0
530.0,64.9916,74.08775458506409,65.0
531.0,64.9916,74.16973856067877,65.0
532.0,64.9916,74.24516179131454,65.0
533.0,64.9916,74.31485508331485,65.0
534.0,64.9916,74.37950904010465,65.0
535.0,64.9916,74.43970308545194,65.0
536.0,64.9916,74.49592746590885,65.0
537.0,64.9916,74.54860015516537,65.0
538.0,64.9916,74.59808,65.0
539.0,64.9916,74.64467705706612,65.0
540.0,64.9916,74.68866080345684,65.0
541.0,64.9916,74.73026671931224,65.0
542.0,64.9916,74.76970161068701,65.0
543.0,64.9916,74.80714794802533,65.0
544.0,64.9916,74.84276742840358,65.0
545.0,64.9916,74.87670392050907,65.0
546.0,64.9916,74.90908591490593,65.0
547.0,64.9916,74.94002857489424,65.0
548.0,64.9916,74.96963546269383,65.0
549.0,64.9916,74.998,65.0
550.0,64.9916,75.02520670990525,65.0
551.0,64.9916,75.05133227784157,65.0
552.0,64.9916,75.07644646190809,65.0
553.0,64.9916,75.1006128772182,65.0
554.0,64.9916,75.12388967436526,65.0
555.0,64.9916,75.1463301284948,65.0
556.0,64.9916,75.16798315257755,65.0
557.0,64.9916,75.18889374614692,65.0
558.0,64.9916,75.20910338887657,65.0
559.0,64.9916,75.22865038683601,65.0
560.0,64.9916,75.24757017800486,65.0
561.0,64.9916,75.26589560259264,65.0
562.0,64.9916,75.28365714285714,65.0
563.0,64.9916,75.30088313640725,65.0
564.0,64.9916,75.31759996638655,65.0
565.0,64.9916,75.33383223144205,65.0
566.0,64.9916,75.3496028979692,65.0
567.0,64.9916,75.36493343677692,65.0
568.0,64.9916,75.3798439460222,65.0
569.0,64.9916,75.39435326201574,65.0
570.0,64.9916,75.40847905928764,65.0
571.0,64.9916,75.42223794112219,65.0
572.0,64.9916,75.43564552161646,65.0
573.0,67.0787291043233,75.44871650018473,65.0
574.0,69.17143947600758,75.45755185842141,65.0
575.0,75.45183576771933,75.46216904488284,65.0
576.0,75.45183576771933,75.47276448388955,65.0
577.0,75.45183576771933,75.48307424011578,65.0
578.0,75.45183576771933,75.4953424971548,65.0
579.0,75.45183576771933,75.4795584335604,65.0
580.0,75.45183576771933,75.37548637151689,65.0
581.0,75.45183576771933,75.11685210833777,65.0
582.0,75.45183576771933,74.39498789584302,65.0
583.0,75.45183576771933,72.47561215242318,65.0
584.0,75.45183576771933,71.7817486247068,65.0
585.0,75.45183576771933,74.36138974787046,65.0
586.0,75.45183576771933,64.52676419525899,65.0
587.0,75.45183576771933,59.39598135867817,65.0
588.0,75.45183576771933,65.0,65.0
589.0,75.45183576771933,65.0,65.0
590.0,75.45183576771933,65.0,65.0
591.0,75.45183576771933,65.0,65.0
592.0,75.45183576771933,65.0,65.0
593.0,75.45183576771933,65.0,65.0
594.0,75.45183576771933,65.0,65.0
595.0,75.45183576771933,65.0,65.0
596.0,75.45183576771933,65.0,65.0
597.0,75.45183576771933,65.0,65.0
598.0,75.45183576771933,65.0,65.0
599.0,75.45183576771933,65.0,65.0
600.0,75.45183576771933,65.0,65.0
601.0,75.45183576771933,65.0,65.0
602.0,75.45183576771933,65.0,65.0
603.0,75.45183576771933,65.0,65.0
604.0,75.45183576771933,65.0,65.0
605.0,75.45183576771933,65.0,65.0
606.0,75.45183576771933,65.0,65.0
607.0,75.45183576771933,65.0,65.0
608.0,75.45183576771933,65.0,65.0
609.0,75.45183576771933,65.0,65.0
610.0,75.45183576771933,65.0,65.0
611.0,75.45183576771933,65.0,65.0
612.0,75.45183576771933,65.0,65.0
613.0,75.45183576771933,65.0,65.0
614.0,75.45183576771933,65.0,65.0
615.0,75.45183576771933,65.0,65.0
616.0,75.45183576771933,65.0,65.0
617.0,75.45183576771933,65.0,65.0
618.0,75.45183576771933,65.0,65.0
619.0,75.45183576771933,65.0,65.0
620.0,75.45183576771933,65.0,65.0
621.0,75.45183576771933,65.0,65.0
622.0,75.45183576771933,65.0,65.0
623.0,75.45183576771933,65.0,65.0
624.0,75.45183576771933,65.0,65.0
625.0,75.45183576771933,65.0,65.0
626.0,75.45183576771933,65.0,65.0
627.0,75.45183576771933,65.0,65.0
628.0,75.45183576771933,65.0,65.0
629.0,75.45183576771933,65.0,65.0
630.0,75.45183576771933,65.0,65.0
631.0,75.45183576771933,65.0,65.0
632.0,75.45183576771933,65.0,65.0
633.0,75.45183576771933,65.0,65.0
634.0,75.45183576771933,65.0,65.0
635.0,75.45183576771933,65.0,65.0
636.0,75.45183576771933,65.0,65.0
637.0,73.36110709396071,65.0,65.0
638.0,69.18394418066084,65.012,65.0
639.0,65.00720095999999,65.0120024,65.0
640.0,65.00720095999999,65.00001200096001,65.0
641.0,65.00720095999999,64.98802160192,65.0
642.0,65.00720095999999,64.96918256502306,65.0
643.0,65.00720095999999,65.04925240067153,65.0
644.0,65.00720095999999,65.21116284628027,65.0
645.0,65.00720095999999,65.56812088868669,65.0
646.0,65.00720095999999,66.53843344888237,65.0
647.0,65.00720095999999,68.98813186175086,65.0
648.0,65.00720095999999,53.71272253248665,65.0
649.0,65.00720095999999,52.51964101206021,64.99999999999999
650.0,65.00720095999999,56.54363376946953,65.0
651.0,65.00720095999999,56.39871250719596,65.0
652.0,65.00720095999999,56.27026992666899,65.0
653.0,65.00720095999999,56.15539900120124,65.0
654.0,65.00720095999999,56.051864178544406,65.0
655.0,65.00720095999999,55.957914110218006,65.0
656.0,65.00720095999999,55.87215454792386,65.0
657.0,65.00720095999999,55.79345980432196,65.0
658.0,65.00720095999999,55.72090966296175,65.0
659.0,65.00720095999999,55.65374351611266,65.0
660.0,65.00720095999999,55.59132643040018,65.0
661.0,65.00720095999999,55.53312363756089,65.0
662.0,65.00720095999999,55.47868108375652,65.0
663.0,65.00720095999999,55.42761040648916,65.0
664.0,65.00720095999999,55.37957719482912,65.0
665.0,65.00720095999999,55.334291716986115,65.0
666.0,65.00720095999999,55.29150152470786,65.0
667.0,65.00720095999999,55.2509855013271,65.0
668.0,65.00720095999999,55.212549031721444,65.0
669.0,65.00720095999999,55.17602005246636,65.0
670.0,65.00720095999999,55.141245798642636,65.0
671.0,65.00720095999999,55.10809010655813,65.0
672.0,65.00720095999999,55.076431163470524,65.0
673.0,65.00720095999999,55.04615961930343,65.0
674.0,65.00720095999999,55.017176993476006,65.0
675.0,65.00720095999999,54.98939432383214,65.0
676.0,65.00720095999999,54.962731015350904,65.0
677.0,65.00720095999999,54.93711385463274,65.0
678.0,65.00720095999999,54.912476162665826,65.0
679.0,65.00720095999999,54.88875706350865,65.0
680.0,65.00720095999999,54.86590085059799,65.0
681.0,65.00720095999999,54.843856435642714,65.0
682.0,65.00720095999999,54.82257686767641,65.0
683.0,65.00720095999999,54.802018911950235,65.0
684.0,65.00720095999999,54.78214268006053,65.0
685.0,65.00720095999999,54.76291130410245,65.0
686.0,65.00720095999999,54.74429064878722,65.0
687.0,65.00720095999999,54.72624905640299,65.0
688.0,65.00720095999999,54.70875712028101,65.0
689.0,65.00720095999999,54.691787483075956,65.0
690.0,65.00720095999999,54.67531465671096,65.0
691.0,65.00720095999999,54.65931486128935,65.0
692.0,65.00720095999999,54.64376588065658,65.0
693.0,65.00720095999999,54.62864693261534,65.0
694.0,65.00720095999999,54.61393855206901,65.0
695.0,65.00720095999999,54.599622485598154,65.0
696.0,65.00720095999999,54.58568159617127,65.0
697.0,65.00720095999999,54.5720997768579,65.0
698.0,65.00720095999999,54.558861872556214,65.0
699.0,60.83314570902249,54.54595360886958,65.0
700.0,58.7387359507964,54.55318507212208,65.0
701.0,56.64686179216084,54.552629206822154,65.0
702.0,56.64686179216084,54.544275349708506,65.0
703.0,56.64686179216084,54.536201630379395,65.0
704.0,56.64686179216084,54.51708362306746,65.0
705.0,56.64686179216084,54.65492471232005,65.0
706.0,56.64686179216084,55.01150368899756,65.0
707.0,56.64686179216084,55.943728310476644,65.0
708.0,56.64686179216084,58.49639202311644,65.0
709.0,56.64686179216084,67.22343270457496,65.0
710.0,56.64686179216084,73.5536278986338,65.0
711.0,56.64686179216084,66.75273703340285,65.0
712.0,56.64686179216084,66.86022716643356,65.0
713.0,56.64686179216084,66.95556010317365,65.0
714.0,56.64686179216084,67.04081095359754,65.0
715.0,56.64686179216084,67.11759273964127,65.0
716.0,56.64686179216084,67.18718068692806,65.0
717.0,56.64686179216084,67.25059796186873,65.0
718.0,56.64686179216084,67.30867623450472,65.0
719.0,56.64686179216084,67.36209936048674,65.0
720.0,56.64686179216084,67.41143547489509,65.0
721.0,56.64686179216084,67.45716096384984,65.0
722.0,56.64686179216084,67.4996786362809,65.0
723.0,56.64686179216084,67.53933168428664,65.0
724.0,56.64686179216084,67.57641453882962,65.0
725.0,56.64686179216084,67.61118140495536,65.0
726.0,56.64686179216084,67.64385304072128,65.0
727.0,56.64686179216084,67.67462219145527,65.0
728.0,56.64686179216084,67.7036579835261,65.0
729.0,56.64686179216084,67.73110950508561,65.0
730.0,56.64686179216084,67.75710874573774,65.0
731.0,56.64686179216084,67.78177302645089,65.0
732.0,56.64686179216084,67.80520702094516,65.0
733.0,56.64686179216084,67.82750444727905,65.0
734.0,56.64686179216084,67.8487494913633,65.0
735.0,56.64686179216084,67.86901801117288,65.0
736.0,56.64686179216084,67.88837856047171,65.0
737.0,56.64686179216084,67.90689326314892,65.0
738.0,56.64686179216084,67.9246185632445,65.0
739.0,56.64686179216084,67.94160587100768,65.0
740.0,56.64686179216084,65.0,65.0
741.0,56.64686179216084,65.0,65.0
742.0,56.64686179216084,65.0,65.0
743.0,56.64686179216084,65.0,65.0
744.0,56.64686179216084,65.0,65.0
745.0,56.64686179216084,65.0,65.0
746.0,56.64686179216084,65.0,65.0
747.0,56.64686179216084,65.0,65.0
748.0,56.64686179216084,65.0,65.0
749.0,56.64686179216084,65.0,65.0
750.0,56.64686179216084,65.0,65.0
751.0,56.64686179216084,65.0,65.0
752.0,56.64686179216084,65.0,65.0
753.0,56.64686179216084,65.0,65.0
754.0,56.64686179216084,65.0,65.0
755.0,56.64686179216084,65.0,65.0
756.0,56.64686179216084,65.0,65.0
757.0,56.64686179216084,65.0,65.0
758.0,56.64686179216084,65.0,65.0
759.0,56.64686179216084,65.0,65.0
760.0,58.73767107038692,65.0,65.0
761.0,60.82714522902248,64.994,65.0
762.0,62.91297285451123,64.982,65.0
763.0,62.91297285451123,64.9819976,65.0
764.0,62.91297285451123,64.9819952,65.0
765.0,62.91297285451123,64.98541711892847,65.0
766.0,62.91297285451123,64.94623255457738,65.0
767.0,62.91297285451123,64.77065028292438,65.0
768.0,62.91297285451123,64.37656165492174,65.0
769.0,62.91297285451123,63.30531769861984,65.0
770.0,62.91297285451123,60.48731701207631,65.0
771.0,62.91297285451123,59.79132082478958,65.0
772.0,62.91297285451123,56.54111887503546,65.0
773.0,62.91297285451123,56.39615139624456,65.0
774.0,62.91297285451123,56.26766804015023,65.0
775.0,62.91297285451123,56.15276078995751,65.0
776.0,62.91297285451123,56.04919333848296,65.0
777.0,62.91297285451123,55.955213750218,65.0
778.0,62.91297285451123,55.869427312591085,65.0
779.0,62.91297285451123,55.790707965596475,65.0
780.0,62.91297285451123,55.718135189723235,65.0
781.0,62.91297285451123,55.650948127915825,65.0
782.0,62.91297285451123,55.588511639549615,65.0
783.0,62.91297285451123,55.53029078247611,65.0
784.0,62.91297285451123,55.47583135573404,65.0
785.0,62.91297285451123,55.42474487139159,65.0
786.0,62.91297285451123,55.376696810829095,65.0
787.0,62.91297285451123,55.33139734920835,65.0
788.0,62.91297285451123,55.288593957406924,65.0
789.0,62.91297285451123,55.248065448089996,65.0
790.0,62.91297285451123,55.20961714407264,65.0
791.0,62.91297285451123,55.17307692717099,65.0
792.0,62.91297285451123,55.13829198394046,65.0
793.0,62.91297285451123,55.105126107514,65.0
794.0,62.91297285451123,55.07345744658924,65.0
795.0,62.91297285451123,55.04317661652927,65.0
796.0,62.91297285451123,55.014185105674215,65.0
797.0,62.91297285451123,54.98639392383214,65.0
798.0,62.91297285451123,54.95972245061671,65.0
799.0,62.91297285451123,54.9340974496151,65.0
800.0,62.91297285451123,54.90945222088103,65.0
801.0,62.91297285451123,54.885725869382156,65.0
802.0,62.91297285451123,54.86286267110418,65.0
803.0,62.91297285451123,54.84081152176818,65.0
804.0,62.91297285451123,54.819525455728915,65.0
805.0,62.91297285451123,54.798961224733205,65.0
806.0,62.91297285451123,54.779078927929284,65.0
807.0,62.91297285451123,54.75984168591675,65.0
808.0,62.91297285451123,54.7412153527718,65.0
809.0,62.91297285451123,54.72316826092729,65.0
810.0,62.91297285451123,54.7056709945667,65.0
811.0,62.91297285451123,54.68869618784066,65.0
812.0,62.91297285451123,54.67221834475464,65.0
813.0,62.91297285451123,54.656213678029985,65.0
814.0,62.91297285451123,54.64065996461985,65.0
815.0,62.91297285451123,54.62553641588362,65.0
816.0,62.91297285451123,54.610823560693156,65.0
817.0,62.91297285451123,54.596503139976306,65.0
818.0,62.91297285451123,54.58255801139736,65.0
819.0,62.91297285451123,54.568972063043276,65.0
820.0,62.91297285451123,54.55573013512642,65.0
821.0,62.91297285451123,54.54281794883886,65.0
822.0,62.91297285451123,54.53022204159851,65.0
823.0,56.625018406361484,54.5179297080196,65.0
824.0,56.625018406361484,54.499642192050295,65.0
825.0,56.625018406361484,54.48163489959895,65.0
826.0,56.625018406361484,54.463897091506794,65.0
827.0,56.625018406361484,54.44641859614123,65.0
828.0,56.625018406361484,54.43277774650804,65.0
829.0,56.625018406361484,54.37114669861224,65.0
830.0,56.625018406361484,54.222236253980405,65.0
831.0,56.625018406361484,53.83566919577746,65.0
832.0,56.625018406361484,58.09062345824258,65.0
833.0,56.625018406361484,55.403539077872516,65.0
834.0,56.625018406361484,55.30625950627959,65.0
835.0,56.625018406361484,55.220895902797906,65.0
836.0,56.625018406361484,55.14512506333813,65.0
837.0,56.625018406361484,55.07721516373365,65.0
838.0,56.625018406361484,55.01584514702682,65.0
839.0,56.625018406361484,54.95998726444329,65.0
840.0,56.625018406361484,54.908828228215036,65.0
841.0,56.625018406361484,54.86171481936029,65.0
842.0,56.625018406361484,54.818115463566066,65.0
843.0,56.625018406361484,54.77759251484832,65.0
844.0,56.625018406361484,54.739781889920614,65.0
845.0,56.625018406361484,54.704377854867225,65.0
846.0,56.625018406361484,54.6711214910606,65.0
847.0,56.625018406361484,54.639791832784944,65.0
848.0,56.625018406361484,54.610198974547025,65.0
849.0,56.625018406361484,54.58217865065223,65.0
850.0,56.625018406361484,54.555587929164,65.0
851.0,56.625018406361484,54.5303017591386,65.0
852.0,56.625018406361484,54.50621017817296,65.0
853.0,56.625018406361484,54.483216035968745,65.0
854.0,56.625018406361484,54.46123312482308,65.0
855.0,56.625018406361484,54.44018463373387,65.0
856.0,56.625018406361484,54.420001861891734,65.0
857.0,56.625018406361484,54.400623141607156,65.0
858.0,56.625018406361484,54.38199293150421,65.0
859.0,56.625018406361484,46.11003601142809,65.0
860.0,56.625018406361484,51.470296001378756,65.0
861.0,56.625018406361484,51.435037755718355,65.0
862.0,56.625018406361484,51.40114444195243,65.0
863.0,56.625018406361484,51.36853020712271,65.0
864.0,56.625018406361484,51.33711657301532,65.0
865.0,56.625018406361484,51.306831641167754,65.0
866.0,56.625018406361484,51.27760940017146,65.0
867.0,56.625018406361484,51.24938912006996,65.0
868.0,56.625018406361484,51.222114821198886,65.0
869.0,56.625018406361484,51.19573480689041,65.0
870.0,56.625018406361484,51.170201251160584,65.0
871.0,56.625018406361484,51.14546983389448,65.0
872.0,56.625018406361484,51.121499417194634,65.0
873.0,56.625018406361484,51.09825175751448,65.0
874.0,56.625018406361484,51.075691248992314,65.0
875.0,56.625018406361484,51.05378469406704,65.0
876.0,56.625018406361484,51.03250109801283,64.99999999999999
877.0,56.625018406361484,51.01181148450065,65.0
878.0,56.625018406361484,50.99168872968921,65.0
879.0,56.625018406361484,50.972107412685425,65.0
880.0,56.625018406361484,50.95304368049878,65.0
881.0,56.625018406361484,50.93447512585846,65.0
882.0,56.625018406361484,50.9163806764696,65.0
883.0,53.808294541655414,50.89874049446456,65.0
884.0,53.808294541655414,50.872719161093194,65.0
885.0,53.808294541655414,50.847115765017584,65.00000000000001
886.0,53.808294541655414,50.82191365472007,65.0
887.0,53.808294541655414,50.79709709292737,65.0
888.0,53.808294541655414,50.777683072138224,65.0
889.0,53.808294541655414,50.69098547379891,65.0
890.0,53.808294541655414,50.48190282552014,64.99999999999999
891.0,53.808294541655414,49.93954071852105,65.0
892.0,53.808294541655414,48.490651120675174,65.0
893.0,53.808294541655414,44.71504945765488,65.0
894.0,53.808294541655414,44.57162188164509,65.0
895.0,53.808294541655414,44.445057546006495,65.0
896.0,53.808294541655414,44.332092918765056,65.0
897.0,53.808294541655414,44.23029410076641,65.0
898.0,53.808294541655414,44.13780351282932,65.0
899.0,53.808294541655414,44.053175152663464,65.0
900.0,53.808294541655414,43.97526400326748,65.0
901.0,53.808294541655414,43.90314973868049,65.0
902.0,53.808294541655414,43.836082824792705,65.0
903.0,53.808294541655414,43.77344563790761,65.0
904.0,53.808294541655414,43.71472389293414,65.0
905.0,53.808294541655414,43.65948529804077,65.0
906.0,53.808294541655414,43.60736336985102,65.0
907.0,53.808294541655414,43.55804499612773,65.0
908.0,53.808294541655414,43.511260761366486,65.0
909.0,53.808294541655414,43.46677733765543,65.0
910.0,53.808294541655414,43.42439143885813,65.0
911.0,49.48507953603495,43.38392497189768,65.0
912.0,49.48507953603495,43.33489789948707,65.0
913.0,49.48507953603495,43.28749468693806,65.0
914.0,47.22369021051956,43.24159202997365,65.0
915.0,47.22369021051956,43.204730279785,65.0
916.0,47.22369021051956,43.17505214838534,65.0
917.0,47.22369021051956,43.067379707880654,65.0
918.0,47.22369021051956,42.81713212759309,65.0
919.0,47.22369021051956,42.17295625773672,65.0
920.0,47.22369021051956,40.52666146514491,65.0
921.0,47.22369021051956,43.54058838968063,65.0
922.0,47.22369021051956,43.824017619959044,65.0
923.0,47.22369021051956,52.257656749421194,65.0
924.0,47.22369021051956,65.0,65.0
925.0,47.22369021051956,65.0,65.0
926.0,47.22369021051956,65.0,65.0
927.0,47.22369021051956,65.0,65.0
928.0,47.22369021051956,65.0,65.0
929.0,47.22369021051956,65.0,65.0
930.0,47.22369021051956,65.0,65.0
931.0,47.22369021051956,65.0,65.0
932.0,47.22369021051956,65.0,65.0
933.0,47.22369021051956,65.0,65.0
934.0,47.22369021051956,65.0,65.0
935.0,47.22369021051956,65.0,65.0
936.0,47.22369021051956,65.0,65.0
937.0,47.22369021051956,65.0,65.0
938.0,47.22369021051956,65.0,65.0
939.0,47.22369021051956,65.0,65.0
940.0,47.22369021051956,65.0,65.0
941.0,47.22369021051956,65.0,65.0
942.0,47.22369021051956,65.0,65.0
943.0,47.22369021051956,65.0,65.0
944.0,47.22369021051956,65.0,65.0
945.0,49.318860165396394,65.0,65.0
946.0,49.318860165396394,65.012,65.0
947.0,49.318860165396394,65.024,65.0
948.0,49.318860165396394,65.036,65.0
949.0,49.318860165396394,65.048,65.0
950.0,49.318860165396394,65.05315136214305,65.0
951.0,49.318860165396394,65.15036432870217,65.0
952.0,49.318860165396394,65.41461656919034,65.0
953.0,49.318860165396394,66.132928632639,65.0
954.0,49.318860165396394,68.08550326187435,65.0
955.0,49.318860165396394,73.20526680779794,65.0
956.0,49.318860165396394,73.38186386506683,65.0
957.0,49.318860165396394,73.53589838486225,65.0
958.0,49.318860165396394,73.67179882264863,65.0
959.0,49.318860165396394,73.7928650970509,65.0
960.0,49.318860165396394,73.90161332303406,65.0
961.0,49.318860165396394,74.0,65.0
962.0,49.318860165396394,74.089572499564,65.0
963.0,49.318860165396394,74.17157287525382,65.0
964.0,49.318860165396394,74.24701119355326,65.0
965.0,49.318860165396394,74.31671842700025,65.0
966.0,49.318860165396394,74.3813853171681,65.0
967.0,49.318860165396394,74.44159140373269,65.0
968.0,49.318860165396394,74.4978270313151,65.0
969.0,49.318860165396394,74.55051025721683,65.0
970.0,49.318860165396394,74.6,65.0
971.0,49.318860165396394,74.6466063783418,65.0
972.0,49.318860165396394,74.6905989232415,65.0
973.0,53.36047275266216,74.73221316194464,65.0
974.0,59.63720823518418,74.76760238450777,65.0
975.0,74.77975682210123,74.79695617572101,65.0
976.0,74.77975682210123,74.83036253824248,65.0
977.0,74.77975682210123,74.86208557582624,65.0
978.0,74.77975682210123,74.89456725027655,65.0
979.0,74.77975682210123,74.89682062556004,65.0
980.0,74.77975682210123,74.80691319024184,65.0
981.0,74.77975682210123,74.55116521429638,65.0
982.0,74.77975682210123,73.8060640609764,65.0
983.0,74.77975682210123,71.79629637656937,65.0
984.0,74.77975682210123,70.99207153235209,65.0
985.0,74.77975682210123,73.41325689605692,65.0
986.0,74.77975682210123,53.5488284541406,65.0
987.0,74.77975682210123,65.0,65.0
988.0,74.77975682210123,65.0,65.0
989.0,74.77975682210123,65.0,65.0
990.0,74.77975682210123,65.0,65.0
991.0,74.77975682210123,65.0,65.0
992.0,74.77975682210123,65.0,65.0
993.0,74.77975682210123,65.0,65.0
994.0,74.77975682210123,65.0,65.0
995.0,74.77975682210123,65.0,65.0
996.0,74.77975682210123,65.0,65.0
997.0,74.77975682210123,65.0,65.0
998.0,74.77975682210123,65.0,65.0
999.0,74.77975682210123,65.00000000000001,65.00000000000001
1000.0,74.77975682210123,64.99999999999999,64.99999999999999
1001.0,74.77975682210123,65.00000000000001,65.00000000000001
1002.0,74.77975682210123,64.99999999999999,64.99999999999999
1003.0,74.77975682210123,65.00000000000001,65.00000000000001
1004.0,74.77975682210123,64.99999999999999,64.99999999999999
1005.0,74.77975682210123,65.00000000000001,65.00000000000001
1006.0,74.77975682210123,64.99999999999999,64.99999999999999
1007.0,74.77975682210123,65.00000000000001,65.00000000000001
1008.0,74.77975682210123,64.99999999999999,64.99999999999999
1009.0,74.77975682210123,65.00000000000001,65.00000000000001
1010.0,74.77975682210123,64.99999999999999,64.99999999999999
1011.0,74.77975682210123,65.00000000000001,65.00000000000001
1012.0,74.77975682210123,64.99999999999999,64.99999999999999
1013.0,74.77975682210123,65.00000000000001,65.00000000000001
1014.0,74.77975682210123,64.99999999999999,64.99999999999999
1015.0,74.77975682210123,65.00000000000001,65.00000000000001
1016.0,74.77975682210123,64.99999999999999,64.99999999999999
1017.0,74.77975682210123,65.00000000000001,65.00000000000001
1018.0,74.77975682210123,64.99999999999999,64.99999999999999
1019.0,74.77975682210123,65.00000000000001,65.00000000000001
1020.0,74.77975682210123,64.99999999999999,64.99999999999999
1021.0,74.77975682210123,65.00000000000001,65.00000000000001
1022.0,74.77975682210123,64.99999999999999,64.99999999999999
1023.0,74.77975682210123,65.00000000000001,65.00000000000001
1024.0,74.77975682210123,64.99999999999999,64.99999999999999
1025.0,74.77975682210123,65.00000000000001,65.00000000000001
1026.0,74.77975682210123,64.99999999999999,64.99999999999999
1027.0,74.77975682210123,65.00000000000001,65.00000000000001
1028.0,74.77975682210123,64.99999999999999,64.99999999999999
1029.0,74.77975682210123,65.00000000000001,65.00000000000001
1030.0,74.77975682210123,64.99999999999999,64.99999999999999
1031.0,74.77975682210123,65.00000000000001,65.00000000000001
1032.0,74.77975682210123,64.99999999999999,64.99999999999999
1033.0,74.77975682210123,65.00000000000001,65.00000000000001
1034.0,74.77975682210123,64.99999999999999,64.99999999999999
1035.0,74.77975682210123,65.00000000000001,65.00000000000001
1036.0,74.77975682210123,64.99999999999999,64.99999999999999
1037.0,72.82036558695702,65.00000000000001,65.00000000000001
1038.0,65.0072,65.01199999999999,64.99999999999999
1039.0,65.0072,65.00000720000001,65.00000000000001
1040.0,65.0072,64.98801440000001,65.0
1041.0,65.0072,64.9760216,65.0
1042.0,65.0072,64.95718016214306,65.0
1043.0,65.0072,65.04409349523333,65.0
1044.0,65.0072,65.11397813038326,65.0
1045.0,65.0072,65.30394426419981,65.00000000000001
1046.0,65.0072,65.82032575377595,65.0
1047.0,65.0072,67.03611158600636,65.0
1048.0,65.0072,48.594389544488784,65.0
1049.0,65.0072,56.61981250770617,65.0
1050.0,65.0072,56.465808794814734,65.0
1051.0,65.0072,56.32993553711591,65.0
1052.0,65.0072,56.2088934759685,65.0
1053.0,65.0072,56.100166999630545,65.0
1054.0,65.0072,56.0018,65.0
1055.0,65.0072,55.91224541493592,65.00000000000001
1056.0,65.0072,55.83026143932125,65.0
1057.0,65.0072,55.75483820868546,65.0
1058.0,65.0072,55.68514491668515,65.0
1059.0,65.0072,55.62049095989534,65.0
1060.0,65.0072,55.560296914548076,65.0
1061.0,65.0072,55.504072534091165,65.0
1062.0,65.0072,55.45139984483462,65.0
1063.0,65.0072,55.40192000000001,65.00000000000001
1064.0,65.0072,55.35532294293387,65.0
1065.0,65.0072,55.311339196543166,65.0
1066.0,65.0072,55.269733280687745,65.0
1067.0,65.0072,55.230298389313,65.0
1068.0,65.0072,55.192852051974654,65.0
1069.0,65.0072,55.15723257159644,65.0
1070.0,65.0072,55.12329607949093,65.0
1071.0,65.0072,55.090914085094084,65.00000000000001
1072.0,65.0072,55.05997142510575,65.0
1073.0,65.0072,55.03036453730618,65.0
1074.0,65.0072,55.002,65.0
1075.0,65.0072,54.97479329009476,65.0
1076.0,65.0072,54.94866772215843,65.0
1077.0,65.0072,54.923553538091916,65.0
1078.0,65.0072,54.899387122781796,65.0
1079.0,65.0072,54.87611032563475,65.0
1080.0,65.0072,54.85366987150519,65.0
1081.0,65.0072,54.832016847422466,65.0
1082.0,65.0072,54.811106253853076,65.0
1083.0,65.0072,54.790896611123436,65.0
1084.0,65.0072,54.771349613163984,65.0
1085.0,65.0072,54.75242982199514,65.0
1086.0,65.0072,54.73410439740736,65.0
1087.0,65.0072,54.716342857142855,65.0
1088.0,65.0072,54.69911686359274,65.0
1089.0,65.0072,54.68240003361345,65.0
1090.0,65.0072,54.66616776855795,65.0
1091.0,65.0072,54.65039710203079,65.0
1092.0,65.0072,54.63506656322307,65.0
1093.0,65.0072,54.62015605397781,65.0
1094.0,65.0072,54.605646737984245,65.0
1095.0,65.0072,54.591520940712364,65.0
1096.0,65.0072,54.5777620588778,65.0
1097.0,65.0072,54.564354478383535,65.0
1098.0,62.917456699963054,54.55128349981526,65.0
1099.0,60.8277133999261,54.54844552738288,65.0
1100.0,56.64229161087926,54.55582749379737,65.0
1101.0,56.64229161087926,54.54732618216928,65.0
1102.0,56.64229161087926,54.53911055332164,65.0
1103.0,56.64229161087926,54.52551359670607,65.0
1104.0,56.64229161087926,54.582554379913006,65.0
1105.0,56.64229161087926,54.863063762299284,65.0
1106.0,56.64229161087926,55.53262119677057,65.0
1107.0,56.64229161087926,57.37149039868161,65.0
1108.0,56.64229161087926,63.76092328722771,65.0
1109.0,56.64229161087926,68.1248134025614,65.0
1110.0,56.64229161087926,65.0,65.0
1111.0,56.64229161087926,65.0,65.0
1112.0,56.64229161087926,65.0,65.0
1113.0,56.64229161087926,65.0,65.0
1114.0,56.64229161087926,65.0,65.0
1115.0,56.64229161087926,65.0,65.0
1116.0,56.64229161087926,65.0,65.0
1117.0,56.64229161087926,65.0,65.0
1118.0,56.64229161087926,65.0,65.0
1119.0,56.64229161087926,65.0,65.0
1120.0,56.64229161087926,64.99999999999999,64.99999999999999
1121.0,56.64229161087926,65.0,65.0
1122.0,56.64229161087926,65.0,65.0
1123.0,56.64229161087926,65.0,65.0
1124.0,56.64229161087926,65.0,65.0
1125.0,56.64229161087926,65.0,65.0
1126.0,56.64229161087926,65.0,65.0
1127.0,56.64229161087926,65.0,65.0
1128.0,56.64229161087926,65.0,65.0
1129.0,56.64229161087926,65.0,65.0
1130.0,56.64229161087926,65.0,65.0
1131.0,56.64229161087926,65.0,65.0
1132.0,56.64229161087926,65.0,65.0
1133.0,56.64229161087926,65.0,65.0
1134.0,56.64229161087926,65.0,65.0
1135.0,56.64229161087926,65.0,65.0
1136.0,56.64229161087926,65.0,65.0
1137.0,56.64229161087926,65.0,65.0
1138.0,56.64229161087926,65.0,65.0
1139.0,56.64229161087926,65.0,65.0
1140.0,56.64229161087926,65.0,65.0
1141.0,56.64229161087926,65.0,65.0
1142.0,56.64229161087926,65.0,65.0
1143.0,56.64229161087926,65.0,65.0
1144.0,56.64229161087926,65.0,65.0
1145.0,56.64229161087926,65.0,65.0
1146.0,56.64229161087926,65.0,65.0
1147.0,56.64229161087926,65.0,65.0
1148.0,56.64229161087926,65.0,65.0
1149.0,56.64229161087926,65.0,65.0
1150.0,56.64229161087926,65.0,65.0
1151.0,56.64229161087926,65.0,65.0
1152.0,56.64229161087926,65.0,65.0
1153.0,56.64229161087926,65.0,65.0
1154.0,56.64229161087926,65.0,65.0
1155.0,56.64229161087926,65.0,65.0
1156.0,56.64229161087926,65.0,65.0
1157.0,56.64229161087926,65.0,65.0
1158.0,56.64229161087926,65.0,65.0
1159.0,60.82291339992611,65.0,65.0
1160.0,60.82291339992611,64.988,65.0
1161.0,64.99640000000001,64.976,65.0
1162.0,64.99640000000001,64.987994,65.0
1163.0,64.99640000000001,64.999988,65.0
1164.0,64.99640000000001,65.01883063785694,65.0
1165.0,64.99640000000001,64.94561167129784,65.0
1166.0,64.99640000000001,64.6916595794147,65.00000000000001
1167.0,64.99640000000001,64.16772484260098,65.0
1168.0,64.99640000000001,62.743522568221756,65.0
1169.0,64.99640000000001,59.06002399316372,65.0
1170.0,64.99640000000001,62.787599907050925,65.0
1171.0,64.99640000000001,72.87053259732976,65.0
1172.0,64.99640000000001,73.38018749229383,65.0
1173.0,64.99640000000001,73.53419120518528,65.0
1174.0,64.99640000000001,73.6700644628841,65.0
1175.0,64.99640000000001,73.79110652403149,64.99999999999999
1176.0,64.99640000000001,73.89983300036947,65.0
1177.0,64.99640000000001,73.99820000000001,65.0
1178.0,64.99640000000001,74.08775458506409,65.0
1179.0,64.99640000000001,74.16973856067877,65.0
1180.0,64.99640000000001,74.24516179131454,65.0
1181.0,64.99640000000001,74.31485508331485,65.0
1182.0,64.99640000000001,74.37950904010467,65.00000000000001
1183.0,64.99640000000001,74.43970308545192,65.0
1184.0,64.99640000000001,74.49592746590885,65.00000000000001
1185.0,64.99640000000001,74.54860015516537,64.99999999999999
1186.0,64.99640000000001,74.59808,65.00000000000001
1187.0,64.99640000000001,74.64467705706612,64.99999999999999
1188.0,64.99640000000001,74.68866080345686,65.00000000000001
1189.0,64.99640000000001,74.73026671931224,64.99999999999999
1190.0,64.99640000000001,74.76970161068701,65.00000000000001
1191.0,64.99640000000001,74.80714794802533,64.99999999999999
1192.0,64.99640000000001,74.84276742840358,65.00000000000001
1193.0,64.99640000000001,74.87670392050906,64.99999999999999
1194.0,64.99640000000001,74.90908591490593,65.00000000000001
1195.0,64.99640000000001,74.94002857489424,64.99999999999999
1196.0,64.99640000000001,74.96963546269383,65.00000000000001
1197.0,64.99640000000001,74.99799999999999,64.99999999999999
1198.0,64.99640000000001,75.02520670990525,65.00000000000001
1199.0,64.99640000000001,75.05133227784155,64.99999999999999
1200.0,64.99640000000001,75.07644646190809,65.00000000000001
