"tick","donation-normed-small","donation-small","donation-valued-small"
1.0,55.0,60.12147519731583,95.0
2.0,55.0,60.080005080007616,95.0
3.0,55.0,60.039526306789696,95.0
4.0,55.0,60.0,95.0
5.0,55.0,59.96138938356833,95.0
6.0,55.0,59.92365963917331,95.0
7.0,55.0,59.88677777425221,95.0
8.0,55.0,59.85071250072666,95.0
9.0,55.970142500145336,55.90023061655861,77.0
10.0,55.970142500145336,55.89048894740283,77.0
11.0,55.970142500145336,55.881186407165686,77.0
12.0,55.970142500145336,55.872307694746766,77.0
13.0,55.970142500145336,55.85757736743932,77.0
14.0,55.970142500145336,55.927403172585116,77.0
15.0,55.970142500145336,56.15031486268849,77.0
16.0,55.970142500145336,56.78868785165878,77.0
17.0,55.970142500145336,58.55575470731672,77.0
18.0,55.970142500145336,63.21854372638503,77.0
19.0,55.970142500145336,63.36273104693929,77.0
20.0,55.970142500145336,63.48661671039135,77.0
21.0,55.970142500145336,63.59423906808733,77.0
22.0,55.970142500145336,63.688605217396535,77.0
23.0,55.970142500145336,63.772006125992235,77.0
24.0,55.970142500145336,63.84622155794091,77.0
25.0,55.970142500145336,85.30949213213495,77.0
26.0,55.970142500145336,77.0,77.0
27.0,55.970142500145336,77.0,77.0
28.0,55.970142500145336,77.0,77.0
29.0,55.970142500145336,77.0,77.0
30.0,55.970142500145336,77.0,77.0
31.0,55.970142500145336,77.0,77.0
32.0,55.970142500145336,77.0,77.0
33.0,55.970142500145336,77.0,77.0
34.0,55.970142500145336,76.99999999999999,76.99999999999999
35.0,55.970142500145336,77.00000000000001,77.00000000000001
36.0,55.970142500145336,76.99999999999999,76.99999999999999
37.0,55.970142500145336,77.0,77.0
38.0,55.970142500145336,77.0,77.0
39.0,55.970142500145336,77.0,77.0
40.0,55.970142500145336,77.0,77.0
41.0,55.970142500145336,77.0,77.0
42.0,55.970142500145336,77.0,77.0
43.0,55.970142500145336,77.0,77.0
44.0,55.970142500145336,77.0,77.0
45.0,55.970142500145336,77.0,77.0
46.0,55.970142500145336,77.0,77.0
47.0,55.970142500145336,77.0,77.0
48.0,55.970142500145336,77.0,77.0
49.0,55.970142500145336,77.0,77.0
50.0,55.970142500145336,77.0,77.0
51.0,55.970142500145336,77.0,77.0
52.0,55.970142500145336,77.0,77.0
53.0,55.970142500145336,77.0,77.0
54.0,55.970142500145336,77.0,77.0
55.0,55.970142500145336,77.0,77.0
56.0,55.970142500145336,77.0,77.0
57.0,55.970142500145336,77.0,77.0
58.0,55.970142500145336,77.0,77.0
59.0,55.970142500145336,77.0,77.0
60.0,55.970142500145336,77.0,77.0
61.0,55.970142500145336,77.0,77.0
62.0,55.970142500145336,77.0,77.0
63.0,55.970142500145336,77.0,77.0
64.0,55.970142500145336,77.0,77.0
65.0,55.970142500145336,77.0,77.0
66.0,55.970142500145336,77.0,77.0
67.0,55.970142500145336,77.0,77.0
68.0,55.970142500145336,77.0,77.0
69.0,55.970142500145336,77.0,77.0
70.0,55.970142500145336,77.0,77.0
71.0,55.970142500145336,77.0,77.0
72.0,55.970142500145336,77.0,77.0
73.0,55.970142500145336,77.0,77.0
74.0,55.970142500145336,77.0,77.0
75.0,59.470142500145336,77.0,77.0
76.0,69.96676750014532,76.9955,77.0
77.0,76.4960625,76.977496625,77.0
78.0,76.4960625,76.9769926875,77.0
79.0,76.4960625,76.97648875000002,77.0
80.0,76.4960625,76.97855305169637,77.0
81.0,76.4960625,76.95380089550515,77.0
82.0,76.4960625,76.75282653845144,77.0
83.0,76.4960625,76.32786577587389,77.0
84.0,76.4960625,75.17270265715123,77.0
85.0,76.4960625,72.10310046291026,77.0
86.0,76.4960625,69.12311578447225,77.0
87.0,76.4960625,67.51106860740182,77.0
88.0,76.4960625,67.34455117191291,77.0
89.0,76.4960625,67.1972005093402,77.0
90.0,76.4960625,67.06559751886836,77.0
91.0,76.4960625,66.94712095522637,77.0
92.0,76.4960625,66.8397228126635,77.0
93.0,76.4960625,66.74177650226315,77.0
94.0,76.4960625,66.65197147606305,77.0
95.0,76.4960625,66.56923838011116,77.0
96.0,76.4960625,66.49269480110671,77.0
97.0,76.4960625,66.42160522597722,77.0
98.0,76.4960625,66.35535101206912,77.0
99.0,76.4960625,66.293407537489,77.0
100.0,76.4960625,66.23532658641416,77.0
101.0,76.4960625,66.18072260812183,77.0
102.0,76.4960625,66.12926188133216,77.0
103.0,76.4960625,66.08065388454153,77.0
104.0,76.4960625,66.03464436037038,77.0
105.0,76.4960625,65.99100969436212,77.0
106.0,76.4960625,65.94955232355412,77.0
107.0,76.4960625,65.91009695900541,77.0
108.0,76.4960625,65.8724874570348,77.0
109.0,76.4960625,65.83658421146848,77.0
110.0,76.4960625,65.80226196735481,77.0
111.0,76.4960625,65.76940797792597,77.0
112.0,76.4960625,65.73792044287411,77.0
113.0,76.4960625,65.70770717855808,77.0
114.0,76.4960625,65.6786844804973,77.0
115.0,76.4960625,65.65077614612974,77.0
116.0,76.4960625,65.62391263181127,77.0
117.0,76.4960625,65.59803032279112,77.0
118.0,76.4960625,65.57307089869296,77.0
119.0,76.4960625,65.54898078007666,77.0
120.0,76.4960625,65.52571064411252,77.0
121.0,76.4960625,65.50321499939355,77.0
122.0,76.4960625,65.48145181153595,77.0
123.0,76.4960625,65.46038217255025,77.0
124.0,76.4960625,65.43997000806021,77.0
125.0,76.4960625,65.42018181735361,77.0
126.0,76.4960625,65.40098644199992,77.0
127.0,76.4960625,65.3823548593975,77.0
128.0,76.4960625,65.36425999813625,77.0
129.0,76.4960625,65.34667657250289,77.0
130.0,76.4960625,65.32958093382635,77.0
131.0,76.4960625,65.31295093667491,77.0
132.0,76.4960625,65.29676581818232,77.0
133.0,76.4960625,65.28100608900763,77.00000000000001
134.0,76.4960625,65.26565343462514,77.0
135.0,76.4960625,65.25069062580823,77.0
136.0,76.4960625,65.23610143731122,77.0
137.0,76.4960625,65.22187057387677,77.00000000000001
138.0,71.10521354416952,65.2079836028013,77.0
139.0,71.10521354416952,65.20203435592661,77.0
140.0,71.10521354416952,65.19640248273977,77.0
141.0,71.10521354416952,65.19107578949522,77.0
142.0,71.10521354416952,65.18604272844875,77.0
143.0,71.10521354416952,65.17695062427381,77.0
144.0,71.10521354416952,65.22649376653973,77.0
145.0,71.10521354416952,65.38219478971887,77.0
146.0,71.10521354416952,69.78914018951852,77.0
147.0,71.10521354416952,71.0194614766908,77.0
148.0,71.10521354416952,79.3497358599237,77.0
149.0,71.10521354416952,79.56406467520789,77.0
150.0,71.10521354416952,79.75023403124354,77.0
151.0,71.10521354416952,79.91379469141583,77.0
152.0,71.10521354416952,80.05888186378542,77.0
153.0,71.10521354416952,80.1886476645476,77.0
154.0,71.10521354416952,80.30554235557297,77.0
155.0,71.10521354416952,80.41150312388386,77.0
156.0,71.10521354416952,80.50808430308066,77.0
157.0,71.10521354416952,80.59654935923781,77.0
158.0,71.10521354416952,80.67793723753536,77.0
159.0,71.10521354416952,80.75311110835796,77.0
160.0,71.10521354416952,80.82279477705595,77.0
161.0,71.10521354416952,80.8876002846615,77.0
162.0,71.10521354416952,80.9480491121197,77.0
163.0,71.10521354416952,81.00458866900381,77.0
164.0,71.10521354416952,89.10190967455839,77.0
165.0,71.10521354416952,77.0,77.0
166.0,71.10521354416952,77.0,77.0
167.0,71.10521354416952,77.0,77.0
168.0,71.10521354416952,77.00000000000001,77.00000000000001
169.0,71.10521354416952,76.99999999999999,76.99999999999999
170.0,71.10521354416952,77.0,77.0
171.0,71.10521354416952,77.0,77.0
172.0,71.10521354416952,77.0,77.0
173.0,71.10521354416952,77.0,77.0
174.0,71.10521354416952,77.0,77.0
175.0,71.10521354416952,77.0,77.0
176.0,71.10521354416952,77.00000000000001,77.00000000000001
177.0,71.10521354416952,76.99999999999999,76.99999999999999
178.0,71.10521354416952,77.00000000000001,77.00000000000001
179.0,71.10521354416952,76.99999999999999,76.99999999999999
180.0,71.10521354416952,77.00000000000001,77.00000000000001
181.0,71.10521354416952,76.99999999999999,76.99999999999999
182.0,71.10521354416952,77.00000000000001,77.00000000000001
183.0,71.10521354416952,76.99999999999999,76.99999999999999
184.0,71.10521354416952,77.00000000000001,77.00000000000001
185.0,71.10521354416952,76.99999999999999,76.99999999999999
186.0,71.10521354416952,77.00000000000001,77.00000000000001
187.0,71.10521354416952,76.99999999999999,76.99999999999999
188.0,71.10521354416952,77.00000000000001,77.00000000000001
189.0,71.10521354416952,76.99999999999999,76.99999999999999
190.0,71.10521354416952,77.00000000000001,77.00000000000001
191.0,71.10521354416952,76.99999999999999,76.99999999999999
192.0,71.10521354416952,77.00000000000001,77.00000000000001
193.0,71.10521354416952,76.99999999999999,76.99999999999999
194.0,71.10521354416952,77.00000000000001,77.00000000000001
195.0,71.10521354416952,76.99999999999999,76.99999999999999
196.0,71.10521354416952,77.00000000000001,77.00000000000001
197.0,71.10521354416952,76.99999999999999,76.99999999999999
198.0,71.10521354416952,77.00000000000001,77.00000000000001
199.0,74.05205100483315,76.99999999999999,76.99999999999999
200.0,74.05205100483315,76.9955,77.00000000000001
201.0,74.05205100483315,76.991,76.99999999999999
202.0,74.05205100483315,76.9865,77.0
203.0,74.05205100483315,76.982,77.0
204.0,74.05205100483315,76.98006823919636,77.0
205.0,74.05205100483315,76.94361337673669,77.0
206.0,74.05205100483315,76.84451878655362,77.0
207.0,74.05205100483315,76.57515176276038,77.0
208.0,74.05205100483315,75.84293627679713,77.0
209.0,74.05205100483315,73.92302494707577,77.0
210.0,74.05205100483315,73.85680105059994,77.0
211.0,74.05205100483315,73.79903810567666,77.0
212.0,74.05205100483315,73.74807544150677,77.0
213.0,74.05205100483315,73.7026755886059,77.0
214.0,74.05205100483315,73.66189500386223,77.0
215.0,74.05205100483315,73.625,77.0
216.0,76.07167628908294,73.5914103126635,77.0
217.0,76.07167628908294,73.5777340980689,76.99999999999999
218.0,76.07167628908294,73.56651865499569,77.0
219.0,76.07167628908294,73.55745236874216,77.0
220.0,76.07167628908294,73.5502762112183,77.0
221.0,76.07167628908294,73.53502842688316,77.0
222.0,76.07167628908294,73.65225731865418,77.0
223.0,76.07167628908294,74.00848638192606,77.0
224.0,76.07167628908294,75.01196166370582,77.0
225.0,76.07167628908294,77.77266054628579,77.0
226.0,76.07167628908294,88.67467672155009,77.0
227.0,76.07167628908294,88.92594381643991,77.0
228.0,76.07167628908294,89.14510831952,77.0
229.0,76.07167628908294,89.33847115763822,77.0
230.0,76.07167628908294,89.51072754474144,77.0
231.0,76.07167628908294,89.66545747761685,77.0
232.0,76.07167628908294,89.8054447168122,77.0
233.0,76.07167628908294,89.93289090473593,77.0
234.0,76.07167628908294,90.04956326891967,77.0
235.0,76.07167628908294,90.1568989594211,77.0
236.0,76.07167628908294,90.25608030656193,77.0
237.0,76.07167628908294,90.34809011623442,77.0
238.0,76.07167628908294,90.43375297324756,77.00000000000001
239.0,76.07167628908294,90.51376655326112,76.99999999999999
240.0,76.07167628908294,90.58872567957089,77.00000000000001
241.0,76.07167628908294,90.65914103126634,76.99999999999999
242.0,76.07167628908294,90.72545385363375,77.00000000000001
243.0,76.07167628908294,90.78804764270765,76.99999999999999
244.0,76.07167628908294,90.84725751305713,77.00000000000001
245.0,76.07167628908294,90.90337777282163,76.99999999999999
246.0,76.07167628908294,90.95666809784588,77.00000000000001
247.0,76.07167628908294,91.0073586011493,76.99999999999999
248.0,76.07167628908294,91.05565402396049,77.00000000000001
249.0,76.07167628908294,91.10173722271901,76.99999999999999
250.0,76.07167628908294,91.14577208767773,77.00000000000001
251.0,76.07167628908294,91.18790599945503,76.99999999999999
252.0,76.07167628908294,91.22827190756911,77.00000000000001
253.0,76.07167628908294,91.26699009783138,76.99999999999999
254.0,76.07167628908294,91.30416970218602,77.00000000000001
255.0,76.07167628908294,91.33990999420794,76.99999999999999
256.0,76.07167628908294,91.37430150531651,77.00000000000001
257.0,76.07167628908294,91.40742699030808,76.99999999999999
258.0,76.07167628908294,91.43936226567162,77.00000000000001
259.0,76.07167628908294,91.47017694003351,76.99999999999999
260.0,76.07167628908294,91.49993505276143,77.00000000000001
261.0,76.07167628908294,91.52869563406892,76.99999999999999
262.0,76.07167628908294,91.55651319777603,77.00000000000001
263.0,76.07167628908294,91.58343817609017,76.99999999999999
264.0,76.07167628908294,91.60951730430148,77.00000000000001
265.0,76.07167628908294,91.63479396207109,76.99999999999999
266.0,76.07167628908294,91.65930847698499,77.00000000000001
267.0,76.07167628908294,91.68309839520643,76.99999999999999
268.0,76.07167628908294,91.70619872336059,77.00000000000001
269.0,76.07167628908294,91.72864214519616,76.99999999999999
270.0,76.07167628908294,91.7504592160749,77.00000000000001
271.0,76.07167628908294,91.77167853792147,76.99999999999999
272.0,76.07167628908294,91.79232691691219,77.00000000000001
273.0,76.07167628908294,91.81242950587955,76.99999999999999
274.0,76.07167628908294,91.83200993315361,77.00000000000001
275.0,79.67680253072714,91.85109041934037,76.99999999999999
276.0,86.89058813571744,91.86879588459155,77.00000000000001
277.0,90.49918762129138,91.88425470191278,76.99999999999999
278.0,90.49918762129138,91.89838140639802,77.0
279.0,90.49918762129138,91.91208495748509,77.0
280.0,90.49918762129138,91.92589331428385,77.0
281.0,90.49918762129138,91.93345695675688,77.0
282.0,90.49918762129138,91.91496898103529,77.0
283.0,90.49918762129138,91.83049770002813,77.0
284.0,90.49918762129138,91.57348155595459,77.0
285.0,90.49918762129138,90.86208014299095,77.0
286.0,90.49918762129138,89.9560221530744,77.0
287.0,90.49918762129138,89.55232662564217,77.0
288.0,90.49918762129138,89.52023926283145,77.0
289.0,90.49918762129138,89.49334536223141,77.0
290.0,90.49918762129138,89.47064645728477,77.0
291.0,90.49918762129138,89.4513859789749,77.0
292.0,90.49918762129138,89.43497904724735,77.0
293.0,90.49918762129138,89.42096567754142,77.0
294.0,90.49918762129138,89.40897868842785,77.0
295.0,90.49918762129138,89.39872114067013,77.0
296.0,90.49918762129138,89.38995013053349,77.0
297.0,90.49918762129138,89.38246492387556,77.0
298.0,90.49918762129138,89.37609812019294,77.0
299.0,90.49918762129138,89.37070897263689,77.0
300.0,90.49918762129138,89.36617826873972,77.0
301.0,90.49918762129138,89.36240435861083,77.00000000000001
302.0,90.49918762129138,89.35930003872663,77.0
303.0,90.49918762129138,89.35679008190536,77.0
304.0,90.49918762129138,89.35480926106109,77.0
305.0,90.49918762129138,89.35330075435722,77.0
306.0,90.49918762129138,89.35221484788958,77.00000000000001
307.0,90.49918762129138,89.35150787260741,77.0
308.0,90.49918762129138,89.35114132721789,77.0
309.0,90.49918762129138,89.35108114992869,77.0
310.0,90.49918762129138,89.35129711018351,77.0
311.0,90.49918762129138,89.35176229780099,77.0
312.0,90.49918762129138,89.35245269169106,77.0
313.0,90.49918762129138,89.35334679397872,77.0
314.0,90.49918762129138,89.35442531819373,77.0
315.0,90.49918762129138,89.35567092239096,77.0
316.0,90.49918762129138,89.35706797979789,77.0
317.0,90.49918762129138,89.35860238095538,77.0
318.0,90.49918762129138,89.36026136240696,77.0
319.0,90.49918762129138,89.36203335786406,77.0
320.0,90.49918762129138,89.36390786847619,77.0
321.0,90.49918762129138,89.36587534940362,77.0
322.0,90.49918762129138,89.36792711035137,77.0
323.0,90.49918762129138,89.37005522810212,77.0
324.0,90.49918762129138,89.3722524693945,77.0
325.0,90.49918762129138,89.37451222275081,77.0
326.0,90.49918762129138,89.37682843806854,77.0
327.0,90.49918762129138,89.37919557296742,77.0
328.0,90.49918762129138,89.3816085450311,77.0
329.0,90.49918762129138,89.38406268920494,77.0
330.0,90.49918762129138,89.38655371971636,77.0
331.0,90.49918762129138,89.38907769597122,77.0
332.0,90.49918762129138,89.39163099195375,77.0
333.0,90.49918762129138,89.3942102687211,77.0
334.0,90.49918762129138,89.39681244963677,77.0
335.0,90.49918762129138,89.3994346980333,77.0
336.0,90.49918762129138,89.40207439703377,77.0
337.0,90.49918762129138,89.40472913129585,77.0
338.0,90.49918762129138,89.40739667047029,77.0
339.0,90.49918762129138,89.41007495419221,77.0
340.0,90.49918762129138,89.4127620784441,77.0
341.0,90.49918762129138,89.41545628314876,77.0
342.0,90.49918762129138,89.41815594086718,77.0
343.0,90.49918762129138,89.42085954649022,77.0
344.0,90.49918762129138,89.42356570782532,77.0
345.0,90.49918762129138,89.42627313699094,77.0
346.0,90.49918762129138,89.42898064254064,77.0
347.0,90.49918762129138,89.4316871222473,77.0
348.0,90.49918762129138,89.43439155648511,77.0
349.0,90.49918762129138,89.437093002154,77.0
350.0,90.49918762129138,89.43979058709654,77.0
351.0,90.49918762129138,89.44248350496248,77.0
352.0,90.49918762129138,89.445171010481,77.0
353.0,90.49918762129138,89.44785241510439,77.0
354.0,90.49918762129138,89.45052708299048,77.0
355.0,90.49918762129138,89.45319442729445,77.0
356.0,90.49918762129138,89.45585390674377,77.0
357.0,90.49918762129138,89.45850502247178,77.0
358.0,90.49918762129138,89.46114731508848,77.0
359.0,90.49918762129138,89.46378036196869,77.0
360.0,90.49918762129138,89.46640377473976,77.0
361.0,90.49918762129138,89.46901719695249,77.0
362.0,90.49918762129138,89.47162030192061,77.0
363.0,90.49918762129138,89.47421279071503,77.0
364.0,90.49918762129138,89.4767943903012,77.0
365.0,90.49918762129138,89.4793648518076,77.0
366.0,90.49918762129138,89.4819239489159,77.0
367.0,90.49918762129138,89.48447147636293,77.0
368.0,90.49918762129138,89.48700724854594,77.0
369.0,90.49918762129138,89.48953109822392,77.0
370.0,90.49918762129138,89.49204287530684,77.0
371.0,90.49918762129138,89.49454244572709,77.0
372.0,90.49918762129138,89.49702969038671,77.0
373.0,90.49918762129138,89.49950450417464,77.0
374.0,90.49918762129138,89.50196679504954,77.0
375.0,90.49918762129138,89.50441648318277,77.0
376.0,90.49918762129138,89.5068535001577,77.0
377.0,90.49918762129138,89.50927778822124,77.0
378.0,90.49918762129138,89.51168929958371,77.0
379.0,90.49918762129138,89.51408799576389,77.0
380.0,90.49918762129138,89.51647384697631,77.0
381.0,90.49918762129138,89.51884683155727,77.0
382.0,90.49918762129138,89.5212069354275,77.0
383.0,90.49918762129138,89.5235541515888,77.0
384.0,90.49918762129138,89.52588847965225,77.0
385.0,90.49918762129138,89.52820992539603,77.0
386.0,90.49918762129138,89.53051850035078,77.0
387.0,90.49918762129138,89.53281422141079,77.0
388.0,90.49918762129138,89.5350971104692,77.0
389.0,90.49918762129138,89.5373671940756,77.0
390.0,90.49918762129138,89.53962450311494,77.0
391.0,90.49918762129138,89.5418690725058,77.0
392.0,90.49918762129138,89.54410094091732,77.0
393.0,90.49918762129138,89.54632015050316,77.0
394.0,90.49918762129138,89.54852674665187,77.0
395.0,90.49918762129138,89.55072077775203,77.0
396.0,90.49918762129138,89.55290229497204,77.0
397.0,90.49918762129138,89.55507135205268,77.0
398.0,90.49918762129138,89.55722800511258,77.0
399.0,90.49918762129138,89.55937231246513,77.0
400.0,90.49918762129138,89.56150433444652,77.0
401.0,90.49918762129138,89.5636241332539,77.0
402.0,90.49918762129138,89.5657317727935,77.0
403.0,90.49918762129138,89.56782731853758,77.0
404.0,90.49918762129138,89.56991083739004,77.0
405.0,90.49918762129138,89.57198239756015,77.0
406.0,90.49918762129138,89.5740420684436,77.0
407.0,90.49918762129138,89.57608992051097,77.0
408.0,90.49918762129138,89.57812602520247,77.0
409.0,90.49918762129138,89.58015045482945,77.0
410.0,90.49918762129138,89.58216328248143,77.0
411.0,90.49918762129138,89.58416458193884,77.0
412.0,90.49918762129138,89.58615442759114,77.0
413.0,90.49918762129138,89.58813289435965,77.0
414.0,90.49918762129138,89.59010005762505,77.0
415.0,90.49918762129138,89.59205599315962,77.0
416.0,90.49918762129138,89.59400077706302,77.0
417.0,90.49918762129138,89.59593448570251,77.0
418.0,90.49918762129138,89.59785719565654,77.0
419.0,90.49918762129138,89.59976898366182,77.0
420.0,90.49918762129138,89.60166992656377,77.0
421.0,90.49918762129138,89.60356010126999,77.0
422.0,90.49918762129138,89.60543958470649,77.0
423.0,90.49918762129138,89.607308453777,77.0
424.0,90.49918762129138,89.6091667853245,77.0
425.0,90.49918762129138,89.61101465609536,77.0
426.0,90.49918762129138,89.61285214270588,77.0
427.0,90.49918762129138,89.61467932161068,77.0
428.0,90.49918762129138,89.61649626907352,77.0
429.0,90.49918762129138,89.61830306113984,77.0
430.0,90.49918762129138,89.62009977361103,77.0
431.0,90.49918762129138,89.62188648202081,77.0
432.0,90.49918762129138,89.62366326161275,77.0
433.0,90.49918762129138,89.62543018731961,77.0
434.0,90.49918762129138,89.62718733374416,77.0
435.0,90.49918762129138,89.62893477514133,77.0
436.0,90.49918762129138,89.63067258540141,77.0
437.0,90.49918762129138,89.6324008380349,77.0
438.0,90.49918762129138,89.63411960615815,77.0
439.0,90.49918762129138,89.63582896248028,77.0
440.0,90.49918762129138,89.63752897929108,76.99999999999999
441.0,90.49918762129138,89.63921972844989,77.0
442.0,90.49918762129138,89.64090128137529,77.0
443.0,90.49918762129138,89.64257370903594,77.0
444.0,90.49918762129138,89.64423708194187,77.0
445.0,90.49918762129138,89.64589147013675,77.0
446.0,90.49918762129138,89.64753694319093,77.0
447.0,90.49918762129138,89.64917357019506,77.0
448.0,90.49918762129138,89.65080141975429,77.0
449.0,90.49918762129138,89.6524205599834,77.0
450.0,90.49918762129138,89.654031058502,77.0
451.0,90.49918762129138,89.6556329824308,77.00000000000001
452.0,90.49918762129138,89.65722639838805,77.0
453.0,90.49918762129138,89.65881137248651,77.0
454.0,90.49918762129138,89.66038797033109,77.0
455.0,90.49918762129138,89.66195625701656,77.0
456.0,90.49918762129138,89.663516297126,77.0
457.0,90.49918762129138,89.66506815472948,77.0
458.0,90.49918762129138,89.666611893383,77.0
459.0,90.49918762129138,89.66814757612804,77.0
460.0,90.49918762129138,89.66967526549112,77.0
461.0,90.49918762129138,89.6711950234838,77.0
462.0,90.49918762129138,89.67270691160313,77.0
463.0,90.49918762129138,89.67421099083195,77.0
464.0,90.49918762129138,89.67570732163989,77.0
465.0,90.49918762129138,89.67719596398419,77.0
466.0,90.49918762129138,89.67867697731113,77.0
467.0,90.49918762129138,89.68015042055728,77.0
468.0,90.49918762129138,89.68161635215128,77.0
469.0,90.49918762129138,89.68307483001554,77.0
470.0,90.49918762129138,89.68452591156827,77.0
471.0,90.49918762129138,89.68596965372555,77.0
472.0,90.49918762129138,89.68740611290363,77.0
473.0,90.49918762129138,89.68883534502136,77.0
474.0,90.49918762129138,89.69025740550259,77.0
475.0,90.49918762129138,89.69167234927909,77.0
476.0,90.49918762129138,89.69308023079289,77.0
477.0,90.49918762129138,89.69448110399954,77.0
478.0,90.49918762129138,89.69587502237076,77.0
479.0,90.49918762129138,89.6972620388976,77.0
480.0,90.49918762129138,89.69864220609357,77.0
481.0,90.49918762129138,89.7000155759977,77.0
482.0,90.49918762129138,89.7013822001779,77.0
483.0,90.49918762129138,89.70274212973419,77.0
484.0,90.49918762129138,89.70409541530209,77.0
485.0,90.49918762129138,89.70544210705603,77.0
486.0,90.49918762129138,89.7067822547128,77.0
487.0,90.49918762129138,89.70811590753499,77.0
488.0,90.49918762129138,89.70944311433462,77.0
489.0,90.49918762129138,89.7107639234766,77.0
490.0,90.49918762129138,89.71207838288237,77.0
491.0,90.49918762129138,89.71338654003354,77.0
492.0,90.49918762129138,89.71468844197543,77.0
493.0,90.49918762129138,89.71598413532081,77.0
494.0,90.49918762129138,89.71727366625353,77.0
495.0,90.49918762129138,89.71855708053218,77.0
496.0,90.49918762129138,89.71983442349378,77.0
497.0,90.49918762129138,89.72110574005754,77.0
498.0,90.49918762129138,89.72237107472843,77.0
499.0,90.49918762129138,89.72363047160096,77.0
500.0,90.49918762129138,89.72488397436287,77.0
501.0,90.49918762129138,89.7261316262988,77.0
502.0,90.49918762129138,89.727373470294,77.0
503.0,90.49918762129138,89.728609548838,77.0
504.0,90.49918762129138,89.72983990402824,77.0
505.0,90.49918762129138,89.73106457757383,77.0
506.0,90.49918762129138,89.73228361079912,77.0
507.0,90.49918762129138,89.73349704464736,77.0
508.0,90.49918762129138,89.73470491968439,77.0
509.0,90.49918762129138,89.73590727610215,77.0
510.0,90.49918762129138,89.73710415372231,77.0
511.0,90.49918762129138,89.73829559199984,77.0
512.0,90.49918762129138,89.73948163002669,77.0
513.0,90.49918762129138,89.74066230653513,77.0
514.0,90.49918762129138,89.74183765990135,77.0
515.0,90.49918762129138,89.74300772814908,77.00000000000001
516.0,90.49918762129138,89.7441725489529,77.0
517.0,90.49918762129138,89.74533215964176,77.0
518.0,90.49918762129138,89.74648659720238,77.0
519.0,90.49918762129138,89.74763589828277,77.0
520.0,90.49918762129138,89.74878009919544,77.0
521.0,90.49918762129138,89.749919235921,77.0
522.0,90.49918762129138,89.75105334411114,77.0
523.0,90.49918762129138,89.75218245909234,77.0
524.0,90.49918762129138,89.75330661586888,77.0
525.0,90.49918762129138,89.7544258491262,77.0
526.0,90.49918762129138,89.75554019323413,77.0
527.0,90.49918762129138,89.75664968225003,77.0
528.0,90.49918762129138,89.7577543499221,77.0
529.0,90.49918762129138,89.75885422969237,77.00000000000001
530.0,90.49918762129138,89.75994935469996,77.0
531.0,90.49918762129138,89.76103975778416,77.0
532.0,90.49918762129138,89.76212547148734,77.0
533.0,90.49918762129138,89.76320652805823,77.0
534.0,90.49918762129138,89.76428295945477,77.0
535.0,90.49918762129138,89.76535479734717,77.0
536.0,90.49918762129138,89.76642207312082,77.0
537.0,90.49918762129138,89.76748481787926,77.0
538.0,90.49918762129138,89.7685430624471,77.0
539.0,90.49918762129138,89.76959683737277,77.0
540.0,90.49918762129138,89.7706461729316,77.0
541.0,90.49918762129138,89.77169109912838,77.0
542.0,90.49918762129138,89.77273164570033,77.0
543.0,90.49918762129138,89.77376784211985,77.0
544.0,90.49918762129138,89.77479971759712,77.0
545.0,90.49918762129138,89.77582730108298,77.0
546.0,90.49918762129138,89.77685062127154,77.0
547.0,90.49918762129138,89.77786970660279,77.0
548.0,90.49918762129138,89.77888458526532,77.0
549.0,90.49918762129138,89.77989528519882,77.0
550.0,90.49918762129138,89.78090183409674,77.0
551.0,90.49918762129138,89.78190425940883,77.0
552.0,90.49918762129138,89.78290258834359,77.0
553.0,90.49918762129138,89.78389684787084,77.0
554.0,90.49918762129138,89.78488706472413,77.0
555.0,90.49918762129138,89.78587326540327,77.0
556.0,90.49918762129138,89.78685547617661,77.0
557.0,90.49918762129138,89.78783372308355,77.0
558.0,90.49918762129138,89.7888080319369,77.0
559.0,90.49918762129138,89.78977842832509,77.0
560.0,90.49918762129138,89.79074493761466,77.0
561.0,90.49918762129138,89.79170758495243,77.0
562.0,90.49918762129138,89.79266639526782,77.0
563.0,90.49918762129138,89.79362139327505,77.0
564.0,90.49918762129138,89.7945726034754,77.0
565.0,90.49918762129138,89.79552005015935,77.0
566.0,90.49918762129138,89.79646375740886,77.0
567.0,90.49918762129138,89.7974037490993,77.0
568.0,90.49918762129138,89.79834004890182,77.0
569.0,90.49918762129138,89.79927268028527,77.0
570.0,90.49918762129138,89.80020166651838,77.0
571.0,90.49918762129138,89.80112703067171,77.0
572.0,90.49918762129138,89.80204879561975,77.0
573.0,90.49918762129138,89.80296698404295,77.0
574.0,90.49918762129138,89.80388161842964,77.0
575.0,90.49918762129138,89.80479272107803,77.0
576.0,90.49918762129138,89.80570031409806,77.0
577.0,90.49918762129138,89.80660441941353,77.0
578.0,90.49918762129138,89.80750505876374,77.0
579.0,90.49918762129138,89.80840225370558,77.0
580.0,90.49918762129138,89.80929602561524,77.0
581.0,90.49918762129138,89.8101863956901,77.0
582.0,90.49918762129138,89.81107338495056,77.0
583.0,90.49918762129138,89.81195701424186,77.0
584.0,90.49918762129138,89.81283730423567,77.0
585.0,90.49918762129138,89.81371427543215,77.0
586.0,90.49918762129138,89.8145879481614,77.0
587.0,90.49918762129138,89.81545834258534,77.0
588.0,90.49918762129138,89.81632547869938,77.0
589.0,90.49918762129138,89.81718937633399,77.0
590.0,90.49918762129138,89.81805005515653,77.0
591.0,90.49918762129138,89.81890753467276,77.0
592.0,90.49918762129138,89.81976183422847,77.0
593.0,90.49918762129138,89.82061297301121,77.0
594.0,90.49918762129138,89.82146097005162,77.0
595.0,90.49918762129138,89.82230584422531,77.0
596.0,90.49918762129138,89.82314761425415,77.0
597.0,90.49918762129138,89.82398629870795,77.0
598.0,90.49918762129138,89.8248219160059,77.0
599.0,90.49918762129138,89.8256544844181,77.0
600.0,90.49918762129138,89.82648402206706,77.0
601.0,90.49918762129138,89.82731054692911,77.0
602.0,90.49918762129138,89.82813407683587,77.0
603.0,90.49918762129138,89.8289546294757,77.0
604.0,90.49918762129138,89.82977222239509,77.0
605.0,90.49918762129138,89.8305868730001,77.0
606.0,90.49918762129138,89.8313985985577,77.0
607.0,90.49918762129138,89.83220741619708,77.0
608.0,90.49918762129138,89.8330133429112,77.0
609.0,90.49918762129138,89.83381639555792,77.0
610.0,90.49918762129138,89.83461659086139,77.0
611.0,90.49918762129138,89.83541394541342,77.0
612.0,90.49918762129138,89.83620847567471,77.0
613.0,90.49918762129138,89.83700019797611,77.0
614.0,90.49918762129138,89.83778912851997,77.0
615.0,90.49918762129138,89.83857528338127,77.0
616.0,90.49918762129138,89.83935867850899,77.0
617.0,90.49918762129138,89.84013932972721,77.0
618.0,90.49918762129138,89.8409172527364,77.0
619.0,90.49918762129138,89.8416924631146,77.0
620.0,90.49918762129138,89.84246497631855,77.0
621.0,90.49918762129138,89.84323480768492,77.0
622.0,90.49918762129138,89.84400197243147,77.0
623.0,90.49918762129138,89.84476648565814,77.0
624.0,90.49918762129138,89.8455283623482,77.0
625.0,90.49918762129138,89.84628761736937,77.0
626.0,90.49918762129138,89.84704426547498,77.0
627.0,90.49918762129138,89.84779832130495,77.0
628.0,90.49918762129138,89.84854979938697,77.0
629.0,90.49918762129138,89.84929871413755,77.0
630.0,90.49918762129138,89.85004507986301,77.0
631.0,90.49918762129138,89.85078891076061,77.0
632.0,90.49918762129138,89.85153022091954,77.0
633.0,90.49918762129138,89.85226902432198,77.0
634.0,90.49918762129138,89.85300533484403,77.0
635.0,90.49918762129138,89.85373916625682,77.0
636.0,90.49918762129138,89.8544705322274,77.0
637.0,90.49918762129138,89.85519944631979,77.0
638.0,90.49918762129138,89.85592592199589,77.0
639.0,90.49918762129138,89.85664997261647,77.0
640.0,90.49918762129138,89.85737161144222,77.0
641.0,90.49918762129138,89.85809085163439,77.0
642.0,90.49918762129138,89.85880770625604,77.0
643.0,90.49918762129138,89.85952218827279,77.0
644.0,90.49918762129138,89.86023431055375,77.0
645.0,90.49918762129138,89.86094408587242,77.0
646.0,90.49918762129138,89.8616515269076,77.0
647.0,90.49918762129138,89.86235664624421,77.0
648.0,90.49918762129138,89.86305945637423,77.0
649.0,90.49918762129138,89.86375996969751,77.0
650.0,90.49918762129138,89.86445819852264,77.0
651.0,90.49918762129138,89.86515415506776,77.0
652.0,90.49918762129138,89.8658478514614,77.0
653.0,90.49918762129138,89.86653929974337,77.0
654.0,90.49918762129138,89.86722851186543,77.0
655.0,90.49918762129138,89.86791549969226,77.0
656.0,90.49918762129138,89.86860027500214,77.0
657.0,90.49918762129138,89.86928284948775,77.0
658.0,90.49918762129138,89.86996323475698,77.0
659.0,90.49918762129138,89.87064144233372,77.0
660.0,90.49918762129138,89.87131748365854,77.0
661.0,90.49918762129138,89.87199137008955,77.0
662.0,90.49918762129138,89.87266311290301,77.0
663.0,90.49918762129138,89.87333272329423,77.0
664.0,90.49918762129138,89.87400021237816,77.0
665.0,90.49918762129138,89.87466559119021,77.0
666.0,90.49918762129138,89.87532887068687,77.0
667.0,90.49918762129138,89.87599006174655,77.0
668.0,90.49918762129138,89.8766491751701,77.0
669.0,90.49918762129138,89.87730622168166,77.0
670.0,90.49918762129138,89.87796121192932,77.0
671.0,90.49918762129138,89.8786141564857,77.0
672.0,90.49918762129138,89.87926506584867,77.0
673.0,90.49918762129138,89.87991395044207,77.0
674.0,90.49918762129138,89.88056082061632,77.0
675.0,90.49918762129138,89.8812056866491,77.0
676.0,90.49918762129138,89.88184855874587,77.0
677.0,90.49918762129138,89.88248944704068,77.0
678.0,90.49918762129138,89.88312836159673,77.0
679.0,90.49918762129138,89.88376531240692,77.0
680.0,90.49918762129138,89.88440030939456,77.0
681.0,90.49918762129138,89.88503336241395,77.0
682.0,90.49918762129138,89.885664481251,77.0
683.0,90.49918762129138,89.88629367562378,77.0
684.0,90.49918762129138,89.88692095518313,77.0
685.0,90.49918762129138,89.88754632951331,77.0
686.0,90.49918762129138,89.88816980813247,77.0
687.0,90.49918762129138,89.88879140049332,77.0
688.0,90.49918762129138,89.88941111598358,77.0
689.0,90.49918762129138,89.89002896392672,77.0
690.0,90.49918762129138,89.89064495358234,77.0
691.0,90.49918762129138,89.89125909414679,77.0
692.0,90.49918762129138,89.89187139475376,77.0
693.0,90.49918762129138,89.89248186447472,77.0
694.0,90.49918762129138,89.89309051231953,77.0
695.0,90.49918762129138,89.89369734723697,77.0
696.0,90.49918762129138,89.89430237811519,77.0
697.0,90.49918762129138,89.8949056137823,77.0
698.0,90.49918762129138,89.89550706300683,77.0
699.0,90.49918762129138,89.8961067344983,77.0
700.0,90.49918762129138,89.89670463690764,77.0
701.0,90.49918762129138,89.89730077882777,77.0
702.0,90.49918762129138,89.897895168794,77.0
703.0,90.49918762129138,89.89848781528464,77.0
704.0,90.49918762129138,89.89907872672131,77.0
705.0,90.49918762129138,89.89966791146958,77.0
706.0,90.49918762129138,89.90025537783939,77.0
707.0,90.49918762129138,89.90084113408544,77.0
708.0,90.49918762129138,89.90142518840779,77.0
709.0,90.49918762129138,89.90200754895216,77.0
710.0,90.49918762129138,89.90258822381051,77.0
711.0,90.49918762129138,89.9031672210215,77.0
712.0,90.49918762129138,89.90374454857076,77.0
713.0,90.49918762129138,89.90432021439153,77.0
714.0,90.49918762129138,89.90489422636503,77.0
715.0,90.49918762129138,89.90546659232079,77.0
716.0,90.49918762129138,89.90603732003726,77.0
717.0,90.49918762129138,89.90660641724206,77.0
718.0,90.49918762129138,89.90717389161254,77.0
719.0,90.49918762129138,89.90773975077603,77.0
720.0,90.49918762129138,89.90830400231049,77.0
721.0,90.49918762129138,89.90886665374464,77.0
722.0,90.49918762129138,89.90942771255854,77.0
723.0,90.49918762129138,89.909987186184,77.0
724.0,90.49918762129138,89.91054508200486,77.0
725.0,90.49918762129138,89.91110140735745,77.0
726.0,90.49918762129138,89.91165616953096,77.0
727.0,90.49918762129138,89.91220937576786,77.0
728.0,90.49918762129138,89.91276103326422,77.0
729.0,90.49918762129138,89.91331114917016,77.0
730.0,90.49918762129138,89.91385973059009,77.0
731.0,90.49918762129138,89.91440678458326,77.0
732.0,90.49918762129138,89.91495231816397,77.0
733.0,90.49918762129138,89.91549633830199,77.0
734.0,90.49918762129138,89.91603885192295,77.0
735.0,90.49918762129138,89.91657986590869,77.0
736.0,90.49918762129138,89.91711938709747,77.0
737.0,90.49918762129138,89.91765742228459,77.0
738.0,90.49918762129138,89.91819397822242,77.0
739.0,90.49918762129138,89.91872906162101,77.0
740.0,90.49918762129138,89.91926267914825,77.0
741.0,90.49918762129138,89.9197948374303,77.0
742.0,90.49918762129138,89.92032554305187,77.0
743.0,90.49918762129138,89.92085480255662,77.0
744.0,90.49918762129138,89.92138262244737,77.0
745.0,90.49918762129138,89.92190900918652,77.0
746.0,90.49918762129138,89.92243396919628,77.0
747.0,90.49918762129138,89.92295750885911,77.0
748.0,90.49918762129138,89.92347963451797,77.0
749.0,90.49918762129138,89.92400035247655,77.0
750.0,90.49918762129138,89.92451966899971,77.0
751.0,90.49918762129138,89.92503759031368,77.0
752.0,90.49918762129138,89.92555412260647,77.0
753.0,90.49918762129138,89.926069272028,77.0
754.0,90.49918762129138,89.92658304469063,77.0
755.0,90.49918762129138,89.92709544666921,77.0
756.0,90.49918762129138,89.92760648400153,77.0
757.0,90.49918762129138,89.92811616268857,77.0
758.0,90.49918762129138,89.92862448869478,77.0
759.0,90.49918762129138,89.92913146794828,77.0
760.0,90.49918762129138,89.92963710634133,77.0
761.0,90.49918762129138,89.93014140973041,77.0
762.0,90.49918762129138,89.9306443839366,77.0
763.0,90.49918762129138,89.93114603474585,77.0
764.0,90.49918762129138,89.93164636790921,77.0
765.0,90.49918762129138,89.93214538914313,77.0
766.0,90.49918762129138,89.93264310412967,77.0
767.0,90.49918762129138,89.93313951851684,77.0
768.0,90.49918762129138,89.93363463791883,77.0
769.0,90.49918762129138,89.93412846791621,77.0
770.0,90.49918762129138,89.93462101405629,77.0
771.0,90.49918762129138,89.93511228185329,77.0
772.0,90.49918762129138,89.93560227678861,77.0
773.0,90.49918762129138,89.93609100431107,77.0
774.0,90.49918762129138,89.93657846983723,77.0
775.0,90.49918762129138,89.93706467875151,77.0
776.0,90.49918762129138,89.93754963640649,77.0
777.0,90.49918762129138,89.93803334812321,77.0
778.0,90.49918762129138,89.93851581919135,77.0
779.0,90.49918762129138,89.93899705486942,77.0
780.0,90.49918762129138,89.939477060385,77.0
781.0,90.49918762129138,89.93995584093511,77.0
782.0,90.49918762129138,89.9404334016863,77.0
783.0,90.49918762129138,89.94090974777487,77.0
784.0,90.49918762129138,89.9413848843072,77.0
785.0,90.49918762129138,89.94185881635985,77.0
786.0,90.49918762129138,89.94233154897988,77.0
787.0,90.49918762129138,89.94280308718503,77.0
788.0,90.49918762129138,89.9432734359639,77.0
789.0,90.49918762129138,89.94374260027625,77.0
790.0,90.49918762129138,89.94421058505313,77.0
791.0,90.49918762129138,89.94467739519712,77.0
792.0,90.49918762129138,89.94514303558253,77.0
793.0,90.49918762129138,89.94560751105568,77.0
794.0,90.49918762129138,89.946070826435,77.0
795.0,90.49918762129138,89.94653298651124,77.0
796.0,90.49918762129138,89.94699399604781,77.0
797.0,90.49918762129138,89.94745385978077,77.0
798.0,90.49918762129138,89.9479125824192,77.0
799.0,90.49918762129138,89.94837016864534,77.0
800.0,90.49918762129138,89.94882662311474,77.0
801.0,90.49918762129138,89.94928195045654,77.0
802.0,90.49918762129138,89.94973615527354,77.0
803.0,90.49918762129138,89.95018924214253,77.0
804.0,90.49918762129138,89.95064121561438,77.0
805.0,90.49918762129138,89.95109208021427,77.0
806.0,90.49918762129138,89.95154184044182,77.0
807.0,90.49918762129138,89.9519905007714,77.0
808.0,90.49918762129138,89.95243806565212,77.0
809.0,90.49918762129138,89.9528845395082,77.0
810.0,90.49918762129138,89.95332992673903,77.0
811.0,90.49918762129138,89.95377423171934,77.0
812.0,90.49918762129138,89.95421745879952,77.0
813.0,90.49918762129138,89.95465961230558,77.0
814.0,90.49918762129138,89.95510069653949,77.0
815.0,90.49918762129138,89.95554071577928,77.0
816.0,90.49918762129138,89.95597967427923,77.0
817.0,90.49918762129138,89.95641757627003,77.0
818.0,90.49918762129138,89.95685442595894,77.0
819.0,90.49918762129138,89.95729022752994,77.0
820.0,90.49918762129138,89.95772498514395,77.0
821.0,90.49918762129138,89.95815870293896,77.00000000000001
822.0,90.49918762129138,89.95859138503016,77.0
823.0,90.49918762129138,89.95902303551013,77.0
824.0,90.49918762129138,89.95945365844905,77.0
825.0,90.49918762129138,89.95988325789472,77.0
826.0,90.49918762129138,89.96031183787284,77.0
827.0,90.49918762129138,89.96073940238716,77.0
828.0,90.49918762129138,89.96116595541955,77.0
829.0,90.49918762129138,89.96159150093017,77.0
830.0,90.49918762129138,89.96201604285771,77.0
831.0,90.49918762129138,89.96243958511945,77.0
832.0,90.49918762129138,89.96286213161146,77.0
833.0,90.49918762129138,89.96328368620865,77.0
834.0,90.49918762129138,89.96370425276507,77.0
835.0,90.49918762129138,89.9641238351139,77.0
836.0,90.49918762129138,89.96454243706773,77.0
837.0,90.49918762129138,89.96496006241861,77.0
838.0,90.49918762129138,89.96537671493817,77.0
839.0,90.49918762129138,89.96579239837789,77.0
840.0,90.49918762129138,89.9662071164691,77.0
841.0,90.49918762129138,89.96662087292317,77.0
842.0,90.49918762129138,89.96703367143168,77.0
843.0,90.49918762129138,89.96744551566647,77.0
844.0,90.49918762129138,89.96785640927989,77.0
845.0,90.49918762129138,89.96826635590482,77.0
846.0,90.49918762129138,89.96867535915486,77.0
847.0,90.49918762129138,89.96908342262448,77.0
848.0,90.49918762129138,89.96949054988909,77.0
849.0,90.49918762129138,89.96989674450518,77.0
850.0,90.49918762129138,89.97030201001051,77.0
851.0,90.49918762129138,89.9707063499242,77.0
852.0,90.49918762129138,89.9711097677468,77.0
853.0,90.49918762129138,89.97151226696046,77.0
854.0,90.49918762129138,89.97191385102914,77.0
855.0,90.49918762129138,89.97231452339854,77.0
856.0,90.49918762129138,89.97271428749639,77.0
857.0,90.49918762129138,89.9731131467325,77.0
858.0,90.49918762129138,89.97351110449885,77.0
859.0,90.49918762129138,89.97390816416981,77.0
860.0,90.49918762129138,89.97430432910217,77.0
861.0,90.49918762129138,89.97469960263527,77.0
862.0,90.49918762129138,89.97509398809112,77.0
863.0,90.49918762129138,89.97548748877452,77.0
864.0,90.49918762129138,89.97588010797321,77.0
865.0,90.49918762129138,89.97627184895791,77.0
866.0,90.49918762129138,89.9766627149825,77.0
867.0,90.49918762129138,89.97705270928404,77.0
868.0,90.49918762129138,89.977441835083,77.0
869.0,90.49918762129138,89.97783009558333,77.0
870.0,90.49918762129138,89.97821749397244,77.0
871.0,90.49918762129138,89.97860403342153,77.0
872.0,90.49918762129138,89.97898971708551,77.0
873.0,90.49918762129138,89.97937454810324,77.0
874.0,90.49918762129138,89.9797585295975,77.0
875.0,90.49918762129138,89.98014166467522,77.0
876.0,90.49918762129138,89.98052395642749,77.0
877.0,90.49918762129138,89.98090540792974,77.0
878.0,90.49918762129138,89.98128602224179,77.0
879.0,90.49918762129138,89.98166580240795,77.0
880.0,90.49918762129138,89.9820447514572,77.0
881.0,90.49918762129138,89.98242287240308,77.0
882.0,90.49918762129138,89.9828001682441,77.0
883.0,90.49918762129138,89.98317664196357,77.0
884.0,90.49918762129138,89.98355229652984,77.0
885.0,90.49918762129138,89.98392713489632,77.0
886.0,90.49918762129138,89.98430116000164,77.0
887.0,90.49918762129138,89.9846743747697,77.0
888.0,90.49918762129138,89.98504678210978,77.0
889.0,90.49918762129138,89.98541838491664,77.0
890.0,90.49918762129138,89.98578918607058,77.0
891.0,90.49918762129138,89.9861591884376,77.0
892.0,90.49918762129138,89.98652839486941,77.0
893.0,90.49918762129138,89.98689680820355,77.0
894.0,90.49918762129138,89.98726443126353,77.0
895.0,90.49918762129138,89.98763126685887,77.0
896.0,90.49918762129138,89.98799731778512,77.0
897.0,90.49918762129138,89.98836258682414,77.0
898.0,90.49918762129138,89.98872707674397,77.0
899.0,90.49918762129138,89.98909079029909,77.0
900.0,90.49918762129138,89.9894537302304,77.0
901.0,90.49918762129138,89.98981589926527,77.0
902.0,90.49918762129138,89.99017730011782,77.0
903.0,90.49918762129138,89.99053793548882,77.0
904.0,90.49918762129138,89.99089780806578,77.0
905.0,90.49918762129138,89.99125692052317,77.0
906.0,90.49918762129138,89.9916152755223,77.0
907.0,90.49918762129138,89.99197287571164,77.0
908.0,90.49918762129138,89.99232972372667,77.0
909.0,90.49918762129138,89.99268582219015,77.0
910.0,90.49918762129138,89.99304117371204,77.0
911.0,90.49918762129138,89.99339578088968,77.0
912.0,90.49918762129138,89.99374964630789,77.0
913.0,90.49918762129138,89.99410277253892,77.0
914.0,90.49918762129138,89.99445516214263,77.0
915.0,90.49918762129138,89.99480681766657,77.0
916.0,90.49918762129138,89.99515774164603,77.0
917.0,90.49918762129138,89.99550793660407,77.0
918.0,90.49918762129138,89.99585740505168,77.0
919.0,90.49918762129138,89.99620614948779,77.0
920.0,90.49918762129138,89.99655417239937,77.0
921.0,90.49918762129138,89.99690147626151,77.0
922.0,90.49918762129138,89.9972480635375,77.0
923.0,90.49918762129138,89.9975939366788,77.0
924.0,90.49918762129138,89.99793909812533,77.0
925.0,90.49918762129138,89.99828355030527,77.00000000000001
926.0,90.49918762129138,89.99862729563539,77.0
927.0,90.49918762129138,89.9989703365209,77.0
928.0,90.49918762129138,89.99931267535567,77.0
929.0,90.49918762129138,89.99965431452219,77.0
930.0,90.49918762129138,89.99999525639178,77.0
931.0,90.49918762129138,90.00033550332452,77.0
932.0,90.49918762129138,90.00067505766938,77.0
933.0,90.49918762129138,90.00101392176427,77.0
934.0,90.49918762129138,90.00135209793612,77.0
935.0,90.49918762129138,90.00168958850091,77.0
936.0,90.49918762129138,90.0020263957638,77.0
937.0,90.49918762129138,90.00236252201918,77.0
938.0,90.49918762129138,90.00269796955067,77.0
939.0,90.49918762129138,90.00303274063123,77.0
940.0,90.49918762129138,90.00336683752323,77.0
941.0,90.49918762129138,90.00370026247852,77.0
942.0,90.49918762129138,90.00403301773845,77.0
943.0,90.49918762129138,90.00436510553398,77.0
944.0,90.49918762129138,90.00469652808574,77.0
945.0,90.49918762129138,90.00502728760402,77.0
946.0,90.49918762129138,90.00535738628892,77.0
947.0,90.49918762129138,90.00568682633039,77.0
948.0,90.49918762129138,90.00601560990823,77.0
949.0,90.49918762129138,90.00634373919222,77.0
950.0,90.49918762129138,90.00667121634214,77.0
951.0,90.49918762129138,90.00699804350786,77.0
952.0,90.49918762129138,90.00732422282937,77.0
953.0,90.49918762129138,90.00764975643685,77.0
954.0,90.49918762129138,90.00797464645072,77.0
955.0,90.49918762129138,90.00829889498172,77.0
956.0,90.49918762129138,90.0086225041309,77.0
957.0,90.49918762129138,90.0089454759898,77.0
958.0,90.49918762129138,90.00926781264039,77.0
959.0,90.49918762129138,90.00958951615513,77.0
960.0,90.49918762129138,90.00991058859717,77.0
961.0,90.49918762129138,90.01023103202016,77.0
962.0,90.49918762129138,90.01055084846854,77.0
963.0,90.49918762129138,90.01087003997746,77.0
964.0,90.49918762129138,90.01118860857291,77.0
965.0,90.49918762129138,90.01150655627164,77.0
966.0,90.49918762129138,90.01182388508138,77.0
967.0,90.49918762129138,90.01214059700081,77.0
968.0,90.49918762129138,90.01245669401956,77.0
969.0,90.49918762129138,90.01277217811845,77.0
970.0,90.49918762129138,90.01308705126925,77.0
971.0,90.49918762129138,90.01340131543502,77.0
972.0,90.49918762129138,90.01371497256994,77.0
973.0,90.49918762129138,90.01402802461955,77.0
974.0,90.49918762129138,90.01434047352063,77.0
975.0,90.49918762129138,90.01465232120134,77.0
976.0,90.49918762129138,90.01496356958124,77.0
977.0,90.49918762129138,90.01527422057146,77.0
978.0,90.49918762129138,90.01558427607442,77.0
979.0,90.49918762129138,90.01589373798436,77.0
980.0,90.49918762129138,90.01620260818692,77.0
981.0,90.49918762129138,90.01651088855945,77.0
982.0,90.49918762129138,90.01681858097112,77.0
983.0,90.49918762129138,90.01712568728264,77.0
984.0,90.49918762129138,90.01743220934671,77.0
985.0,90.49918762129138,90.01773814900777,77.0
986.0,90.49918762129138,90.0180435081021,77.0
987.0,90.49918762129138,90.01834828845803,77.0
988.0,90.49918762129138,90.0186524918958,77.0
989.0,90.49918762129138,90.01895612022768,77.0
990.0,90.49918762129138,90.01925917525804,77.0
991.0,90.49918762129138,90.01956165878329,77.0
992.0,90.49918762129138,90.01986357259207,77.0
993.0,90.49918762129138,90.02016491846521,77.0
994.0,90.49918762129138,90.02046569817573,77.0
995.0,90.49918762129138,90.02076591348899,77.0
996.0,90.49918762129138,90.02106556616265,77.0
997.0,90.49918762129138,90.02136465794675,77.0
998.0,90.49918762129138,90.02166319058377,77.0
999.0,90.49918762129138,90.0219611658086,77.0
1000.0,90.49918762129138,90.02225858534867,77.0
1001.0,90.49918762129138,90.02255545092392,77.0
1002.0,90.49918762129138,90.0228517642469,77.0
1003.0,90.49918762129138,90.02314752702273,77.0
1004.0,90.49918762129138,90.02344274094926,77.0
1005.0,90.49918762129138,90.02373740771704,77.0
1006.0,90.49918762129138,90.02403152900925,77.0
1007.0,90.49918762129138,90.024325106502,77.0
1008.0,90.49918762129138,90.02461814186415,77.0
1009.0,90.49918762129138,90.02491063675743,77.0
1010.0,90.49918762129138,90.02520259283646,77.0
1011.0,90.49918762129138,90.02549401174882,77.0
1012.0,90.49918762129138,90.02578489513508,77.0
1013.0,90.49918762129138,90.02607524462879,77.0
1014.0,90.49918762129138,90.02636506185654,77.0
1015.0,90.49918762129138,90.02665434843811,77.0
1016.0,90.49918762129138,90.0269431059863,77.0
1017.0,90.49918762129138,90.02723133610714,77.0
1018.0,90.49918762129138,90.02751904039982,77.0
1019.0,90.49918762129138,90.02780622045684,77.0
1020.0,90.49918762129138,90.0280928778639,77.0
1021.0,90.49918762129138,90.02837901420007,77.0
1022.0,90.49918762129138,90.02866463103773,77.0
1023.0,90.49918762129138,90.02894972994267,77.0
1024.0,90.49918762129138,90.02923431247409,77.0
1025.0,90.49918762129138,90.02951838018467,77.0
1026.0,90.49918762129138,90.02980193462056,77.0
1027.0,90.49918762129138,90.03008497732142,77.0
1028.0,90.49918762129138,90.03036750982052,77.0
1029.0,90.49918762129138,90.0306495336447,77.0
1030.0,90.49918762129138,90.03093105031442,77.0
1031.0,90.49918762129138,90.03121206134378,77.0
1032.0,90.49918762129138,90.03149256824065,77.0
1033.0,90.49918762129138,90.0317725725066,77.0
1034.0,90.49918762129138,90.03205207563693,77.0
1035.0,90.49918762129138,90.03233107912078,77.0
1036.0,90.49918762129138,90.0326095844411,77.0
1037.0,90.49918762129138,90.03288759307472,77.0
1038.0,90.49918762129138,90.03316510649236,77.0
1039.0,90.49918762129138,90.03344212615866,77.0
1040.0,90.49918762129138,90.0337186535322,77.0
1041.0,90.49918762129138,90.03399469006561,77.0
1042.0,90.49918762129138,90.03427023720549,77.0
1043.0,90.49918762129138,90.03454529639255,77.0
1044.0,90.49918762129138,90.03481986906152,77.0
