"tick","donation-big group","donation-small","donation-normed-big","donation-normed-small","donation-valued-big","donation-valued-small"
1.0,94.99935606060606,94.999375,92.5,92.5,95.0,95.0
2.0,94.9987121212121,94.99875,92.5,92.5,95.0,95.0
3.0,94.99806818181817,94.998125,92.5,92.5,95.0,95.0
4.0,94.99742424242423,94.9975,92.5,92.5,95.0,95.0
5.0,94.9971478120062,94.99723169988839,92.5,92.5,95.0,95.0
6.0,94.99193120710876,94.99216852454677,92.5,92.5,95.0,95.0
7.0,94.97775100480987,94.97840538702134,92.5,92.5,95.0,95.0
8.0,94.93920521857682,94.94099330038338,92.5,92.5,95.0,95.0
9.0,94.83442690829588,94.83929670511071,92.5,92.5,95.0,95.0
10.0,94.5596921220563,94.57264235376053,92.5,92.5,95.0,95.0
11.0,94.55021563855385,94.5634445903611,92.5,92.5,95.0,95.0
12.0,94.54194989727696,94.55542195912176,92.5,92.5,95.0,95.0
13.0,94.53465726014825,94.5483438113204,92.5,92.5,95.0,95.0
14.0,94.52816064820117,94.54203827619526,92.5,92.5,95.0,95.0
15.0,94.52232504264022,94.53637430609197,92.5,92.5,95.0,95.0
16.0,94.51704545454545,94.53125,92.5,92.5,95.0,95.0
17.0,94.51223884945522,94.5265847656477,92.5,92.5,95.0,95.0
18.0,94.50783857676986,94.5223139127472,92.5,92.5,95.0,95.0
19.0,94.50379043468938,94.5183848336691,92.5,92.5,95.0,95.0
20.0,94.50004983188445,94.51475424859373,92.5,92.5,95.0,95.0
21.0,94.49657970204589,94.5113861813975,92.5,92.5,95.0,95.0
22.0,94.49334894613808,94.50825044772225,92.5,92.5,95.0,95.0
23.0,94.49033125147615,94.50532150878567,92.5,92.5,95.0,95.0
24.0,94.48750418442967,94.50257759076996,92.5,92.5,95.0,95.0
25.0,94.48484848484848,94.5,92.5,92.5,95.0,95.0
26.0,94.48234751126323,94.49757258446137,92.5,92.5,95.0,95.0
27.0,94.47998680020486,94.49528130608118,92.5,92.5,95.0,95.0
28.0,94.47775371290071,94.49311389781538,92.5,92.5,95.0,95.0
29.0,94.4756371495837,94.49105958636065,92.5,92.5,95.0,95.0
30.0,94.4736273166362,94.4891088661469,92.5,92.5,95.0,95.0
31.0,94.47171553539603,94.48725331376673,92.5,92.5,95.0,95.0
32.0,94.4698940840925,94.48548543456039,92.5,92.5,95.0,95.0
33.0,94.46815606633508,94.48379853497231,92.5,92.5,95.0,95.0
34.0,94.46649530103873,94.48218661571407,92.5,92.5,95.0,95.0
35.0,94.46490622977562,94.48064428184107,92.5,92.5,95.0,95.0
36.0,94.46338383838383,94.47916666666667,92.5,92.5,95.0,95.0
37.0,94.46192359031026,94.47774936706585,92.5,92.5,95.0,95.0
38.0,94.46052136966752,94.47638838820673,92.5,92.5,95.0,95.0
39.0,94.45917343237447,94.47508009612818,92.5,92.5,95.0,95.0
40.0,94.45787636405845,94.47382117688026,92.5,92.5,95.0,95.0
41.0,94.45662704364038,94.47260860118038,92.5,92.5,95.0,95.0
42.0,94.45542261171802,94.4714395937263,92.5,92.5,95.0,95.0
43.0,94.45426044301723,94.47031160645787,92.5,92.5,95.0,95.0
44.0,94.45313812230722,94.46922229518054,92.5,92.5,95.0,95.0
45.0,94.4520534232765,94.4681694990625,92.5,92.5,95.0,95.0
46.0,94.45100428994824,94.46715122259681,92.5,92.5,95.0,95.0
47.0,94.44998882028273,94.46616561968618,92.5,92.5,95.0,95.0
48.0,94.44900525166878,94.46521097956088,92.5,92.5,95.0,95.0
49.0,94.4562485533441,94.57087509252653,92.49588809889305,92.4465210979561,95.0,95.0
50.0,94.45529636784086,94.56960372031457,92.49588809889305,92.4465210979561,95.0,95.0
51.0,94.45437110246263,94.56835356749528,92.49588809889305,92.4465210979561,95.0,95.0
52.0,94.45347145664772,94.56712360891999,92.49588809889305,92.4465210979561,95.0,95.0
53.0,94.45261985839275,94.56622876884425,92.49588809889305,92.4465210979561,95.0,95.0
54.0,94.45147372335741,94.5611060914476,92.49588809889305,92.4465210979561,95.0,95.0
55.0,94.44977315767683,94.54829652595592,92.49588809889305,92.4465210979561,95.0,95.0
56.0,94.44652633861027,94.51456096917084,92.49588809889305,92.4465210979561,95.0,95.0
57.0,94.43903898508583,94.423913204717,92.49588809889305,92.4465210979561,95.0,95.0
58.0,94.4206375426357,94.18719971111675,92.49588809889305,92.4465210979561,95.0,95.0
59.0,94.41931903414442,94.17849572139718,92.49588809889305,92.4465210979561,95.0,95.0
60.0,94.41809621061219,94.1708464169358,92.49588809889305,92.4465210979561,95.0,95.0
61.0,94.4169530521197,94.16404696570768,92.49588809889305,92.4465210979561,95.0,95.0
62.0,94.41587747609681,94.15794462018877,92.49588809889305,92.4465210979561,95.0,95.0
63.0,94.41486014428814,94.15242281479718,92.49588809889305,92.4465210979561,95.0,95.0
64.0,94.41389368611009,94.14739082346708,92.49588809889305,92.4465210979561,95.0,95.0
65.0,94.41297217666127,94.14277681670234,92.49588809889305,92.4465210979561,95.0,95.0
66.0,94.41209077607863,94.13852307173872,92.49588809889305,92.4465210979561,95.0,95.0
67.0,94.41124547429742,94.13458258862852,92.49588809889305,92.4465210979561,95.0,95.0
68.0,94.41043290653518,94.13091664912338,92.49588809889305,92.4465210979561,95.0,95.0
69.0,94.40965021736308,94.12749302279312,92.49588809889305,92.4465210979561,95.0,95.0
70.0,94.40889495886448,94.1242846268263,92.49588809889305,92.4465210979561,95.0,95.0
71.0,94.40816501316193,94.12126850981842,92.49588809889305,92.4465210979561,95.0,95.0
72.0,94.40745853266169,94.11842507083858,92.49588809889305,92.4465210979561,95.0,95.0
73.0,94.40677389338065,94.11573745196294,92.49588809889305,92.4465210979561,95.0,95.0
74.0,94.40610965806799,94.11319106047736,92.49588809889305,92.4465210979561,95.0,95.0
75.0,94.405464546756,94.110773189237,92.49588809889305,92.4465210979561,95.0,95.0
76.0,94.40483741301145,94.1084727121901,92.49588809889305,92.4465210979561,95.0,95.0
77.0,94.40422722461007,94.10627983807481,92.49588809889305,92.4465210979561,95.0,95.0
78.0,94.40363304767646,94.10418590958088,92.49588809889305,92.4465210979561,95.0,95.0
79.0,94.40305403356615,94.10218323836943,92.49588809889305,92.4465210979561,95.0,95.0
80.0,94.40248940793481,94.10026496861332,92.49588809889305,92.4465210979561,95.0,95.0
81.0,94.40193846156808,94.09842496340038,92.49588809889305,92.4465210979561,95.0,95.0
82.0,94.40140054263809,94.09665770960028,92.49588809889305,92.4465210979561,95.0,95.0
83.0,94.40087505012458,94.09495823774391,92.49588809889305,92.4465210979561,95.0,95.0
84.0,94.40036142819469,94.09332205418907,92.49588809889305,92.4465210979561,95.0,95.0
85.0,94.39985916137407,94.09174508340166,92.49588809889305,92.4465210979561,95.0,95.0
86.0,94.39936777037855,94.09022361861328,92.49588809889305,92.4465210979561,95.0,95.0
87.0,94.3988868084972,94.08875427945233,92.49588809889305,92.4465210979561,95.0,95.0
88.0,94.39841585844032,94.08733397541039,92.49588809889305,92.4465210979561,95.0,95.0
89.0,94.39795452958052,94.08595987421458,92.49588809889305,92.4465210979561,95.0,95.0
90.0,94.39750245552813,94.08462937434427,92.49588809889305,92.4465210979561,95.0,95.0
91.0,94.39705929199143,94.08334008106314,92.49588809889305,92.4465210979561,95.0,95.0
92.0,94.39662471488246,94.0820897854457,92.49588809889305,92.4465210979561,95.0,95.0
93.0,94.39619841863343,94.08087644596476,92.49588809889305,92.4465210979561,95.0,95.0
94.0,94.39578011469526,94.07969817227685,92.49588809889305,92.4465210979561,95.0,95.0
95.0,94.39536953019524,94.07855321090123,92.49588809889305,92.4465210979561,95.0,95.0
96.0,94.39496640673194,94.07743993253554,92.49588809889305,92.4465210979561,95.0,95.0
97.0,94.39457049929156,94.07635682079048,92.49588809889305,92.4465210979561,95.0,95.0
98.0,94.3941815752697,94.0753024621595,92.49588809889305,92.4465210979561,95.0,95.0
99.0,94.39379941358683,94.07427553706522,92.49588809889305,92.4465210979561,95.0,95.0
100.0,94.39342380388585,94.07327481184866,92.49588809889305,92.4465210979561,95.0,95.0
101.0,94.39305454580267,94.07229913158504,92.49588809889305,92.4465210979561,95.0,95.0
102.0,94.3926914483017,94.07134741362734,92.49588809889305,92.4465210979561,95.0,95.0
103.0,94.39233432906892,94.07041864179116,92.49588809889305,92.4465210979561,95.0,95.0
104.0,94.39198301395662,94.06951186110692,92.49588809889305,92.4465210979561,95.0,95.0
105.0,94.39163733647416,94.0686261730745,92.49588809889305,92.4465210979561,95.0,95.0
106.0,94.39129713732036,94.06776073136446,92.49588809889305,92.4465210979561,95.0,95.0
107.0,94.390962263953,94.06691473791633,92.49588809889305,92.4465210979561,95.0,95.0
108.0,94.39063257019174,94.06608743939168,92.49588809889305,92.4465210979561,95.0,95.0
109.0,94.39030791585188,94.06527812394354,92.49588809889305,92.4465210979561,95.0,95.0
110.0,94.38998816640499,94.06448611826987,92.49588809889305,92.4465210979561,95.0,95.0
111.0,94.38967319266524,94.0637107849213,92.49588809889305,92.4465210979561,95.0,95.0
112.0,94.38936287049744,94.06295151983774,92.49588809889305,92.4465210979561,95.0,95.0
113.0,94.38905708054662,94.062207750091,92.49588809889305,92.4465210979561,95.0,95.0
114.0,94.38875570798585,94.06147893181335,92.49588809889305,92.4465210979561,95.0,95.0
115.0,94.38845864228165,94.06076454829375,92.49588809889305,92.4465210979561,95.0,95.0
116.0,94.38816577697482,94.06006410822617,92.49588809889305,92.4465210979561,95.0,95.0
117.0,94.38787700947597,94.05937714409572,92.49588809889305,92.4465210979561,95.0,95.0
118.0,94.38759224087427,94.0587032106896,92.49588809889305,92.4465210979561,95.0,95.0
119.0,94.38731137575832,94.0580418837218,92.49588809889305,92.4465210979561,95.0,95.0
120.0,94.3870343220483,94.05739275856133,92.49588809889305,92.4465210979561,95.0,95.0
121.0,94.38676099083855,94.0567554490547,92.49588809889305,92.4465210979561,95.0,95.0
122.0,94.38649129624969,94.05612958643448,92.49588809889305,92.4465210979561,95.0,95.0
123.0,94.38622515528944,94.05551481830662,92.49588809889305,92.4465210979561,95.0,95.0
124.0,94.38596248772208,94.05491080770992,92.49588809889305,92.4465210979561,95.0,95.0
125.0,94.38570321594487,94.05431723224126,92.49588809889305,92.4465210979561,95.0,95.0
126.0,94.38544726487221,94.05373378324161,92.49588809889305,92.4465210979561,95.0,95.0
127.0,94.38519456182576,94.05316016503764,92.49588809889305,92.4465210979561,95.0,95.0
128.0,94.38494503643116,94.05259609423436,92.49588809889305,92.4465210979561,95.0,95.0
129.0,94.3846986205201,94.05204129905503,92.49588809889305,92.4465210979561,95.0,95.0
130.0,94.38445524803785,94.05149551872438,92.49588809889305,92.4465210979561,95.0,95.0
131.0,94.38421485495553,94.0509585028919,92.49588809889305,92.4465210979561,95.0,95.0
132.0,94.38397737918754,94.05043001109209,92.49588809889305,92.4465210979561,95.0,95.0
133.0,94.38374276051249,94.04990981223897,92.49588809889305,92.4465210979561,95.0,95.0
134.0,94.38351094049898,94.04939768415214,92.49588809889305,92.4465210979561,95.0,95.0
135.0,94.38328186243452,94.04889341311224,92.49588809889305,92.4465210979561,95.0,95.0
136.0,94.3830554712585,94.04839679344346,92.49588809889305,92.4465210979561,95.0,95.0
137.0,94.38283171349835,94.0479076271214,92.49588809889305,92.4465210979561,95.0,95.0
138.0,94.38261053720844,94.0474257234043,92.49588809889305,92.4465210979561,95.0,95.0
139.0,94.38239189191262,94.0469508984859,92.49588809889305,92.4465210979561,95.0,95.0
140.0,94.3821757285489,94.04648297516883,92.49588809889305,92.4465210979561,95.0,95.0
141.0,94.38196199941721,94.04602178255661,92.49588809889305,92.4465210979561,95.0,95.0
142.0,94.38175065812925,94.04556715576334,92.49588809889305,92.4465210979561,95.0,95.0
143.0,94.38154165956091,94.04511893563974,92.49588809889305,92.4465210979561,95.0,95.0
144.0,94.3813349598067,94.04467696851457,92.49588809889305,92.4465210979561,95.0,95.0
145.0,94.3811305161364,94.04424110595022,92.49588809889305,92.4465210979561,95.0,95.0
146.0,94.38092828695352,94.04381120451177,92.49588809889305,92.4465210979561,95.0,95.0
147.0,94.38072823175573,94.04338712554843,92.49588809889305,92.4465210979561,95.0,95.0
148.0,94.38053031109685,94.04296873498683,92.49588809889305,92.4465210979561,95.0,95.0
149.0,94.3803344865508,94.04255590313508,92.49588809889305,92.4465210979561,95.0,95.0
150.0,94.38014072067664,94.0421485044973,92.49588809889305,92.4465210979561,95.0,95.0
151.0,94.37994897698557,94.04174641759765,92.49588809889305,92.4465210979561,95.0,95.0
152.0,94.37975921990923,94.04134952481347,92.49588809889305,92.4465210979561,95.0,95.0
153.0,94.37957141476875,94.04095771221682,92.49588809889305,92.4465210979561,95.0,95.0
154.0,94.37938552774621,94.04057086942419,92.49588809889305,92.4465210979561,95.0,95.0
155.0,94.37920152585606,94.04018888945349,92.49588809889305,92.4465210979561,95.0,95.0
156.0,94.3790193769186,94.03981166858833,92.49588809889305,92.4465210979561,95.0,95.0
157.0,94.37883904953397,94.03943910624876,92.49588809889305,92.4465210979561,95.0,95.0
158.0,94.37866051305765,94.03907110486844,92.49588809889305,92.4465210979561,95.0,95.0
159.0,94.3784837375765,94.03870756977753,92.49588809889305,92.4465210979561,95.0,95.0
160.0,94.37830869388588,94.03834840909138,92.49588809889305,92.4465210979561,95.0,95.0
161.0,94.37813535346797,94.03799353360432,92.49588809889305,92.4465210979561,95.0,95.0
162.0,94.3779636884703,94.03764285668842,92.49588809889305,92.4465210979561,95.0,95.0
163.0,94.37779367168582,94.03729629419703,92.49588809889305,92.4465210979561,95.0,95.0
164.0,94.37762527653314,94.0369537643727,92.49588809889305,92.4465210979561,95.0,95.0
165.0,94.37745847703778,94.03661518775922,92.49588809889305,92.4465210979561,95.0,95.0
166.0,94.37729324781428,94.0362804871178,92.49588809889305,92.4465210979561,95.0,95.0
167.0,94.37712956404843,94.03594958734683,92.49588809889305,92.4465210979561,95.0,95.0
168.0,94.37696740148083,94.03562241540538,92.49588809889305,92.4465210979561,95.0,95.0
169.0,94.3768067363906,94.0352989002398,92.49588809889305,92.4465210979561,95.0,95.0
170.0,94.37664754557977,94.03497897271379,92.49588809889305,92.4465210979561,95.0,95.0
171.0,94.37648980635831,94.03466256554138,92.49588809889305,92.4465210979561,95.0,95.0
172.0,94.37633349652961,94.03434961322276,92.49588809889305,92.4465210979561,95.0,95.0
173.0,94.3761785943766,94.03404005198286,92.49588809889305,92.4465210979561,95.0,95.0
174.0,94.37602507864815,94.03373381971257,92.49588809889305,92.4465210979561,95.0,95.0
175.0,94.37587292854623,94.03343085591231,92.49588809889305,92.4465210979561,95.0,95.0
176.0,94.37572212371312,94.03313110163818,92.49588809889305,92.4465210979561,95.0,95.0
177.0,94.37557264421946,94.03283449944989,92.49588809889305,92.4465210979561,95.0,95.0
178.0,94.3754244705526,94.03254099336138,92.49588809889305,92.4465210979561,95.0,95.0
179.0,94.375277583605,94.03225052879289,92.49588809889305,92.4465210979561,95.0,95.0
180.0,94.37513196466364,94.03196305252547,92.49588809889305,92.4465210979561,95.0,95.0
181.0,94.37498759539905,94.0316785126568,92.49588809889305,92.4465210979561,95.0,95.0
182.0,94.3748444578556,94.03139685855926,92.49588809889305,92.4465210979561,95.0,95.0
183.0,94.37470253444117,94.03111804083923,92.49588809889305,92.4465210979561,95.0,95.0
184.0,94.37456180791784,94.03084201129819,92.49588809889305,92.4465210979561,95.0,95.0
185.0,94.37442226139244,94.03056872289537,92.49588809889305,92.4465210979561,95.0,95.0
186.0,94.37428387830779,94.03029812971164,92.49588809889305,92.4465210979561,95.0,95.0
187.0,94.37414664243416,94.03003018691496,92.49588809889305,92.4465210979561,95.0,95.0
188.0,94.37401053786031,94.02976485072705,92.49588809889305,92.4465210979561,95.0,95.0
189.0,94.37387554898608,94.02950207839136,92.49588809889305,92.4465210979561,95.0,95.0
190.0,94.37374166051407,94.02924182814216,92.49588809889305,92.4465210979561,95.0,95.0
191.0,94.37360885744212,94.02898405917487,92.49588809889305,92.4465210979561,95.0,95.0
192.0,94.37347712505598,94.02872873161743,92.49588809889305,92.4465210979561,95.0,95.0
193.0,94.37334644892218,94.02847580650268,92.49588809889305,92.4465210979561,95.0,95.0
194.0,94.37321681488096,94.02822524574184,92.49588809889305,92.4465210979561,95.0,95.0
195.0,94.3730882090397,94.02797701209889,92.49588809889305,92.4465210979561,95.0,95.0
196.0,94.37296061776627,94.02773106916581,92.49588809889305,92.4465210979561,95.0,95.0
197.0,94.37283402768273,94.02748738133887,92.49588809889305,92.4465210979561,95.0,95.0
198.0,94.37270842565935,94.02724591379547,92.49588809889305,92.4465210979561,95.0,95.0
199.0,94.37258379880844,94.02700663247217,92.49588809889305,92.4465210979561,95.0,95.0
200.0,94.37246013447862,94.02676950404313,92.49588809889305,92.4465210979561,95.0,95.0
