"tick","donation-normed-big","donation-big group","donation-valued-big"
1.0,25.0,33.962581595302716,95.0
2.0,25.0,33.89000889001335,95.0
3.0,25.0,33.81917103688195,95.0
4.0,25.0,33.75,95.0
5.0,25.0,33.682431421244544,95.0
6.0,25.0,33.61640436855328,95.0
7.0,25.0,33.551861104941345,95.0
8.0,25.0,33.48874687627169,95.0
9.0,25.0,33.427009716003816,95.0
10.0,25.0,33.366600265340765,95.0
11.0,25.0,33.307471607356995,95.0
12.0,25.0,33.249579113843076,95.0
13.0,25.0,33.19288030372916,95.0
14.0,25.0,33.13733471206734,95.0
15.0,25.0,33.08290376865473,95.0
16.0,25.0,33.02955068546969,95.0
17.0,25.0,32.97724035217468,95.0
18.0,25.0,32.9259392390122,95.0
19.0,25.0,32.875615306482146,95.0
20.0,25.0,32.82623792124924,95.0
21.0,25.0,32.77777777777781,95.0
22.0,25.0,32.73020682523928,95.0
23.0,25.0,32.68349819927834,95.0
24.0,25.0,32.637626158259756,95.0
25.0,25.0,32.59256602365298,95.0
26.0,25.0,32.54829412424071,95.0
27.0,25.0,32.50478774386458,95.0
28.0,25.0,32.46202507244635,95.0
29.0,25.0,32.41998516004448,95.0
30.0,25.0,32.37864787372625,95.0
31.0,25.0,32.337993857053405,95.0
32.0,25.0,32.29800449199759,95.0
33.0,25.0,32.25866186311299,95.0
34.0,25.0,32.219948723811534,95.0
35.0,25.0,32.18184846459606,95.0
36.0,25.0,32.144345083117585,95.0
37.0,25.0,32.107423155935315,95.0
38.0,25.0,32.07106781186551,95.0
39.0,25.0,32.035264706814516,95.0
40.0,25.0,32.0,95.0
41.0,25.0,31.965260331469903,95.0
42.0,25.0,31.931032800836707,95.0
43.0,25.0,31.897304947150072,95.0
44.0,25.0,31.864064729836418,95.0
45.0,25.0,31.831300510639725,95.0
46.0,25.0,31.799001036500844,95.0
47.0,25.0,31.767155423319608,95.0
48.0,25.0,31.73575314054567,95.0
49.0,25.132073590991087,31.181685011383184,93.23529411764706
50.0,25.132073590991087,31.152262308671332,93.23529411764706
51.0,25.132073590991087,31.123245211231275,93.23529411764706
52.0,25.132073590991087,31.094624645012452,93.23529411764706
53.0,25.132073590991087,31.066092628935348,93.23529411764706
54.0,25.132073590991087,31.041961621268715,93.23529411764706
55.0,25.132073590991087,31.025498824920195,93.23529411764706
56.0,25.132073590991087,31.029234970532958,93.23529411764706
57.0,25.132073590991087,31.08724612271308,93.23529411764706
58.0,25.132073590991087,31.283966312089124,93.23529411764706
59.0,25.132073590991087,31.265080278876724,93.23529411764706
60.0,25.132073590991087,31.245541788540212,93.23529411764706
61.0,25.132073590991087,31.22553740324936,93.23529411764706
62.0,25.132073590991087,31.20520458238346,93.23529411764706
63.0,25.132073590991087,31.184646735229514,93.23529411764706
64.0,25.132073590991087,31.16394300788754,93.23529411764706
65.0,25.132073590991087,31.143154850818743,93.23529411764706
66.0,25.132073590991087,31.122330547511837,93.23529411764706
67.0,25.132073590991087,31.10150841193857,93.23529411764706
68.0,25.132073590991087,31.08071909342094,93.23529411764706
69.0,25.132073590991087,31.059987268829662,93.23529411764706
70.0,25.132073590991087,31.03933290541438,93.23529411764706
71.0,25.132073590991087,31.018772217086905,93.23529411764706
72.0,25.132073590991087,30.998318398158233,93.23529411764706
73.0,25.132073590991087,30.97798219305643,93.23529411764706
74.0,25.132073590991087,30.95777234349194,93.23529411764706
75.0,25.132073590991087,30.937695942902106,93.23529411764706
76.0,25.132073590991087,30.917758719937282,93.23529411764706
77.0,25.132073590991087,30.897965267069793,93.23529411764706
78.0,25.132073590991087,30.878319226348722,93.23529411764706
79.0,25.132073590991087,30.85882344138849,93.23529411764706
80.0,25.132073590991087,30.839480082530844,93.23529411764706
81.0,25.132073590991087,30.820290750527676,93.23529411764706
82.0,25.132073590991087,30.801256562903234,93.23529411764706
83.0,25.132073590991087,30.782378226255037,93.23529411764706
84.0,25.132073590991087,30.763656097067724,93.23529411764706
85.0,25.132073590991087,30.745090233087936,93.23529411764706
86.0,25.132073590991087,30.726680436900253,93.23529411764706
87.0,25.132073590991087,30.70842629302697,93.23529411764706
88.0,25.132073590991087,30.69032719962189,93.23529411764706
89.0,25.132073590991087,30.67238239563386,93.23529411764706
90.0,25.132073590991087,30.654590984154993,93.23529411764706
91.0,25.132073590991087,30.636951952544152,93.23529411764706
92.0,25.132073590991087,30.61946418981428,93.23529411764706
93.0,25.132073590991087,30.602126501689014,93.23529411764706
94.0,25.132073590991087,30.584937623668846,93.23529411764706
95.0,25.132073590991087,30.567896232389938,93.23529411764706
96.0,25.132073590991087,30.551000955515274,93.23529411764706
97.0,25.132073590991087,30.534250380361225,93.23529411764706
98.0,25.132073590991087,30.517643061429187,93.23529411764706
99.0,25.132073590991087,30.5011775269897,93.23529411764706
100.0,25.132073590991087,30.484852284842297,93.23529411764706
101.0,25.132073590991087,30.468665827357867,93.23529411764706
102.0,25.132073590991087,30.45261663589572,93.23529411764706
103.0,25.132073590991087,30.436703184672336,93.23529411764706
104.0,25.132073590991087,30.420923944151042,93.23529411764706
105.0,25.132073590991087,30.405277384011015,93.23529411764706
106.0,25.132073590991087,30.389761975746268,93.23529411764706
107.0,25.132073590991087,30.37437619493872,93.23529411764706
108.0,25.132073590991087,30.359118523244785,93.23529411764706
109.0,25.132073590991087,30.343987450128317,93.23529411764706
110.0,25.132073590991087,30.32898147436924,93.23529411764706
111.0,25.132073590991087,30.3140991053747,93.23529411764706
112.0,25.132073590991087,30.29933886431441,93.23529411764706
113.0,25.132073590991087,30.284699285100242,93.23529411764706
114.0,25.132073590991087,30.270178915228207,93.23529411764706
115.0,25.132073590991087,30.255776316497602,93.23529411764706
116.0,25.132073590991087,30.24149006562176,93.23529411764706
117.0,25.132073590991087,30.227318754741564,93.23529411764706
118.0,25.132073590991087,30.213260991853517,93.23529411764706
119.0,25.132073590991087,30.199315401160828,93.23529411764706
120.0,25.132073590991087,30.185480623357222,93.23529411764706
121.0,25.132073590991087,30.17175531584967,93.23529411764706
122.0,25.132073590991087,30.15813815292754,93.23529411764706
123.0,25.132073590991087,30.144627825884495,93.23529411764706
124.0,25.132073590991087,30.131223043097194,93.23529411764706
125.0,25.132073590991087,30.117922530066622,93.23529411764706
126.0,25.132073590991087,30.10472502942658,93.23529411764706
127.0,25.132073590991087,30.091629300921223,93.23529411764706
128.0,25.132073590991087,30.078634121358178,93.23529411764706
129.0,25.132073590991087,30.065738284536533,93.23529411764706
130.0,25.132073590991087,30.052940601156443,93.23529411764706
131.0,25.132073590991087,30.040239898708943,93.23529411764706
132.0,25.132073590991087,30.02763502135113,93.23529411764706
133.0,25.132073590991087,30.015124829767377,93.23529411764706
134.0,25.132073590991087,30.002708201018198,93.23529411764706
135.0,25.132073590991087,29.99038402837877,93.23529411764706
136.0,25.132073590991087,29.97815122116883,93.23529411764706
137.0,25.132073590991087,29.966008704574364,93.23529411764706
138.0,25.132073590991087,29.95395541946317,93.23529411764706
139.0,25.132073590991087,29.941990322194265,93.23529411764706
140.0,25.132073590991087,29.930112384423502,93.23529411764706
141.0,25.132073590991087,29.918320592905058,93.23529411764706
142.0,25.132073590991087,29.906613949289415,93.23529411764706
143.0,25.132073590991087,29.894991469919926,93.23529411764706
144.0,25.132073590991087,29.883452185626936,93.23529411764706
145.0,25.132073590991087,29.8719951415211,93.23529411764706
146.0,25.132073590991087,29.860619396785665,93.23529411764706
147.0,25.132073590991087,29.849324024468594,93.23529411764706
148.0,25.132073590991087,29.83810811127506,93.23529411764706
149.0,25.132073590991087,29.82697075736003,93.23529411764706
150.0,25.132073590991087,29.81591107612149,93.23529411764706
151.0,25.132073590991087,29.804928193995266,93.23529411764706
152.0,25.132073590991087,29.794021250250672,93.23529411764706
153.0,25.132073590991087,29.78318939678753,93.23529411764706
154.0,25.132073590991087,29.772431797935074,93.23529411764706
155.0,25.132073590991087,29.76174763025303,93.23529411764706
156.0,25.132073590991087,29.751136082333723,93.23529411764706
157.0,25.132073590991087,29.740596354607316,93.23529411764706
158.0,25.132073590991087,29.730127659148508,93.23529411764706
159.0,25.132073590991087,29.719729219485977,93.23529411764706
160.0,25.132073590991087,29.709400270413997,93.23529411764706
161.0,25.132073590991087,29.699140057806417,93.23529411764706
162.0,25.132073590991087,29.68894783843367,93.23529411764706
163.0,25.132073590991087,29.67882287978133,93.23529411764706
164.0,25.132073590991087,29.668764459872403,93.23529411764706
165.0,25.132073590991087,29.658771867091467,93.23529411764706
166.0,25.132073590991087,29.64884440001167,93.23529411764706
167.0,25.132073590991087,29.638981367224545,93.23529411764706
168.0,25.132073590991087,29.629182087171912,93.23529411764706
169.0,25.132073590991087,29.619445887981385,93.23529411764706
170.0,25.132073590991087,29.609772107303574,93.23529411764706
171.0,25.132073590991087,29.600160092152628,93.23529411764706
172.0,25.132073590991087,29.590609198749053,93.23529411764706
173.0,25.132073590991087,29.581118792364997,93.23529411764706
174.0,25.132073590991087,29.571688247173007,93.23529411764706
175.0,25.132073590991087,29.562316946096246,93.23529411764706
176.0,25.132073590991087,29.55300428066196,93.23529411764706
177.0,25.132073590991087,29.54374965085737,93.23529411764706
178.0,25.132073590991087,29.534552464988078,93.23529411764706
179.0,25.132073590991087,29.52541213953861,93.23529411764706
180.0,25.132073590991087,29.516328099036343,93.23529411764706
181.0,25.132073590991087,29.507299775916614,93.23529411764706
182.0,25.132073590991087,29.498326610391135,93.23529411764706
183.0,25.132073590991087,29.489408050318687,93.23529411764706
184.0,25.132073590991087,29.48054355107749,93.23529411764706
185.0,25.132073590991087,29.471732575440793,93.23529411764706
186.0,25.132073590991087,29.462974593453936,93.23529411764706
187.0,25.132073590991087,29.45426908231417,93.23529411764706
188.0,25.132073590991087,29.44561552625232,93.23529411764706
189.0,25.132073590991087,29.43701341641695,93.23529411764706
190.0,25.132073590991087,29.42846225076031,93.23529411764706
191.0,25.132073590991087,29.419961533926415,93.23529411764706
192.0,25.132073590991087,29.411510777141476,93.23529411764706
193.0,25.132073590991087,29.403109498106165,93.23529411764706
194.0,25.132073590991087,29.394757220889584,93.23529411764706
195.0,25.132073590991087,29.38645347582563,93.23529411764706
196.0,25.132073590991087,29.378197799411176,93.23529411764706
197.0,25.132073590991087,29.36998973420574,93.23529411764706
198.0,25.132073590991087,29.361828828733486,93.23529411764706
199.0,25.132073590991087,29.35371463738693,93.23529411764706
200.0,25.132073590991087,29.345646720331963,93.23529411764706
201.0,25.132073590991087,29.3376246434154,93.23529411764706
202.0,25.132073590991087,29.329647978073627,93.23529411764706
203.0,25.132073590991087,29.321716301243022,93.23529411764706
204.0,25.132073590991087,29.3138291952723,93.23529411764706
205.0,25.132073590991087,29.305986247836145,93.23529411764706
206.0,25.132073590991087,29.29818705185085,93.23529411764706
207.0,25.132073590991087,29.29043120539083,93.23529411764706
208.0,25.132073590991087,29.2827183116074,93.23529411764706
209.0,25.132073590991087,29.275047978648406,93.23529411764706
210.0,25.132073590991087,29.267419819579946,93.23529411764706
211.0,25.132073590991087,29.25983345230898,93.23529411764706
212.0,25.132073590991087,29.252288499507777,93.23529411764706
213.0,25.132073590991087,29.244784588539222,93.23529411764706
214.0,25.132073590991087,29.237321351384075,93.23529411764706
215.0,25.132073590991087,29.229898424569292,93.23529411764706
216.0,25.132073590991087,29.22251544909741,93.23529411764706
217.0,25.132073590991087,29.21517207037758,93.23529411764706
218.0,25.132073590991087,29.207867938157715,93.23529411764706
219.0,25.132073590991087,29.20060270645773,93.23529411764706
220.0,25.132073590991087,29.193376033504236,93.23529411764706
221.0,25.132073590991087,29.186187581666257,93.23529411764706
222.0,25.132073590991087,29.179037017392073,93.23529411764706
223.0,25.132073590991087,29.17192401114725,93.23529411764706
224.0,25.132073590991087,29.16484823735381,93.23529411764706
225.0,25.132073590991087,29.157809374330412,93.23529411764706
226.0,25.132073590991087,29.150807104233785,93.23529411764706
227.0,25.132073590991087,29.143841113000782,93.23529411764706
228.0,25.132073590991087,29.136911090292,93.23529411764706
229.0,25.132073590991087,29.130016729435937,93.23529411764706
230.0,25.132073590991087,29.123157727374664,93.23529411764706
231.0,25.132073590991087,29.11633378460957,93.23529411764706
232.0,25.132073590991087,29.10954460514932,93.23529411764706
233.0,25.132073590991087,29.10278989645742,93.23529411764706
234.0,25.132073590991087,29.096069369401686,93.23529411764706
235.0,25.132073590991087,29.089382738204012,93.23529411764706
236.0,25.132073590991087,29.082729720391427,93.23529411764706
237.0,25.132073590991087,29.076110036747604,93.23529411764706
238.0,25.132073590991087,29.069523411265493,93.23529411764706
239.0,25.132073590991087,29.06296957110084,93.23529411764706
240.0,25.132073590991087,29.05644824652607,93.23529411764706
241.0,25.132073590991087,29.049959170885433,93.23529411764706
242.0,25.132073590991087,29.043502080550876,93.23529411764706
243.0,25.132073590991087,29.037076714878168,93.23529411764706
244.0,25.132073590991087,29.030682816164525,93.23529411764706
245.0,25.132073590991087,29.024320129606515,93.23529411764706
246.0,25.132073590991087,29.01798840325847,93.23529411764706
247.0,25.132073590991087,29.011687387992342,93.23529411764706
248.0,25.132073590991087,29.005416837457492,93.23529411764706
249.0,25.132073590991087,28.999176508041415,93.23529411764706
250.0,25.132073590991087,28.99296615883134,93.23529411764706
251.0,25.132073590991087,28.98678555157634,93.23529411764707
252.0,25.132073590991087,28.980634450649827,93.23529411764704
253.0,25.132073590991087,28.97451262301304,93.23529411764706
254.0,25.132073590991087,28.96841983817908,93.23529411764706
255.0,25.132073590991087,28.962355868177255,93.23529411764704
256.0,25.132073590991087,28.956320487518425,93.23529411764706
257.0,25.132073590991087,28.950313473160442,93.23529411764706
258.0,25.132073590991087,28.944334604475017,93.23529411764706
259.0,25.132073590991087,28.938383663213745,93.23529411764707
260.0,25.132073590991087,28.932460433476226,93.23529411764706
261.0,25.132073590991087,28.92656470167773,93.23529411764704
262.0,25.132073590991087,28.920696256517445,93.23529411764704
263.0,25.132073590991087,28.914854888947872,93.23529411764707
264.0,25.132073590991087,28.909040392143968,93.23529411764706
265.0,25.132073590991087,28.90325256147319,93.23529411764706
266.0,25.132073590991087,28.897491194466024,93.23529411764706
267.0,25.132073590991087,28.891756090787048,93.23529411764704
268.0,25.132073590991087,28.88604705220602,93.23529411764704
269.0,25.132073590991087,28.880363882570006,93.23529411764704
270.0,25.132073590991087,28.8747063877757,93.23529411764706
271.0,25.132073590991087,28.869074375742006,93.23529411764706
272.0,25.132073590991087,28.863467656383385,93.23529411764704
273.0,25.132073590991087,28.857886041583534,93.23529411764706
274.0,25.132073590991087,28.852329345169238,93.23529411764706
275.0,25.132073590991087,28.846797382885125,93.23529411764706
276.0,25.132073590991087,28.841289972368237,93.23529411764706
277.0,25.132073590991087,28.835806933123422,93.23529411764706
278.0,25.132073590991087,28.830348086499097,93.23529411764707
279.0,25.132073590991087,28.824913255662967,93.23529411764706
280.0,25.132073590991087,28.819502265578805,93.23529411764704
281.0,25.132073590991087,28.81411494298301,93.23529411764706
282.0,25.132073590991087,28.80875111636192,93.23529411764706
283.0,25.132073590991087,28.803410615929007,93.23529411764706
284.0,25.132073590991087,28.79809327360303,93.23529411764707
285.0,25.132073590991087,28.792798922986,93.23529411764706
286.0,25.132073590991087,28.787527399341997,93.23529411764706
287.0,25.132073590991087,28.782278539575692,93.23529411764706
288.0,25.132073590991087,28.777052182211772,93.23529411764706
289.0,25.132073590991087,28.771848167374177,93.23529411764706
290.0,25.132073590991087,28.766666336766257,93.23529411764706
291.0,25.132073590991087,28.761506533650635,93.23529411764706
292.0,25.132073590991087,28.756368602829802,93.23529411764706
293.0,25.132073590991087,28.75125239062657,93.23529411764706
294.0,25.132073590991087,28.746157744865503,93.23529411764704
295.0,25.132073590991087,28.741084514853764,93.23529411764706
296.0,25.132073590991087,28.736032551362975,93.23529411764706
297.0,25.132073590991087,28.73100170661105,93.23529411764706
298.0,25.132073590991087,28.725991834244212,93.23529411764707
299.0,25.132073590991087,28.721002789319492,93.23529411764706
300.0,25.132073590991087,28.71603442828737,93.23529411764707
301.0,25.132073590991087,28.71108660897462,93.23529411764706
302.0,25.132073590991087,28.706159190567504,93.23529411764706
303.0,25.132073590991087,28.701252033595214,93.23529411764704
304.0,25.132073590991087,28.696364999913644,93.23529411764706
305.0,25.132073590991087,28.691497952689147,93.23529411764707
306.0,25.132073590991087,28.686650756382544,93.23529411764706
307.0,25.132073590991087,28.681823276733795,93.23529411764706
308.0,25.132073590991087,28.677015380746493,93.23529411764704
309.0,25.132073590991087,28.67222693667259,93.23529411764706
310.0,25.132073590991087,28.667457813997505,93.23529411764706
311.0,25.132073590991087,28.662707883425494,93.23529411764706
312.0,25.132073590991087,28.65797701686487,93.23529411764706
313.0,25.132073590991087,28.65326508741387,93.23529411764706
314.0,25.132073590991087,28.648571969346666,93.23529411764706
315.0,25.132073590991087,28.643897538099093,93.23529411764706
316.0,25.132073590991087,28.639241670255323,93.23529411764707
317.0,25.132073590991087,28.634604243534042,93.23529411764706
318.0,25.132073590991087,28.629985136775428,93.23529411764706
319.0,25.132073590991087,28.625384229927718,93.23529411764706
320.0,25.132073590991087,28.62080140403444,93.23529411764706
321.0,25.132073590991087,28.616236541221788,93.23529411764704
322.0,25.132073590991087,28.611689524685712,93.23529411764704
323.0,25.132073590991087,28.607160238679644,93.23529411764707
324.0,25.132073590991087,28.60264856850249,93.23529411764707
325.0,25.132073590991087,28.59815440048625,93.23529411764706
326.0,25.132073590991087,28.593677621984348,93.23529411764706
327.0,25.132073590991087,28.589218121359675,93.23529411764706
328.0,25.132073590991087,28.58477578797345,93.23529411764706
329.0,25.132073590991087,28.58035051217331,93.23529411764706
330.0,25.132073590991087,28.575942185282408,93.23529411764706
331.0,25.132073590991087,28.571550699588304,93.23529411764707
332.0,25.132073590991087,28.567175948331794,93.23529411764707
333.0,25.132073590991087,28.562817825696484,93.23529411764707
334.0,25.132073590991087,28.55847622679789,93.23529411764706
335.0,25.132073590991087,28.554151047672896,93.23529411764706
336.0,25.132073590991087,28.549842185269707,93.23529411764707
337.0,25.132073590991087,28.545549537437438,93.23529411764706
338.0,25.132073590991087,28.54127300291602,93.23529411764707
339.0,25.132073590991087,28.537012481326336,93.23529411764706
340.0,25.132073590991087,28.532767873160488,93.23529411764706
341.0,25.132073590991087,28.528539079771964,93.23529411764706
342.0,25.132073590991087,28.524326003366298,93.23529411764707
343.0,25.132073590991087,28.520128546991604,93.23529411764706
344.0,25.132073590991087,28.51594661452901,93.23529411764706
345.0,25.132073590991087,28.51178011068412,93.23529411764706
346.0,25.132073590991087,28.507628940977373,93.23529411764706
347.0,25.132073590991087,28.503493011735372,93.23529411764704
348.0,25.132073590991087,28.49937223008228,93.23529411764704
349.0,25.132073590991087,28.49526650393069,93.23529411764706
350.0,25.132073590991087,28.491175741973557,93.23529411764706
351.0,25.132073590991087,28.487099853675417,93.23529411764704
352.0,25.132073590991087,28.48303874926408,93.23529411764706
353.0,25.132073590991087,28.47899233972251,93.23529411764706
354.0,25.132073590991087,28.47496053678072,93.23529411764707
355.0,25.132073590991087,28.470943252907663,93.23529411764706
356.0,25.132073590991087,28.466940401303297,93.23529411764707
357.0,25.132073590991087,28.462951895890786,93.23529411764706
358.0,25.132073590991087,28.458977651309013,93.23529411764704
359.0,25.132073590991087,28.455017582904617,93.23529411764704
360.0,25.132073590991087,28.45107160672468,93.23529411764706
361.0,25.132073590991087,28.447139639509402,93.23529411764707
362.0,25.132073590991087,28.443221598684595,93.23529411764706
363.0,25.132073590991087,28.439317402354547,93.23529411764706
364.0,25.132073590991087,28.435426969294898,93.23529411764706
365.0,25.132073590991087,28.431550218945485,93.23529411764706
366.0,25.132073590991087,28.427687071403636,93.23529411764704
367.0,25.132073590991087,28.423837447417025,93.23529411764706
368.0,25.132073590991087,28.420001268377234,93.23529411764706
369.0,25.132073590991087,28.41617845631261,93.23529411764704
370.0,25.132073590991087,28.412368933882124,93.23529411764706
371.0,25.132073590991087,28.408572624368446,93.23529411764704
372.0,25.132073590991087,28.40478945167187,93.23529411764706
373.0,25.132073590991087,28.401019340303773,93.23529411764706
374.0,25.132073590991087,28.397262215380124,93.23529411764706
375.0,25.132073590991087,28.39351800261574,93.23529411764706
376.0,25.132073590991087,28.389786628317868,93.23529411764706
377.0,25.132073590991087,28.386068019380144,93.23529411764706
378.0,25.132073590991087,28.382362103276765,93.23529411764706
379.0,25.132073590991087,28.37866880805634,93.23529411764706
380.0,25.132073590991087,28.374988062336353,93.23529411764706
381.0,25.132073590991087,28.37131979529728,93.23529411764706
382.0,25.132073590991087,28.367663936676834,93.23529411764707
383.0,25.132073590991087,28.364020416764486,93.23529411764706
384.0,25.132073590991087,28.360389166395727,93.23529411764706
385.0,25.132073590991087,28.356770116946915,93.23529411764706
386.0,25.132073590991087,28.353163200329583,93.23529411764706
387.0,25.132073590991087,28.349568348985105,93.23529411764706
388.0,25.132073590991087,28.345985495879557,93.23529411764704
389.0,25.132073590991087,28.34241457449845,93.23529411764706
390.0,25.132073590991087,28.33885551884159,93.23529411764706
391.0,25.132073590991087,28.33530826341784,93.23529411764704
392.0,25.132073590991087,28.33177274324039,93.23529411764704
393.0,25.132073590991087,28.328248893821495,93.23529411764704
394.0,25.132073590991087,28.32473665116778,93.23529411764704
395.0,25.132073590991087,28.32123595177506,93.23529411764707
396.0,25.132073590991087,28.317746732624045,93.23529411764707
397.0,25.132073590991087,28.314268931175274,93.23529411764706
398.0,25.132073590991087,28.31080248536439,93.23529411764706
399.0,25.132073590991087,28.30734733359777,93.23529411764704
400.0,25.132073590991087,28.303903414747726,93.23529411764706
401.0,25.132073590991087,28.300470668148105,93.23529411764706
402.0,25.132073590991087,28.297049033589747,93.23529411764706
403.0,25.132073590991087,28.293638451316365,93.23529411764706
404.0,25.132073590991087,28.2902388620196,93.23529411764706
405.0,25.132073590991087,28.28685020683529,93.23529411764706
406.0,25.132073590991087,28.283472427338978,93.23529411764706
407.0,25.132073590991087,28.28010546554159,93.23529411764706
408.0,25.132073590991087,28.276749263885627,93.23529411764707
409.0,25.132073590991087,28.27340376524071,93.23529411764706
410.0,25.132073590991087,28.270068912899514,93.23529411764706
411.0,25.132073590991087,28.266744650574097,93.23529411764706
412.0,25.132073590991087,28.26343092239162,93.23529411764707
413.0,25.132073590991087,28.260127672890555,93.23529411764706
414.0,25.132073590991087,28.256834847016712,93.23529411764706
415.0,25.132073590991087,28.253552390119587,93.23529411764706
416.0,25.132073590991087,28.25028024794828,93.23529411764706
417.0,25.132073590991087,28.247018366648156,93.23529411764706
418.0,25.132073590991087,28.24376669275664,93.23529411764706
419.0,25.132073590991087,28.2405251732,93.23529411764707
420.0,25.132073590991087,28.237293755289627,93.23529411764706
421.0,25.132073590991087,28.234072386718125,93.23529411764706
422.0,25.132073590991087,28.230861015556314,93.23529411764706
423.0,25.132073590991087,28.227659590249168,93.23529411764707
424.0,25.132073590991087,28.22446805961295,93.23529411764706
425.0,25.132073590991087,28.22128637283121,93.23529411764706
426.0,25.132073590991087,28.218114479451827,93.23529411764706
427.0,25.132073590991087,28.21495232938346,93.23529411764706
428.0,25.132073590991087,28.2117998728923,93.23529411764704
429.0,25.132073590991087,28.208657060598853,93.23529411764706
430.0,25.132073590991087,28.205523843474495,93.23529411764704
431.0,25.132073590991087,28.202400172838576,93.23529411764704
432.0,25.132073590991087,28.199286000355084,93.23529411764706
433.0,25.132073590991087,28.19618127802955,93.23529411764706
434.0,25.132073590991087,28.193085958205884,93.23529411764706
435.0,25.132073590991087,28.18999999356347,93.23529411764706
436.0,25.132073590991087,28.186923337113964,93.23529411764706
437.0,25.132073590991087,28.18385594219857,93.23529411764706
438.0,25.132073590991087,28.18079776248469,93.23529411764706
439.0,25.132073590991087,28.177748751963378,93.23529411764704
440.0,25.132073590991087,28.174708864946243,93.23529411764706
441.0,25.132073590991087,28.171678056062564,93.23529411764706
442.0,25.132073590991087,28.168656280256673,93.23529411764704
443.0,25.132073590991087,28.16564349278475,93.23529411764706
444.0,25.132073590991087,28.16263964921259,93.23529411764706
445.0,25.132073590991087,28.159644705412404,93.23529411764706
446.0,25.132073590991087,28.156658617560392,93.23529411764704
447.0,25.132073590991087,28.153681342133805,93.23529411764706
448.0,25.132073590991087,28.150712835908575,93.23529411764704
449.0,25.132073590991087,28.14775305595656,93.23529411764706
450.0,25.132073590991087,28.144801959642844,93.23529411764704
451.0,25.132073590991087,28.14185950462331,93.23529411764706
452.0,25.132073590991087,28.138925648842104,93.23529411764706
453.0,25.132073590991087,28.136000350529034,93.23529411764706
454.0,25.132073590991087,28.13308356819712,93.23529411764706
455.0,25.132073590991087,28.130175260640144,93.23529411764707
456.0,25.132073590991087,28.127275386930233,93.23529411764706
457.0,25.132073590991087,28.124383906415396,93.23529411764706
458.0,25.132073590991087,28.12150077871715,93.23529411764706
459.0,25.132073590991087,28.11862596372825,93.23529411764706
460.0,25.132073590991087,28.11575942161016,93.23529411764706
461.0,25.132073590991087,28.112901112791,93.23529411764707
462.0,25.132073590991087,28.110050997963068,93.23529411764706
463.0,25.132073590991087,28.107209038080608,93.23529411764706
464.0,25.132073590991087,28.104375194357704,93.23529411764706
465.0,25.132073590991087,28.10154942826588,93.23529411764707
466.0,25.132073590991087,28.098731701532014,93.23529411764704
467.0,25.132073590991087,28.095921976136115,93.23529411764706
468.0,25.132073590991087,28.093120214309266,93.23529411764704
469.0,25.132073590991087,28.090326378531365,93.23529411764706
470.0,25.132073590991087,28.087540431529337,93.23529411764706
471.0,25.132073590991087,28.084762336274423,93.23529411764706
472.0,25.132073590991087,28.08199205598084,93.23529411764704
473.0,25.132073590991087,28.07922955410325,93.23529411764706
474.0,25.132073590991087,28.076474794335045,93.23529411764706
475.0,25.132073590991087,28.073727740606117,93.23529411764706
476.0,25.132073590991087,28.070988357081,93.23529411764706
477.0,25.132073590991087,28.068256608156815,93.23529411764706
478.0,25.132073590991087,28.065532458461576,93.23529411764706
479.0,25.132073590991087,28.062815872851985,93.23529411764707
480.0,25.132073590991087,28.060106816411746,93.23529411764706
481.0,25.132073590991087,28.05740525444951,93.23529411764706
482.0,25.132073590991087,28.054711152497177,93.23529411764704
483.0,25.132073590991087,28.052024476307956,93.23529411764704
484.0,25.132073590991087,28.049345191854503,93.23529411764707
485.0,25.132073590991087,28.0466732653274,93.23529411764707
486.0,25.132073590991087,28.044008663132843,93.23529411764706
487.0,25.132073590991087,28.041351351891375,93.23529411764706
488.0,25.132073590991087,28.038701298436045,93.23529411764706
489.0,25.132073590991087,28.03605846981033,93.23529411764706
490.0,25.132073590991087,28.033422833266822,93.23529411764704
491.0,25.132073590991087,28.03079435626538,93.23529411764706
492.0,25.132073590991087,28.02817300647129,93.23529411764706
493.0,25.132073590991087,28.02555875175395,93.23529411764706
494.0,25.132073590991087,28.022951560184925,93.23529411764707
495.0,25.132073590991087,28.02035140003639,93.23529411764706
496.0,25.132073590991087,28.017758239779525,93.23529411764707
497.0,25.132073590991087,28.015172048083063,93.23529411764706
498.0,25.132073590991087,28.012592793811354,93.23529411764706
499.0,25.132073590991087,28.010020446023223,93.23529411764706
500.0,25.132073590991087,28.00745497397004,93.23529411764706
501.0,25.132073590991087,28.004896347094437,93.23529411764707
502.0,25.132073590991087,28.002344535028605,93.23529411764706
503.0,25.132073590991087,27.999799507592954,93.23529411764706
504.0,25.132073590991087,27.99726123479443,93.23529411764706
505.0,25.132073590991087,27.994729686825323,93.23529411764706
506.0,25.132073590991087,27.992204834061464,93.23529411764706
507.0,25.132073590991087,27.98968664706089,93.23529411764706
508.0,25.132073590991087,27.987175096562595,93.23529411764706
509.0,25.132073590991087,27.98467015348487,93.23529411764704
510.0,25.132073590991087,27.98217178892392,93.23529411764706
511.0,25.132073590991087,27.979679974152653,93.23529411764704
512.0,25.132073590991087,27.97719468061909,93.23529411764706
513.0,25.132073590991087,27.974715879945048,93.23529411764706
514.0,25.132073590991087,27.972243543924954,93.23529411764706
515.0,25.132073590991087,27.96977764452416,93.23529411764706
516.0,25.132073590991087,27.967318153877887,93.23529411764706
517.0,25.132073590991087,27.964865044289883,93.23529411764706
518.0,25.132073590991087,27.96241828823096,93.23529411764706
519.0,25.132073590991087,27.959977858337897,93.23529411764706
520.0,25.132073590991087,27.957543727411966,93.23529411764706
521.0,25.132073590991087,27.955115868417945,93.23529411764706
522.0,25.132073590991087,27.952694254482317,93.23529411764706
523.0,25.132073590991087,27.9502788588928,93.23529411764706
524.0,25.132073590991087,27.94786965509643,93.23529411764706
525.0,25.132073590991087,27.945466616698596,93.23529411764707
526.0,25.132073590991087,27.943069717462038,93.23529411764706
527.0,25.132073590991087,27.94067893130519,93.23529411764706
528.0,25.132073590991087,27.938294232301413,93.23529411764707
529.0,25.132073590991087,27.935915594677624,93.23529411764706
530.0,25.132073590991087,27.933542992813084,93.23529411764706
531.0,25.132073590991087,27.93117640123836,93.23529411764707
532.0,25.132073590991087,27.928815794634247,93.23529411764706
533.0,25.132073590991087,27.92646114783026,93.23529411764706
534.0,25.132073590991087,27.92411243580395,93.23529411764706
535.0,25.132073590991087,27.921769633679627,93.23529411764706
536.0,25.132073590991087,27.91943271672713,93.23529411764704
537.0,25.132073590991087,27.91710166036093,93.23529411764706
538.0,25.132073590991087,27.91477644013891,93.23529411764707
539.0,25.132073590991087,27.912457031761313,93.23529411764704
540.0,25.132073590991087,27.91014341106975,93.23529411764706
541.0,25.132073590991087,27.907835554046123,93.23529411764707
542.0,25.132073590991087,27.905533436811556,93.23529411764707
543.0,25.132073590991087,27.903237035625228,93.23529411764707
544.0,25.132073590991087,27.900946326883666,93.23529411764706
545.0,25.132073590991087,27.898661287119467,93.23529411764704
546.0,25.132073590991087,27.89638189300027,93.23529411764706
547.0,25.132073590991087,27.894108121328028,93.23529411764706
548.0,25.132073590991087,27.891839949037713,93.23529411764704
549.0,25.132073590991087,27.889577353196607,93.23529411764706
550.0,25.132073590991087,27.887320311002952,93.23529411764706
551.0,25.132073590991087,27.885068799785483,93.23529411764706
552.0,25.132073590991087,27.882822797002035,93.23529411764707
553.0,25.132073590991087,27.880582280239004,93.23529411764706
554.0,25.132073590991087,27.878347227209854,93.23529411764706
555.0,25.132073590991087,27.876117615754797,93.23529411764707
556.0,25.132073590991087,27.873893423839565,93.23529411764707
557.0,25.132073590991087,27.87167462955435,93.23529411764706
558.0,25.132073590991087,27.869461211113244,93.23529411764706
559.0,25.132073590991087,27.867253146853102,93.23529411764706
560.0,25.132073590991087,27.86505041523271,93.23529411764704
561.0,25.132073590991087,27.8628529948321,93.23529411764706
562.0,25.132073590991087,27.860660864351264,93.23529411764707
563.0,25.132073590991087,27.85847400260967,93.23529411764706
564.0,25.132073590991087,27.856292388545167,93.23529411764707
565.0,25.132073590991087,27.854116001213228,93.23529411764706
566.0,25.132073590991087,27.851944819786304,93.23529411764706
567.0,25.132073590991087,27.84977882355248,93.23529411764707
568.0,25.132073590991087,27.847617991915143,93.23529411764706
569.0,25.132073590991087,27.84546230439203,93.23529411764704
570.0,25.132073590991087,27.843311740614162,93.23529411764704
571.0,25.132073590991087,27.841166280325456,93.23529411764706
572.0,25.132073590991087,27.83902590338158,93.23529411764704
573.0,25.132073590991087,27.836890589749217,93.23529411764706
574.0,25.132073590991087,27.834760319505463,93.23529411764706
575.0,25.132073590991087,27.832635072836958,93.23529411764704
576.0,25.132073590991087,27.830514830039046,93.23529411764706
577.0,25.132073590991087,27.828399571514964,93.23529411764707
578.0,25.132073590991087,27.826289277775306,93.23529411764704
579.0,25.132073590991087,27.824183929437037,93.23529411764706
580.0,25.132073590991087,27.822083507222892,93.23529411764706
581.0,25.132073590991087,27.819987991960563,93.23529411764706
582.0,25.132073590991087,27.81789736458203,93.23529411764706
583.0,25.132073590991087,27.815811606122796,93.23529411764707
584.0,25.132073590991087,27.81373069772106,93.23529411764706
585.0,25.132073590991087,27.811654620617276,93.23529411764704
586.0,25.132073590991087,27.809583356153183,93.23529411764707
587.0,25.132073590991087,27.8075168857711,93.23529411764704
588.0,25.132073590991087,27.805455191013536,93.23529411764706
589.0,25.132073590991087,27.80339825352209,93.23529411764706
590.0,25.132073590991087,27.80134605503708,93.23529411764706
591.0,25.132073590991087,27.799298577396712,93.23529411764704
592.0,25.132073590991087,27.797255802536384,93.23529411764704
593.0,25.132073590991087,27.795217712488288,93.23529411764706
594.0,25.132073590991087,27.79318428938016,93.23529411764707
595.0,25.132073590991087,27.791155515435324,93.23529411764706
596.0,25.132073590991087,27.789131372971635,93.23529411764707
597.0,25.132073590991087,27.787111844400776,93.23529411764706
598.0,25.132073590991087,27.785096912227957,93.23529411764707
599.0,25.132073590991087,27.783086559050858,93.23529411764706
600.0,25.132073590991087,27.781080767559402,93.23529411764704
601.0,25.132073590991087,27.779079520534857,93.23529411764706
602.0,25.132073590991087,27.77708280084934,93.23529411764706
603.0,25.132073590991087,27.77509059146505,93.23529411764706
604.0,25.132073590991087,27.77310287543394,93.23529411764707
605.0,25.132073590991087,27.771119635896845,93.23529411764706
606.0,25.132073590991087,27.7691408560831,93.23529411764706
607.0,25.132073590991087,27.76716651930962,93.23529411764706
608.0,25.132073590991087,27.765196608980688,93.23529411764706
609.0,25.132073590991087,27.76323110858715,93.23529411764706
610.0,25.132073590991087,27.76127000170595,93.23529411764706
611.0,25.132073590991087,27.7593132719994,93.23529411764706
612.0,25.132073590991087,27.757360903214767,93.23529411764706
613.0,25.132073590991087,27.755412879183552,93.23529411764706
614.0,25.132073590991087,27.75346918382113,93.23529411764706
615.0,25.132073590991087,27.751529801126065,93.23529411764706
616.0,25.132073590991087,27.749594715179438,93.23529411764707
617.0,25.132073590991087,27.747663910144677,93.23529411764706
618.0,25.132073590991087,27.74573737026647,93.23529411764706
619.0,25.132073590991087,27.743815079870892,93.23529411764707
620.0,25.132073590991087,27.741897023364146,93.23529411764706
621.0,25.132073590991087,27.739983185232596,93.23529411764706
622.0,25.132073590991087,27.73807355004201,93.23529411764704
623.0,25.132073590991087,27.73616810243712,93.23529411764706
624.0,25.132073590991087,27.73426682714084,93.23529411764704
625.0,25.132073590991087,27.732369708954263,93.23529411764706
626.0,25.132073590991087,27.730476732755577,93.23529411764706
627.0,25.132073590991087,27.728587883499976,93.23529411764706
628.0,25.132073590991087,27.72670314621903,93.23529411764706
629.0,25.132073590991087,27.72482250602011,93.23529411764704
630.0,25.132073590991087,27.722945948086007,93.23529411764706
631.0,25.132073590991087,27.721073457674372,93.23529411764706
632.0,25.132073590991087,27.7192050201172,93.23529411764706
633.0,25.132073590991087,27.717340620820533,93.23529411764706
634.0,25.132073590991087,27.715480245263738,93.23529411764707
635.0,25.132073590991087,27.713623878999112,93.23529411764704
636.0,25.132073590991087,27.71177150765163,93.23529411764706
637.0,25.132073590991087,27.70992311691814,93.23529411764707
638.0,25.132073590991087,27.708078692567003,93.23529411764706
639.0,25.132073590991087,27.70623822043793,93.23529411764706
640.0,25.132073590991087,27.7044016864409,93.23529411764707
641.0,25.132073590991087,27.702569076556482,93.23529411764707
642.0,25.132073590991087,27.70074037683479,93.23529411764706
643.0,25.132073590991087,27.698915573395187,93.23529411764706
644.0,25.132073590991087,27.697094652425978,93.23529411764706
645.0,25.132073590991087,27.695277600183932,93.23529411764706
646.0,25.132073590991087,27.693464402993715,93.23529411764706
647.0,25.132073590991087,27.691655047247597,93.23529411764704
648.0,25.132073590991087,27.689849519404948,93.23529411764706
649.0,25.132073590991087,27.688047805991857,93.23529411764706
650.0,25.132073590991087,27.68624989360066,93.23529411764706
651.0,25.132073590991087,27.68445576888964,93.23529411764704
652.0,25.132073590991087,27.68266541858242,93.23529411764706
653.0,25.132073590991087,27.680878829467783,93.23529411764706
654.0,25.132073590991087,27.679095988398895,93.23529411764704
655.0,25.132073590991087,27.677316882293454,93.23529411764706
656.0,25.132073590991087,27.675541498132706,93.23529411764706
657.0,25.132073590991087,27.673769822961532,93.23529411764706
658.0,25.132073590991087,27.672001843887724,93.23529411764706
659.0,25.132073590991087,27.670237548081626,93.23529411764707
660.0,25.132073590991087,27.668476922775955,93.23529411764707
661.0,25.132073590991087,27.6667199552652,93.23529411764706
662.0,25.132073590991087,27.66496663290543,93.23529411764706
663.0,25.132073590991087,27.66321694311357,93.23529411764707
664.0,25.132073590991087,27.66147087336747,93.23529411764706
665.0,25.132073590991087,27.65972841120522,93.23529411764707
666.0,25.132073590991087,27.657989544224847,93.23529411764707
667.0,25.132073590991087,27.65625426008403,93.23529411764706
668.0,25.132073590991087,27.65452254649955,93.23529411764706
669.0,25.132073590991087,27.65279439124714,93.23529411764707
670.0,25.132073590991087,27.65106978216099,93.23529411764706
671.0,25.132073590991087,27.64934870713347,93.23529411764707
672.0,25.132073590991087,27.647631154114713,93.23529411764706
673.0,25.132073590991087,27.64591711111216,93.23529411764706
674.0,25.132073590991087,27.644206566190395,93.23529411764704
675.0,25.132073590991087,27.642499507470866,93.23529411764707
676.0,25.132073590991087,27.640795923131144,93.23529411764706
677.0,25.132073590991087,27.63909580140505,93.23529411764706
678.0,25.132073590991087,27.637399130581915,93.23529411764704
679.0,25.132073590991087,27.635705899006584,93.23529411764704
680.0,25.132073590991087,27.63401609507876,93.23529411764706
681.0,25.132073590991087,27.63232970725301,93.23529411764706
682.0,25.132073590991087,27.63064672403819,93.23529411764704
683.0,25.132073590991087,27.628967133997055,93.23529411764707
684.0,25.132073590991087,27.627290925746223,93.23529411764706
685.0,25.132073590991087,27.625618087955583,93.23529411764704
686.0,25.132073590991087,27.623948609348083,93.23529411764706
687.0,25.132073590991087,27.62228247869956,93.23529411764704
688.0,25.132073590991087,27.620619684838054,93.23529411764706
689.0,25.132073590991087,27.61896021664391,93.23529411764706
690.0,25.132073590991087,27.61730406304902,93.23529411764707
691.0,25.132073590991087,27.615651213036994,93.23529411764706
692.0,25.132073590991087,27.614001655642543,93.23529411764706
693.0,25.132073590991087,27.61235537995115,93.23529411764704
694.0,25.132073590991087,27.610712375098995,93.23529411764706
695.0,25.132073590991087,27.6090726302725,93.23529411764706
696.0,25.132073590991087,27.607436134707996,93.23529411764706
697.0,25.132073590991087,27.60580287769155,93.23529411764706
698.0,25.132073590991087,27.604172848558527,93.23529411764706
699.0,25.132073590991087,27.602546036693518,93.23529411764706
700.0,25.132073590991087,27.600922431529725,93.23529411764706
701.0,25.132073590991087,27.59930202254903,93.23529411764707
702.0,25.132073590991087,27.59768479928146,93.23529411764707
703.0,25.132073590991087,27.59607075130491,93.23529411764706
704.0,25.132073590991087,27.594459868245032,93.23529411764706
705.0,25.132073590991087,27.592852139774894,93.23529411764707
706.0,25.132073590991087,27.591247555614583,93.23529411764706
707.0,25.132073590991087,27.589646105530946,93.23529411764706
708.0,25.132073590991087,27.588047779337504,93.23529411764706
709.0,25.132073590991087,27.586452566894017,93.23529411764704
710.0,25.132073590991087,27.58486045810619,93.23529411764706
711.0,25.132073590991087,27.5832714429256,93.23529411764706
712.0,25.132073590991087,27.581685511349168,93.23529411764707
713.0,25.132073590991087,27.580102653419104,93.23529411764706
714.0,25.132073590991087,27.578522859222545,93.23529411764707
715.0,25.132073590991087,27.576946118891254,93.23529411764706
716.0,25.132073590991087,27.575372422601536,93.23529411764706
717.0,25.132073590991087,27.573801760573723,93.23529411764706
718.0,25.132073590991087,27.572234123072313,93.23529411764707
719.0,25.132073590991087,27.570669500405167,93.23529411764704
720.0,25.132073590991087,27.569107882923745,93.23529411764706
721.0,25.132073590991087,27.567549261022556,93.23529411764706
722.0,25.132073590991087,27.565993625139214,93.23529411764706
723.0,25.132073590991087,27.564440965753757,93.23529411764707
724.0,25.132073590991087,27.562891273388868,93.23529411764706
725.0,25.132073590991087,27.56134453860922,93.23529411764706
726.0,25.132073590991087,27.559800752021616,93.23529411764706
727.0,25.132073590991087,27.558259904274305,93.23529411764706
728.0,25.132073590991087,27.55672198605731,93.23529411764706
729.0,25.132073590991087,27.555186988101696,93.23529411764706
730.0,25.132073590991087,27.553654901179545,93.23529411764707
731.0,25.132073590991087,27.552125716103614,93.23529411764706
732.0,25.132073590991087,27.550599423727398,93.23529411764706
733.0,25.132073590991087,27.54907601494455,93.23529411764706
734.0,25.132073590991087,27.547555480688818,93.23529411764706
735.0,25.132073590991087,27.546037811933815,93.23529411764706
736.0,25.132073590991087,27.544522999692735,93.23529411764706
737.0,25.132073590991087,27.54301103501822,93.23529411764706
738.0,25.132073590991087,27.541501909002015,93.23529411764706
739.0,25.132073590991087,27.539995612774945,93.23529411764707
740.0,25.132073590991087,27.53849213750639,93.23529411764706
741.0,25.132073590991087,27.53699147440446,93.23529411764704
742.0,25.132073590991087,27.53549361471544,93.23529411764706
743.0,25.132073590991087,27.53399854972372,93.23529411764706
744.0,25.132073590991087,27.532506270751533,93.23529411764707
745.0,25.132073590991087,27.531016769158892,93.23529411764706
746.0,25.132073590991087,27.529530036343157,93.23529411764706
747.0,25.132073590991087,27.528046063738977,93.23529411764707
748.0,25.132073590991087,27.526564842818022,93.23529411764707
749.0,25.132073590991087,27.525086365088864,93.23529411764706
750.0,25.132073590991087,27.52361062209668,93.23529411764706
751.0,25.132073590991087,27.522137605422905,93.23529411764706
752.0,25.132073590991087,27.520667306685553,93.23529411764706
753.0,25.132073590991087,27.519199717538296,93.23529411764706
754.0,25.132073590991087,27.517734829670836,93.23529411764706
755.0,25.132073590991087,27.516272634808463,93.23529411764707
756.0,25.132073590991087,27.51481312471195,93.23529411764706
757.0,25.132073590991087,27.513356291177175,93.23529411764706
758.0,25.132073590991087,27.511902126035235,93.23529411764704
759.0,25.132073590991087,27.510450621151943,93.23529411764706
760.0,25.132073590991087,27.509001768427893,93.23529411764706
761.0,25.132073590991087,27.50755555979799,93.23529411764704
762.0,25.132073590991087,27.50611198723153,93.23529411764706
763.0,25.132073590991087,27.50467104273193,93.23529411764707
764.0,25.132073590991087,27.50323271833648,93.23529411764706
765.0,25.132073590991087,27.501797006116156,93.23529411764707
766.0,25.132073590991087,27.500363898175554,93.23529411764706
767.0,25.132073590991087,27.49893338665263,93.23529411764706
768.0,25.132073590991087,27.497505463718415,93.23529411764704
769.0,25.132073590991087,27.49608012157711,93.23529411764706
770.0,25.132073590991087,27.494657352465566,93.23529411764706
771.0,25.132073590991087,27.493237148653353,93.23529411764707
772.0,25.132073590991087,27.49181950244254,93.23529411764706
773.0,25.132073590991087,27.490404406167485,93.23529411764706
774.0,25.132073590991087,27.48899185219459,93.23529411764706
775.0,25.132073590991087,27.4875818329223,93.23529411764706
776.0,25.132073590991087,27.486174340780714,93.23529411764706
777.0,25.132073590991087,27.484769368231653,93.23529411764707
778.0,25.132073590991087,27.483366907768392,93.23529411764706
779.0,25.132073590991087,27.48196695191538,93.23529411764707
780.0,25.132073590991087,27.480569493228096,93.23529411764707
781.0,25.132073590991087,27.479174524293203,93.23529411764706
782.0,25.132073590991087,27.477782037727877,93.23529411764706
783.0,25.132073590991087,27.476392026180037,93.23529411764706
784.0,25.132073590991087,27.47500448232804,93.23529411764706
785.0,25.132073590991087,27.473619398880476,93.23529411764704
786.0,25.132073590991087,27.472236768576096,93.23529411764706
787.0,25.132073590991087,27.470856584183537,93.23529411764706
788.0,25.132073590991087,27.469478838501335,93.23529411764704
789.0,25.132073590991087,27.468103524357556,93.23529411764706
790.0,25.132073590991087,27.466730634609895,93.23529411764706
791.0,25.132073590991087,27.465360162145277,93.23529411764706
792.0,25.132073590991087,27.463992099879775,93.23529411764704
793.0,25.132073590991087,27.462626440758594,93.23529411764706
794.0,25.132073590991087,27.461263177755676,93.23529411764707
795.0,25.132073590991087,27.459902303873847,93.23529411764704
796.0,25.132073590991087,27.45854381214438,93.23529411764707
797.0,25.132073590991087,27.457187695627013,93.23529411764706
798.0,25.132073590991087,27.455833947409648,93.23529411764704
799.0,25.132073590991087,27.454482560608493,93.23529411764707
800.0,25.132073590991087,27.45313352836757,93.23529411764706
801.0,25.132073590991087,27.45178684385876,93.23529411764706
802.0,25.132073590991087,27.45044250028178,93.23529411764706
803.0,25.132073590991087,27.449100490863625,93.23529411764706
804.0,25.132073590991087,27.44776080885896,93.23529411764706
805.0,25.132073590991087,27.446423447549424,93.23529411764706
806.0,25.132073590991087,27.44508840024399,93.23529411764706
807.0,25.132073590991087,27.443755660278548,93.23529411764706
808.0,25.132073590991087,27.44242522101579,93.23529411764704
809.0,25.132073590991087,27.441097075845047,93.23529411764706
810.0,25.132073590991087,27.43977121818233,93.23529411764706
811.0,25.132073590991087,27.43844764146998,93.23529411764704
812.0,25.132073590991087,27.43712633917662,93.23529411764704
813.0,25.132073590991087,27.435807304797056,93.23529411764706
814.0,25.132073590991087,27.434490531852163,93.23529411764706
815.0,25.132073590991087,27.433176013888552,93.23529411764706
816.0,25.132073590991087,27.43186374447866,93.23529411764706
817.0,25.132073590991087,27.430553717220654,93.23529411764706
818.0,25.132073590991087,27.429245925737895,93.23529411764706
819.0,25.132073590991087,27.42794036367939,93.23529411764707
820.0,25.132073590991087,27.42663702471917,93.23529411764707
821.0,25.132073590991087,27.42533590255653,93.23529411764707
822.0,25.132073590991087,27.42403699091558,93.23529411764706
823.0,25.132073590991087,27.422740283545323,93.23529411764706
824.0,25.132073590991087,27.421445774219542,93.23529411764706
825.0,25.132073590991087,27.420153456736536,93.23529411764706
826.0,25.132073590991087,27.41886332491909,93.23529411764707
827.0,25.132073590991087,27.417575372614287,93.23529411764706
828.0,25.132073590991087,27.416289593693538,93.23529411764704
829.0,25.132073590991087,27.415005982052175,93.23529411764706
830.0,25.132073590991087,27.413724531609752,93.23529411764707
831.0,25.132073590991087,27.412445236309363,93.23529411764706
832.0,25.132073590991087,27.41116809011807,93.23529411764704
833.0,25.132073590991087,27.40989308702653,93.23529411764706
834.0,25.132073590991087,27.408620221048764,93.23529411764706
835.0,25.132073590991087,27.40734948622227,93.23529411764707
836.0,25.132073590991087,27.406080876607813,93.23529411764706
837.0,25.132073590991087,27.404814386289203,93.23529411764706
838.0,25.132073590991087,27.4035500093734,93.23529411764704
839.0,25.132073590991087,27.40228773999015,93.23529411764707
840.0,25.132073590991087,27.40102757229216,93.23529411764706
841.0,25.132073590991087,27.39976950045465,93.23529411764707
842.0,25.132073590991087,27.39851351867553,93.23529411764706
843.0,25.132073590991087,27.39725962117509,93.23529411764706
844.0,25.132073590991087,27.396007802195992,93.23529411764704
845.0,25.132073590991087,27.39475805600317,93.23529411764706
846.0,25.132073590991087,27.39351037688362,93.23529411764707
847.0,25.132073590991087,27.392264759146443,93.23529411764707
848.0,25.132073590991087,27.391021197122555,93.23529411764706
849.0,25.132073590991087,27.38977968516472,93.23529411764704
850.0,25.132073590991087,27.38854021764732,93.23529411764706
851.0,25.132073590991087,27.387302788966473,93.23529411764706
852.0,25.132073590991087,27.386067393539587,93.23529411764706
853.0,25.132073590991087,27.384834025805603,93.23529411764706
854.0,25.132073590991087,27.38360268022468,93.23529411764706
855.0,25.132073590991087,27.382373351278083,93.23529411764706
856.0,25.132073590991087,27.38114603346814,93.23529411764706
857.0,25.132073590991087,27.379920721318253,93.23529411764704
858.0,25.132073590991087,27.378697409372545,93.23529411764706
859.0,25.132073590991087,27.377476092195977,93.23529411764706
860.0,25.132073590991087,27.376256764374077,93.23529411764706
861.0,25.132073590991087,27.375039420512948,93.23529411764706
862.0,25.132073590991087,27.37382405523919,93.23529411764706
863.0,25.132073590991087,27.372610663199772,93.23529411764706
864.0,25.132073590991087,27.371399239061773,93.23529411764706
865.0,25.132073590991087,27.370189777512568,93.23529411764707
866.0,25.132073590991087,27.368982273259533,93.23529411764704
867.0,25.132073590991087,27.36777672102997,93.23529411764704
868.0,25.132073590991087,27.366573115571097,93.23529411764706
869.0,25.132073590991087,27.365371451649835,93.23529411764706
870.0,25.132073590991087,27.3641717240528,93.23529411764706
871.0,25.132073590991087,27.362973927586296,93.23529411764706
872.0,25.132073590991087,27.36177805707591,93.23529411764706
873.0,25.132073590991087,27.36058410736669,93.23529411764706
874.0,25.132073590991087,27.359392073323058,93.23529411764706
875.0,25.132073590991087,27.358201949828498,93.23529411764704
876.0,25.132073590991087,27.357013731785763,93.23529411764706
877.0,25.132073590991087,27.355827414116476,93.23529411764704
878.0,25.132073590991087,27.354642991761228,93.23529411764706
879.0,25.132073590991087,27.353460459679436,93.23529411764706
880.0,25.132073590991087,27.352279812849375,93.23529411764704
881.0,25.132073590991087,27.351101046267765,93.23529411764707
882.0,25.132073590991087,27.349924154950113,93.23529411764704
883.0,25.132073590991087,27.34874913393026,93.23529411764706
884.0,25.132073590991087,27.347575978260494,93.23529411764704
885.0,25.132073590991087,27.346404683011283,93.23529411764706
886.0,25.132073590991087,27.345235243271524,93.23529411764706
887.0,25.132073590991087,27.344067654148095,93.23529411764707
888.0,25.132073590991087,27.342901910765914,93.23529411764706
889.0,25.132073590991087,27.341738008267964,93.23529411764706
890.0,25.132073590991087,27.340575941815047,93.23529411764706
891.0,25.132073590991087,27.339415706585605,93.23529411764706
892.0,25.132073590991087,27.338257297776025,93.23529411764706
893.0,25.132073590991087,27.337100710600154,93.23529411764707
894.0,25.132073590991087,27.33594594028949,93.23529411764706
895.0,25.132073590991087,27.334792982092857,93.23529411764704
896.0,25.132073590991087,27.333641831276537,93.23529411764706
897.0,25.132073590991087,27.332492483124074,93.23529411764704
898.0,25.132073590991087,27.33134493293622,93.23529411764706
899.0,25.132073590991087,27.330199176030913,93.23529411764706
900.0,25.132073590991087,27.329055207743078,93.23529411764706
901.0,25.132073590991087,27.327913023424593,93.23529411764706
902.0,25.132073590991087,27.326772618444288,93.23529411764706
903.0,25.132073590991087,27.32563398818776,93.23529411764706
904.0,25.132073590991087,27.324497128057374,93.23529411764706
905.0,25.132073590991087,27.323362033472133,93.23529411764706
906.0,25.132073590991087,27.322228699867566,93.23529411764706
907.0,25.132073590991087,27.321097122695825,93.23529411764706
908.0,25.132073590991087,27.319967297425354,93.23529411764704
909.0,25.132073590991087,27.318839219541026,93.23529411764706
910.0,25.132073590991087,27.31771288454395,93.23529411764706
911.0,25.132073590991087,27.316588287951497,93.23529411764706
912.0,25.132073590991087,27.31546542529705,93.23529411764706
913.0,25.132073590991087,27.31434429213008,93.23529411764706
914.0,25.132073590991087,27.313224884016098,93.23529411764706
915.0,25.132073590991087,27.3121071965365,93.23529411764706
916.0,25.132073590991087,27.310991225288404,93.23529411764706
917.0,25.132073590991087,27.309876965884705,93.23529411764706
918.0,25.132073590991087,27.30876441395418,93.23529411764706
919.0,25.132073590991087,27.30765356514098,93.23529411764706
920.0,25.132073590991087,27.306544415104828,93.23529411764706
921.0,25.132073590991087,27.305436959521032,93.23529411764707
922.0,25.132073590991087,27.304331194080195,93.23529411764706
923.0,25.132073590991087,27.30322711448832,93.23529411764706
924.0,25.132073590991087,27.302124716466565,93.23529411764704
925.0,25.132073590991087,27.30102399575129,93.23529411764706
926.0,25.132073590991087,27.299924948094166,93.23529411764706
927.0,25.132073590991087,27.298827569261572,93.23529411764707
928.0,25.132073590991087,27.297731855035245,93.23529411764706
929.0,25.132073590991087,27.296637801211453,93.23529411764706
930.0,25.132073590991087,27.295545403601665,93.23529411764706
931.0,25.132073590991087,27.294454658031803,93.23529411764706
932.0,25.132073590991087,27.293365560342757,93.23529411764704
933.0,25.132073590991087,27.292278106389904,93.23529411764707
934.0,25.132073590991087,27.291192292043277,93.23529411764706
935.0,25.132073590991087,27.290108113187394,93.23529411764706
936.0,25.132073590991087,27.289025565721158,93.23529411764706
937.0,25.132073590991087,27.287944645558,93.23529411764704
938.0,25.132073590991087,27.286865348625508,93.23529411764704
939.0,25.132073590991087,27.28578767086564,93.23529411764706
940.0,25.132073590991087,27.284711608234456,93.23529411764704
941.0,25.132073590991087,27.283637156702206,93.23529411764706
942.0,25.132073590991087,27.282564312253093,93.23529411764707
943.0,25.132073590991087,27.281493070885453,93.23529411764706
944.0,25.132073590991087,27.280423428611474,93.23529411764706
945.0,25.132073590991087,27.279355381457254,93.23529411764706
946.0,25.132073590991087,27.278288925462725,93.23529411764704
947.0,25.132073590991087,27.277224056681415,93.23529411764706
948.0,25.132073590991087,27.276160771180752,93.23529411764706
949.0,25.132073590991087,27.27509906504167,93.23529411764706
950.0,25.132073590991087,27.274038934358646,93.23529411764707
951.0,25.132073590991087,27.272980375239705,93.23529411764706
952.0,25.132073590991087,27.271923383806357,93.23529411764706
953.0,25.132073590991087,27.270867956193495,93.23529411764706
954.0,25.132073590991087,27.269814088549168,93.23529411764706
955.0,25.132073590991087,27.268761777034932,93.23529411764706
956.0,25.132073590991087,27.267711017825388,93.23529411764706
957.0,25.132073590991087,27.266661807108367,93.23529411764706
958.0,25.132073590991087,27.265614141084786,93.23529411764706
959.0,25.132073590991087,27.264568015968592,93.23529411764707
960.0,25.132073590991087,27.263523427986634,93.23529411764706
961.0,25.132073590991087,27.262480373378754,93.23529411764707
962.0,25.132073590991087,27.261438848397674,93.23529411764704
963.0,25.132073590991087,27.26039884930889,93.23529411764706
964.0,25.132073590991087,27.25936037239065,93.23529411764706
965.0,25.132073590991087,27.25832341393388,93.23529411764706
966.0,25.132073590991087,27.257287970242167,93.23529411764706
967.0,25.132073590991087,27.25625403763173,93.23529411764706
968.0,25.132073590991087,27.25522161243119,93.23529411764707
969.0,25.132073590991087,27.254190690981794,93.23529411764707
970.0,25.132073590991087,27.253161269637054,93.23529411764707
971.0,25.132073590991087,27.2521333447629,93.23529411764707
972.0,25.132073590991087,27.25110691273774,93.23529411764706
973.0,25.132073590991087,27.25008196995199,93.23529411764706
974.0,25.132073590991087,27.249058512808336,93.23529411764707
975.0,25.132073590991087,27.248036537721767,93.23529411764706
976.0,25.132073590991087,27.247016041119235,93.23529411764706
977.0,25.132073590991087,27.245997019439706,93.23529411764704
978.0,25.132073590991087,27.24497946913421,93.23529411764706
979.0,25.132073590991087,27.243963386665783,93.23529411764706
980.0,25.132073590991087,27.24294876850916,93.23529411764706
981.0,25.132073590991087,27.241935611151185,93.23529411764704
982.0,25.132073590991087,27.240923911090185,93.23529411764706
983.0,25.132073590991087,27.23991366483642,93.23529411764706
984.0,25.132073590991087,27.238904868911842,93.23529411764706
985.0,25.132073590991087,27.237897519849934,93.23529411764706
986.0,25.132073590991087,27.236891614195894,93.23529411764706
987.0,25.132073590991087,27.235887148506347,93.23529411764706
988.0,25.132073590991087,27.23488411934939,93.23529411764706
989.0,25.132073590991087,27.233882523304683,93.23529411764706
990.0,25.132073590991087,27.232882356963145,93.23529411764706
991.0,25.132073590991087,27.231883616927163,93.23529411764704
992.0,25.132073590991087,27.230886299810326,93.23529411764706
993.0,25.132073590991087,27.229890402237462,93.23529411764706
994.0,25.132073590991087,27.228895920844685,93.23529411764706
995.0,25.132073590991087,27.227902852279108,93.23529411764706
996.0,25.132073590991087,27.22691119319909,93.23529411764706
997.0,25.132073590991087,27.22592094027394,93.23529411764706
998.0,25.132073590991087,27.224932090184087,93.23529411764707
999.0,25.132073590991087,27.223944639620832,93.23529411764706
1000.0,25.132073590991087,27.222958585286314,93.23529411764706
1001.0,25.132073590991087,27.221973923893795,93.23529411764707
1002.0,25.132073590991087,27.220990652167046,93.23529411764707
1003.0,25.132073590991087,27.220008766840905,93.23529411764707
1004.0,25.132073590991087,27.21902826466068,93.23529411764706
1005.0,25.132073590991087,27.218049142382547,93.23529411764704
1006.0,25.132073590991087,27.217071396773196,93.23529411764706
1007.0,25.132073590991087,27.216095024610116,93.23529411764706
1008.0,25.132073590991087,27.215120022681045,93.23529411764704
1009.0,25.132073590991087,27.21414638778447,93.23529411764704
1010.0,25.132073590991087,27.213174116729284,93.23529411764706
1011.0,25.132073590991087,27.212203206334628,93.23529411764706
1012.0,25.132073590991087,27.211233653430337,93.23529411764707
1013.0,25.132073590991087,27.21026545485629,93.23529411764706
1014.0,25.132073590991087,27.20929860746285,93.23529411764706
1015.0,25.132073590991087,27.208333108110384,93.23529411764706
1016.0,25.132073590991087,27.207368953669775,93.23529411764707
1017.0,25.132073590991087,27.20640614102187,93.23529411764706
1018.0,25.132073590991087,27.205444667057584,93.23529411764706
1019.0,25.132073590991087,27.204484528678012,93.23529411764706
1020.0,25.132073590991087,27.20352572279435,93.23529411764706
1021.0,25.132073590991087,27.20256824632761,93.23529411764707
1022.0,25.132073590991087,27.2016120962089,93.23529411764706
1023.0,25.132073590991087,27.200657269379082,93.23529411764704
1024.0,25.132073590991087,27.199703762789028,93.23529411764706
1025.0,25.132073590991087,27.198751573399385,93.23529411764707
1026.0,25.132073590991087,27.197800698180643,93.23529411764706
1027.0,25.132073590991087,27.196851134112848,93.23529411764706
1028.0,25.132073590991087,27.195902878186008,93.23529411764704
1029.0,25.132073590991087,27.194955927399548,93.23529411764706
1030.0,25.132073590991087,27.19401027876281,93.23529411764706
1031.0,25.132073590991087,27.19306592929437,93.23529411764704
1032.0,25.132073590991087,27.192122876022637,93.23529411764706
1033.0,25.132073590991087,27.191181115985426,93.23529411764706
1034.0,25.132073590991087,27.190240646229945,93.23529411764706
1035.0,25.132073590991087,27.189301463812935,93.23529411764706
1036.0,25.132073590991087,27.188363565800515,93.23529411764704
1037.0,25.132073590991087,27.18742694926812,93.23529411764706
1038.0,25.132073590991087,27.186491611300475,93.23529411764704
1039.0,25.132073590991087,27.185557548991653,93.23529411764706
1040.0,25.132073590991087,27.184624759444905,93.23529411764706
1041.0,25.132073590991087,27.183693239772715,93.23529411764706
1042.0,25.132073590991087,27.182762987096684,93.23529411764707
1043.0,25.132073590991087,27.18183399854764,93.23529411764706
1044.0,25.132073590991087,27.180906271265385,93.23529411764706
1045.0,25.132073590991087,27.179979802398762,93.23529411764706
1046.0,25.132073590991087,27.17905458910579,93.23529411764704
1047.0,25.132073590991087,27.178130628553287,93.23529411764707
1048.0,25.132073590991087,27.177207917917116,93.23529411764706
1049.0,25.132073590991087,27.17628645438198,93.23529411764706
1050.0,25.132073590991087,27.17536623514148,93.23529411764706
1051.0,25.132073590991087,27.1744472573981,93.23529411764707
1052.0,25.132073590991087,27.173529518362994,93.23529411764707
1053.0,25.132073590991087,27.17261301525613,93.23529411764706
1054.0,25.132073590991087,27.17169774530638,93.23529411764704
1055.0,25.132073590991087,27.17078370575097,93.23529411764706
1056.0,25.132073590991087,27.169870893836094,93.23529411764706
1057.0,25.132073590991087,27.168959306816404,93.23529411764706
1058.0,25.132073590991087,27.168048941955103,93.23529411764707
1059.0,25.132073590991087,27.167139796524108,93.23529411764706
1060.0,25.132073590991087,27.166231867803734,93.23529411764707
1061.0,25.132073590991087,27.165325153082748,93.23529411764707
1062.0,25.132073590991087,27.164419649658495,93.23529411764706
1063.0,25.132073590991087,27.163515354836562,93.23529411764707
1064.0,25.132073590991087,27.16261226593116,93.23529411764706
1065.0,25.132073590991087,27.161710380264566,93.23529411764706
1066.0,25.132073590991087,27.160809695167643,93.23529411764706
1067.0,25.132073590991087,27.159910207979284,93.23529411764706
1068.0,25.132073590991087,27.159011916046865,93.23529411764707
1069.0,25.132073590991087,27.158114816725806,93.23529411764706
1070.0,25.132073590991087,27.15721890737972,93.23529411764707
1071.0,25.132073590991087,27.156324185380516,93.23529411764706
1072.0,25.132073590991087,27.155430648108098,93.23529411764706
1073.0,25.132073590991087,27.15453829295045,93.23529411764706
1074.0,25.132073590991087,27.15364711730366,93.23529411764704
1075.0,25.132073590991087,27.15275711857181,93.23529411764706
1076.0,25.132073590991087,27.151868294167066,93.23529411764706
1077.0,25.132073590991087,27.15098064150939,93.23529411764706
1078.0,25.132073590991087,27.15009415802676,93.23529411764704
1079.0,25.132073590991087,27.14920884115506,93.23529411764707
1080.0,25.132073590991087,27.148324688338004,93.23529411764706
1081.0,25.132073590991087,27.147441697027194,93.23529411764706
1082.0,25.132073590991087,27.146559864681965,93.23529411764706
1083.0,25.132073590991087,27.145679188769435,93.23529411764706
1084.0,25.132073590991087,27.144799666764584,93.23529411764706
1085.0,25.132073590991087,27.14392129614998,93.23529411764706
1086.0,25.132073590991087,27.14304407441584,93.23529411764707
1087.0,25.132073590991087,27.142167999060092,93.23529411764706
1088.0,25.132073590991087,27.14129306758832,93.23529411764706
1089.0,25.132073590991087,27.140419277513676,93.23529411764706
1090.0,25.132073590991087,27.139546626356918,93.23529411764706
1091.0,25.132073590991087,27.138675111646144,93.23529411764706
1092.0,25.132073590991087,27.137804730917132,93.23529411764706
1093.0,25.132073590991087,27.136935481713213,93.23529411764706
1094.0,25.132073590991087,27.136067361584907,93.23529411764706
1095.0,25.132073590991087,27.135200368090345,93.23529411764707
1096.0,25.132073590991087,27.134334498794907,93.23529411764706
1097.0,25.132073590991087,27.13346975127157,93.23529411764706
1098.0,25.132073590991087,27.132606123100334,93.23529411764707
1099.0,25.132073590991087,27.131743611868725,93.23529411764706
1100.0,25.132073590991087,27.130882215171415,93.23529411764706
1101.0,25.132073590991087,27.130021930610422,93.23529411764706
1102.0,25.132073590991087,27.12916275579485,93.23529411764706
1103.0,25.132073590991087,27.12830468834112,93.23529411764706
1104.0,25.132073590991087,27.127447725872724,93.23529411764704
1105.0,25.132073590991087,27.126591866020416,93.23529411764706
1106.0,25.132073590991087,27.125737106421877,93.23529411764706
1107.0,25.132073590991087,27.124883444721977,93.23529411764704
1108.0,25.132073590991087,27.124030878572615,93.23529411764707
1109.0,25.132073590991087,27.123179405632726,93.23529411764706
1110.0,25.132073590991087,27.12232902356825,93.23529411764706
1111.0,25.132073590991087,27.12147973005201,93.23529411764706
1112.0,25.132073590991087,27.120631522763887,93.23529411764706
1113.0,25.132073590991087,27.11978439939057,93.23529411764704
1114.0,25.132073590991087,27.118938357625783,93.23529411764707
1115.0,25.132073590991087,27.11809339517,93.23529411764706
1116.0,25.132073590991087,27.11724950973059,93.23529411764706
1117.0,25.132073590991087,27.116406699021613,93.23529411764706
1118.0,25.132073590991087,27.11556496076412,93.23529411764706
1119.0,25.132073590991087,27.11472429268574,93.23529411764706
1120.0,25.132073590991087,27.113884692520884,93.23529411764704
1121.0,25.132073590991087,27.113046158010743,93.23529411764706
1122.0,25.132073590991087,27.112208686903205,93.23529411764707
1123.0,25.132073590991087,27.11137227695258,93.23529411764704
1124.0,25.132073590991087,27.110536925920126,93.23529411764706
1125.0,25.132073590991087,27.10970263157351,93.23529411764706
1126.0,25.132073590991087,27.108869391687062,93.23529411764706
1127.0,25.132073590991087,27.10803720404154,93.23529411764706
1128.0,25.132073590991087,27.10720606642448,93.23529411764706
1129.0,25.132073590991087,27.1063759766297,93.23529411764706
1130.0,25.132073590991087,27.10554693245758,93.23529411764704
1131.0,25.132073590991087,27.104718931714977,93.23529411764704
1132.0,25.132073590991087,27.103891972215177,93.23529411764704
1133.0,25.132073590991087,27.10306605177785,93.23529411764704
1134.0,25.132073590991087,27.10224116822907,93.23529411764707
1135.0,25.132073590991087,27.10141731940129,93.23529411764706
1136.0,25.132073590991087,27.100594503133173,93.23529411764706
1137.0,25.132073590991087,27.09977271726993,93.23529411764706
1138.0,25.132073590991087,27.098951959662898,93.23529411764706
1139.0,25.132073590991087,27.098132228169717,93.23529411764706
1140.0,25.132073590991087,27.097313520654208,93.23529411764706
1141.0,25.132073590991087,27.096495834986595,93.23529411764706
1142.0,25.132073590991087,27.095679169043034,93.23529411764706
1143.0,25.132073590991087,27.094863520706138,93.23529411764706
1144.0,25.132073590991087,27.094048887864435,93.23529411764706
1145.0,25.132073590991087,27.093235268412702,93.23529411764706
1146.0,25.132073590991087,27.092422660251785,93.23529411764704
1147.0,25.132073590991087,27.09161106128865,93.23529411764706
1148.0,25.132073590991087,27.0908004694363,93.23529411764706
1149.0,25.132073590991087,27.089990882613744,93.23529411764704
1150.0,25.132073590991087,27.089182298745996,93.23529411764706
1151.0,25.132073590991087,27.088374715764182,93.23529411764706
1152.0,25.132073590991087,27.087568131605202,93.23529411764704
1153.0,25.132073590991087,27.08676254421212,93.23529411764706
1154.0,25.132073590991087,27.08595795153377,93.23529411764704
1155.0,25.132073590991087,27.085154351524935,93.23529411764706
1156.0,25.132073590991087,27.084351742146268,93.23529411764704
1157.0,25.132073590991087,27.083550121364276,93.23529411764706
1158.0,25.132073590991087,27.08274948715142,93.23529411764706
1159.0,25.132073590991087,27.081949837485812,93.23529411764706
1160.0,25.132073590991087,27.08115117035146,93.23529411764707
1161.0,25.132073590991087,27.080353483738097,93.23529411764707
1162.0,25.132073590991087,27.079556775641194,93.23529411764704
1163.0,25.132073590991087,27.0787610440621,93.23529411764706
1164.0,25.132073590991087,27.07796628700763,93.23529411764706
1165.0,25.132073590991087,27.077172502490495,93.23529411764707
1166.0,25.132073590991087,27.076379688528956,93.23529411764706
1167.0,25.132073590991087,27.07558784314706,93.23529411764706
1168.0,25.132073590991087,27.074796964374315,93.23529411764706
1169.0,25.132073590991087,27.07400705024587,93.23529411764707
1170.0,25.132073590991087,27.07321809880259,93.23529411764706
1171.0,25.132073590991087,27.072430108090828,93.23529411764706
1172.0,25.132073590991087,27.071643076162378,93.23529411764706
1173.0,25.132073590991087,27.07085700107467,93.23529411764706
1174.0,25.132073590991087,27.070071880890666,93.23529411764706
1175.0,25.132073590991087,27.06928771367878,93.23529411764706
1176.0,25.132073590991087,27.068504497512787,93.23529411764704
1177.0,25.132073590991087,27.06772223047213,93.23529411764706
1178.0,25.132073590991087,27.06694091064146,93.23529411764706
1179.0,25.132073590991087,27.066160536110946,93.23529411764707
1180.0,25.132073590991087,27.065381104976094,93.23529411764706
1181.0,25.132073590991087,27.064602615337822,93.23529411764706
1182.0,25.132073590991087,27.063825065302364,93.23529411764706
1183.0,25.132073590991087,27.06304845298136,93.23529411764707
1184.0,25.132073590991087,27.062272776491607,93.23529411764706
1185.0,25.132073590991087,27.061498033955296,93.23529411764706
1186.0,25.132073590991087,27.060724223499864,93.23529411764706
1187.0,25.132073590991087,27.059951343258064,93.23529411764707
1188.0,25.132073590991087,27.059179391367763,93.23529411764706
1189.0,25.132073590991087,27.058408365972106,93.23529411764707
1190.0,25.132073590991087,27.05763826521945,93.23529411764706
1191.0,25.132073590991087,27.056869087263344,93.23529411764706
1192.0,25.132073590991087,27.056100830262352,93.23529411764706
1193.0,25.132073590991087,27.05533349238032,93.23529411764706
1194.0,25.132073590991087,27.054567071786234,93.23529411764704
1195.0,25.132073590991087,27.053801566654133,93.23529411764704
1196.0,25.132073590991087,27.053036975163057,93.23529411764707
1197.0,25.132073590991087,27.052273295497198,93.23529411764707
1198.0,25.132073590991087,27.051510525845814,93.23529411764707
1199.0,25.132073590991087,27.05074866440322,93.23529411764706
1200.0,25.132073590991087,27.049987709368562,93.23529411764706
