"tick","donation-normed-small","donation-small","donation-valued-small"
1.0,7.5,5.001250000000001,5.0
2.0,7.5,5.0024999999999995,5.0
3.0,7.5,5.00375,5.0
4.0,7.5,5.005000000000001,5.0
5.0,7.5,5.005536600223236,5.0
6.0,7.5,5.015662950906474,5.0
7.0,7.5,5.043189225957327,5.0
8.0,7.5,5.118013399233227,5.0
9.0,7.5,5.321406589778579,5.0
10.0,7.5,5.854715292478953,5.0
11.0,7.5,5.873110819277795,5.0
12.0,7.5,5.889156081756484,5.0
13.0,7.5,5.9033123773592315,5.0
14.0,7.5,5.915923447609469,5.0
15.0,7.5,5.9272513878160495,5.0
16.0,7.5,5.9375,5.0
17.0,7.5,5.946830468704583,5.0
18.0,7.5,5.955372174505605,5.0
19.0,7.5,5.963230332661798,5.0
20.0,7.5,5.970491502812526,5.0
21.0,7.5,5.97722763720501,5.0
22.0,7.5,5.983499104555488,5.0
23.0,7.5,5.9893569824286566,5.0
24.0,7.5,5.994844818460085,5.0
25.0,7.5,6.0,5.0
26.0,7.5,6.00485483107727,5.0
27.0,7.5,6.009437387837656,5.0
28.0,7.5,6.013772204369232,5.0
29.0,7.5,6.017880827278685,5.0
30.0,7.5,6.021782267706181,5.0
31.0,7.5,6.025493372466531,5.0
32.0,7.5,6.029029130879204,5.0
33.0,7.5,6.032402930055378,5.0
34.0,7.5,6.035626768571863,5.0
35.0,7.5,6.038711436317872,5.0
36.0,7.5,6.041666666666667,5.0
37.0,7.5,6.044501265868304,5.0
38.0,7.5,6.047223223586546,5.0
39.0,7.5,6.049839807743641,5.0
40.0,7.5,6.052357646239475,5.0
41.0,7.5,6.054782797639242,5.0
42.0,7.5,6.057120812547385,5.0
43.0,7.5,6.059376787084243,5.0
44.0,7.5,6.061555409638898,5.0
45.0,7.5,6.063661001875017,5.0
46.0,7.5,6.065697554806378,5.0
47.0,7.5,6.067668760627632,5.0
48.0,7.5,6.069578040878241,5.0
49.0,7.5,6.071428571428571,5.0
50.0,7.5,6.073223304703363,5.0
51.0,7.5,6.074964989496499,5.0
52.0,7.5,6.076656188679616,5.0
53.0,7.5,6.078299295064139,5.0
54.0,7.5,6.079896545640057,5.0
55.0,7.5,6.08145003438419,5.0
56.0,7.5,6.082961723804735,5.0
57.0,7.5,6.08443345536687,5.0
58.0,7.5,6.085866958925347,5.0
59.0,7.5,6.0872638612739705,5.0
60.0,7.5,6.088625693908025,5.0
61.0,7.5,6.089953900083881,5.0
62.0,7.5,6.091249841249763,5.0
63.0,7.5,6.092514802912822,5.0
64.0,7.5,6.09375,5.0
65.0,7.5,6.0949565817634905,5.0
66.0,7.5,6.096135636275834,5.0
67.0,7.5,6.0972881945546185,5.0
68.0,7.5,6.0984152343522915,5.0
69.0,7.5,6.099517683642788,5.0
70.0,7.5,6.100596423833201,5.0
71.0,7.5,6.101652292725769,5.0
72.0,7.5,6.102686087252803,5.0
73.0,7.5,6.103698566004837,5.0
74.0,7.5,6.104690451570226,5.0
75.0,7.5,6.1056624327025935,5.0
76.0,7.5,6.106615166330898,5.0
77.0,7.5,6.107549279425452,5.0
78.0,7.5,6.108465370731925,5.0
79.0,7.5,6.109364012384248,5.0
80.0,7.5,6.110245751406264,5.0
81.0,7.5,6.111111111111111,5.0
82.0,7.5,6.111960592406442,5.0
83.0,7.5,6.1127946750128865,5.0
84.0,7.5,6.113613818602505,5.0
85.0,7.5,6.11441846386334,5.0
86.0,7.5,6.115209033495702,5.0
87.0,7.5,6.115985933145275,5.0
88.0,7.5,6.116749552277743,5.0
89.0,7.5,6.1175002649992045,5.0
90.0,7.5,6.118238430826318,5.0
91.0,7.5,6.11896439540976,5.0
92.0,7.5,6.119678491214328,5.0
93.0,7.5,6.120381038158698,5.0
94.0,7.5,6.121072344217652,5.0
95.0,7.5,6.121752705989355,5.0
96.0,7.5,6.122422409230043,5.0
97.0,7.5,6.123081729358297,5.0
98.0,7.5,6.123730931930974,5.0
99.0,7.5,6.124370273092598,5.0
100.0,7.5,6.125,5.0
101.0,7.5,6.125620351223752,5.0
102.0,7.5,6.126231557127916,5.0
103.0,7.5,6.126833840229462,5.0
104.0,7.5,6.127427415538634,5.0
105.0,7.5,6.128012490881433,5.0
106.0,7.5,6.128589267205342,5.0
107.0,7.5,6.129157938869292,5.0
108.0,7.5,6.129718693918829,5.0
109.0,7.5,6.130271714347356,5.0
110.0,7.5,6.130817176344301,5.0
111.0,7.5,6.131355250530937,5.0
112.0,7.5,6.131886102184616,5.0
113.0,7.5,6.132409891452049,5.0
114.0,7.5,6.132926773552288,5.0
115.0,7.5,6.133436898969961,5.0
116.0,7.5,6.133940413639343,5.0
117.0,7.5,6.134437459119745,5.0
118.0,7.5,6.134928172762709,5.0
119.0,7.5,6.135412687871473,5.0
120.0,7.5,6.1358911338530895,5.0
121.0,7.5,6.136363636363637,5.0
122.0,7.5,6.136830317446852,5.0
123.0,7.5,6.1372912956665715,5.0
124.0,7.5,6.137746686233266,5.0
125.0,7.5,6.13819660112501,5.0
126.0,7.5,6.138641149203156,5.0
127.0,7.5,6.139080436322985,5.0
128.0,7.5,6.139514565439601,5.0
129.0,7.5,6.139943636709297,5.0
130.0,7.5,6.140367747586621,5.0
131.0,7.5,6.14078699291737,5.0
132.0,7.5,6.141201465027689,5.0
133.0,7.5,6.141611253809486,5.0
134.0,7.5,6.14201644680233,5.0
135.0,7.5,6.142417129272015,5.0
136.0,7.5,6.142813384285932,5.0
137.0,7.5,6.143205292785405,5.0
138.0,7.5,6.143592933655157,5.0
139.0,7.5,6.1439763837900045,5.0
140.0,7.5,6.144355718158935,5.0
141.0,7.5,6.144731009866685,5.0
142.0,7.5,6.145102330212914,5.0
143.0,7.5,6.145469748749115,5.0
144.0,7.5,6.145833333333333,5.0
145.0,7.5,6.146193150182825,5.0
146.0,7.5,6.146549263924705,5.0
147.0,7.5,6.1469017376447095,5.0
148.0,7.5,6.147250632934153,5.0
149.0,7.5,6.147596009935121,5.0
150.0,7.5,6.147937927384035,5.0
151.0,7.5,6.148276442653605,5.0
152.0,7.5,6.1486116117932745,5.0
153.0,7.5,6.148943489568194,5.0
154.0,7.5,6.149272129496827,5.0
155.0,7.5,6.1495975838871875,5.0
156.0,7.5,6.149919903871821,5.0
157.0,7.5,6.150239139441547,5.0
158.0,7.5,6.150555339478034,5.0
159.0,7.5,6.150868551785233,5.0
160.0,7.5,6.151178823119738,5.0
161.0,7.5,6.151486199220113,5.0
162.0,7.5,6.151790724835202,5.0
163.0,7.5,6.152092443751506,5.0
164.0,7.5,6.152391398819621,5.0
165.0,7.5,6.152687631979809,5.0
166.0,7.5,6.152981184286709,5.0
167.0,7.5,6.153272095933232,5.0
168.0,7.5,6.153560406273693,5.0
169.0,7.5,6.153846153846153,5.0
170.0,7.5,6.154129376394078,5.0
171.0,7.5,6.154410110887266,5.0
172.0,7.5,6.154688393542122,5.0
173.0,7.5,6.154964259841286,5.0
174.0,7.5,6.155237744552636,5.0
175.0,7.5,6.155508881747693,5.0
176.0,7.5,6.1557777048194495,5.0
177.0,7.5,6.156044246499647,5.0
178.0,7.5,6.156308538875518,5.0
179.0,7.5,6.156570613406007,5.0
180.0,7.5,6.156830500937509,5.0
181.0,7.5,6.157088231719104,5.0
182.0,7.5,6.157343835417362,5.0
183.0,7.5,6.157597341130678,5.0
184.0,7.5,6.1578487774031885,5.0
185.0,7.5,6.158098172238274,5.0
186.0,7.5,6.158345553111654,5.0
187.0,7.5,6.158590946984109,5.0
188.0,7.5,6.158834380313817,5.0
189.0,7.5,6.159075879068336,5.0
190.0,7.5,6.159315468736249,5.0
191.0,7.5,6.1595531743384475,5.0
192.0,7.5,6.159789020439121,5.0
193.0,7.5,6.160023031156413,5.0
194.0,7.5,6.160255230172783,5.0
195.0,7.5,6.160485640745071,5.0
196.0,7.5,6.160714285714285,5.0
197.0,7.5,6.160941187515114,5.0
198.0,7.5,6.161166368185163,5.0
199.0,7.5,6.161389849373958,5.0
200.0,7.5,6.161611652351681,5.0
201.0,7.5,6.161831798017675,5.0
202.0,7.5,6.162050306908714,5.0
203.0,7.5,6.162267199207051,5.0
204.0,7.5,6.16248249474825,5.0
205.0,7.5,6.162696213028802,5.0
206.0,7.5,6.162908373213547,5.0
207.0,7.5,6.163118994142885,5.0
208.0,7.5,6.163328094339807,5.0
209.0,7.5,6.16353569201674,5.0
210.0,7.5,6.163741805082206,5.0
211.0,7.5,6.163946451147311,5.0
212.0,7.5,6.16414964753207,5.0
213.0,7.5,6.164351411271559,5.0
214.0,7.5,6.164551759121917,5.0
215.0,7.5,6.164750707566191,5.0
216.0,7.5,6.164948272820029,5.0
217.0,7.5,6.165144470837234,5.0
218.0,7.5,6.165339317315176,5.0
219.0,7.5,6.165532827700065,5.0
220.0,7.5,6.165725017192095,5.0
221.0,7.5,6.165915900750461,5.0
222.0,7.5,6.166105493098247,5.0
223.0,7.5,6.166293808727197,5.0
224.0,7.5,6.166480861902368,5.0
225.0,7.5,6.166666666666667,5.0
226.0,7.5,6.166851236845282,5.0
227.0,7.5,6.167034586050004,5.0
228.0,7.5,6.167216727683435,5.0
229.0,7.5,6.167397674943114,5.0
230.0,7.5,6.167577440825526,5.0
231.0,7.5,6.16775603813003,5.0
232.0,7.5,6.167933479462674,5.0
233.0,7.5,6.168109777239948,5.0
234.0,7.5,6.168284943692424,5.0
235.0,7.5,6.16845899086832,5.0
236.0,7.5,6.168631930636985,5.0
237.0,7.5,6.168803774692297,5.0
238.0,7.5,6.168974534555979,5.0
239.0,7.5,6.169144221580856,5.0
240.0,7.5,6.169312846954012,5.0
241.0,7.5,6.169480421699896,5.0
242.0,7.5,6.169646956683347,5.0
243.0,7.5,6.169812462612551,5.0
244.0,7.5,6.1699769500419395,5.0
245.0,7.5,6.1701404293750075,5.0
246.0,7.5,6.170302910867083,5.0
247.0,7.5,6.170464404628028,5.0
248.0,7.5,6.170624920624881,5.0
249.0,7.5,6.170784468684441,5.0
250.0,7.5,6.170943058495791,5.0
251.0,7.5,6.171100699612775,5.0
252.0,7.5,6.171257401456412,5.0
253.0,7.5,6.171413173317259,5.0
254.0,7.5,6.17156802435773,5.0
255.0,7.5,6.171721963614356,5.0
256.0,7.5,6.171875,5.0
257.0,7.5,6.172027142306025,5.0
258.0,7.5,6.172178399204413,5.0
259.0,7.5,6.17232877924985,5.0
260.0,7.5,6.172478290881745,5.0
261.0,7.5,6.172626942426228,5.0
262.0,7.5,6.172774742098098,5.0
263.0,7.5,6.172921698002725,5.0
264.0,7.5,6.173067818137916,5.0
265.0,7.5,6.173213110395757,5.0
266.0,7.5,6.173357582564379,5.0
267.0,7.5,6.173501242329737,5.0
268.0,7.5,6.173644097277309,5.0
269.0,7.5,6.173786154893789,5.0
270.0,7.5,6.1739274225687275,5.0
271.0,7.5,6.174067907596151,5.0
272.0,7.5,6.174207617176146,5.0
273.0,7.5,6.174346558416399,5.0
274.0,7.5,6.174484738333728,5.0
275.0,7.5,6.17462216385556,5.0
276.0,7.5,6.174758841821394,5.0
277.0,7.5,6.174894778984235,5.0
278.0,7.5,6.175029982011992,5.0
279.0,7.5,6.175164457488844,5.0
280.0,7.5,6.175298211916601,5.0
281.0,7.5,6.175431251716013,5.0
282.0,7.5,6.175563583228073,5.0
283.0,7.5,6.175695212715279,5.0
284.0,7.5,6.175826146362883,5.0
285.0,7.5,6.175956390280113,5.0
286.0,7.5,6.176085950501364,5.0
287.0,7.5,6.17621483298738,5.0
288.0,7.5,6.176343043626401,5.0
289.0,7.5,6.1764705882352935,5.0
290.0,7.5,6.176597472560662,5.0
291.0,7.5,6.176723702279932,5.0
292.0,7.5,6.176849283002419,5.0
293.0,7.5,6.1769742202703775,5.0
294.0,7.5,6.177098519560024,5.0
295.0,7.5,6.1772221862825525,5.0
296.0,7.5,6.177345225785113,5.0
297.0,7.5,6.177467643351793,5.0
298.0,7.5,6.177589444204564,5.0
299.0,7.5,6.177710633504219,5.0
300.0,7.5,6.177831216351297,5.0
301.0,7.5,6.177951197786971,5.0
302.0,7.5,6.178070582793946,5.0
303.0,7.5,6.178189376297322,5.0
304.0,7.5,6.178307583165449,5.0
305.0,7.5,6.178425208210766,5.0
306.0,7.5,6.178542256190621,5.0
307.0,7.5,6.178658731808081,5.0
308.0,7.5,6.178774639712727,5.0
309.0,7.5,6.178889984501428,5.0
310.0,7.5,6.179004770719118,5.0
311.0,7.5,6.179119002859533,5.0
312.0,7.5,6.179232685365963,5.0
313.0,7.5,6.179345822631973,5.0
314.0,7.5,6.179458419002113,5.0
315.0,7.5,6.179570478772624,5.0
316.0,7.5,6.179682006192124,5.0
317.0,7.5,6.179793005462283,5.0
318.0,7.5,6.179903480738495,5.0
319.0,7.5,6.180013436130519,5.0
320.0,7.5,6.180122875703131,5.0
321.0,7.5,6.180231803476757,5.0
322.0,7.5,6.1803402234280815,5.0
323.0,7.5,6.180448139490668,5.0
324.0,7.5,6.180555555555555,5.0
325.0,7.5,6.180662475471847,5.0
326.0,7.5,6.180768903047286,5.0
327.0,7.5,6.1808748420488335,5.0
328.0,7.5,6.18098029620322,5.0
329.0,7.5,6.181085269197504,5.0
330.0,7.5,6.181189764679602,5.0
331.0,7.5,6.181293786258835,5.0
332.0,7.5,6.181397337506443,5.0
333.0,7.5,6.181500421956102,5.0
334.0,7.5,6.1816030431044275,5.0
335.0,7.5,6.1817052044114815,5.0
336.0,7.5,6.181806909301252,5.0
337.0,7.5,6.181908161162145,5.0
338.0,7.5,6.182008963347447,5.0
339.0,7.5,6.1821093191758045,5.0
340.0,7.5,6.18220923193167,5.0
341.0,7.5,6.182308704865765,5.0
342.0,7.5,6.182407741195515,5.0
343.0,7.5,6.182506344105494,5.0
344.0,7.5,6.182604516747851,5.0
345.0,7.5,6.182702262242729,5.0
346.0,7.5,6.18279958367869,5.0
347.0,7.5,6.182896484113122,5.0
348.0,7.5,6.1829929665726375,5.0
349.0,7.5,6.183089034053477,5.0
350.0,7.5,6.1831846895218945,5.0
351.0,7.5,6.183279935914547,5.0
352.0,7.5,6.183374776138872,5.0
353.0,7.5,6.183469213073456,5.0
354.0,7.5,6.183563249568408,5.0
355.0,7.5,6.183656888445714,5.0
356.0,7.5,6.183750132499603,5.0
357.0,7.5,6.183842984496881,5.0
358.0,7.5,6.183935447177289,5.0
359.0,7.5,6.184027523253842,5.0
360.0,7.5,6.184119215413158,5.0
361.0,7.5,6.184210526315789,5.0
362.0,7.5,6.184301458596545,5.0
363.0,7.5,6.184392014864816,5.0
364.0,7.5,6.184482197704881,5.0
365.0,7.5,6.184572009676224,5.0
366.0,7.5,6.184661453313836,5.0
367.0,7.5,6.184750531128515,5.0
368.0,7.5,6.184839245607165,5.0
369.0,7.5,6.18492759921308,5.0
370.0,7.5,6.185015594386246,5.0
371.0,7.5,6.185103233543604,5.0
372.0,7.5,6.185190519079349,5.0
373.0,7.5,6.185277453365188,5.0
374.0,7.5,6.185364038750623,5.0
375.0,7.5,6.185450277563209,5.0
376.0,7.5,6.185536172108826,5.0
377.0,7.5,6.185621724671925,5.0
378.0,7.5,6.185706937515795,5.0
379.0,7.5,6.185791812882812,5.0
380.0,7.5,6.185876352994678,5.0
381.0,7.5,6.185960560052681,5.0
382.0,7.5,6.186044436237918,5.0
383.0,7.5,6.18612798371155,5.0
384.0,7.5,6.18621120461502,5.0
385.0,7.5,6.186294101070296,5.0
386.0,7.5,6.186376675180089,5.0
387.0,7.5,6.186458929028081,5.0
388.0,7.5,6.186540864679149,5.0
389.0,7.5,6.186622484179576,5.0
390.0,7.5,6.186703789557271,5.0
391.0,7.5,6.186784782821978,5.0
392.0,7.5,6.186865465965486,5.0
393.0,7.5,6.186945840961836,5.0
394.0,7.5,6.187025909767515,5.0
395.0,7.5,6.187105674321671,5.0
396.0,7.5,6.1871851365463,5.0
397.0,7.5,6.187264298346438,5.0
398.0,7.5,6.1873431616103645,5.0
399.0,7.5,6.187421728209781,5.0
400.0,7.5,6.1875,5.0
401.0,7.5,6.1875779788201335,5.0
402.0,7.5,6.187655666493273,5.0
403.0,7.5,6.18773306482666,5.0
404.0,7.5,6.187810175611876,5.0
405.0,7.5,6.187887000625006,5.0
406.0,7.5,6.187963541626817,5.0
407.0,7.5,6.188039800362923,5.0
408.0,7.5,6.188115778563958,5.0
409.0,7.5,6.188191477945732,5.0
410.0,7.5,6.188266900209401,5.0
411.0,7.5,6.188342047041626,5.0
412.0,7.5,6.188416920114732,5.0
413.0,7.5,6.18849152108686,5.0
414.0,7.5,6.188565851602126,5.0
415.0,7.5,6.188639913290773,5.0
416.0,7.5,6.188713707769317,5.0
417.0,7.5,6.188787236640701,5.0
418.0,7.5,6.188860501494435,5.0
419.0,7.5,6.188933503906746,5.0
420.0,7.5,6.189006245440717,5.0
421.0,7.5,6.189078727646428,5.0
422.0,7.5,6.1891509520610954,5.0
423.0,7.5,6.189222920209211,5.0
424.0,7.5,6.189294633602671,5.0
425.0,7.5,6.189366093740916,5.0
426.0,7.5,6.189437302111061,5.0
427.0,7.5,6.189508260188021,5.0
428.0,7.5,6.1895789694346455,5.0
429.0,7.5,6.1896494313018415,5.0
430.0,7.5,6.189719647228699,5.0
431.0,7.5,6.189789618642614,5.0
432.0,7.5,6.189859346959413,5.0
433.0,7.5,6.189928833583473,5.0
434.0,7.5,6.189998079907834,5.0
435.0,7.5,6.190067087314327,5.0
436.0,7.5,6.190135857173679,5.0
437.0,7.5,6.190204390845632,5.0
438.0,7.5,6.1902726896790625,5.0
439.0,7.5,6.190340755012081,5.0
440.0,7.5,6.190408588172151,5.0
441.0,7.5,6.19047619047619,5.0
442.0,7.5,6.190543563230688,5.0
443.0,7.5,6.190610707731803,5.0
444.0,7.5,6.190677625265469,5.0
445.0,7.5,6.190744317107502,5.0
446.0,7.5,6.190810784523702,5.0
447.0,7.5,6.19087702876995,5.0
448.0,7.5,6.190943051092308,5.0
449.0,7.5,6.191008852727123,5.0
450.0,7.5,6.191074434901122,5.0
451.0,7.5,6.191139798831499,5.0
452.0,7.5,6.1912049457260245,5.0
453.0,7.5,6.191269876783132,5.0
454.0,7.5,6.191334593192008,5.0
455.0,7.5,6.191399096132688,5.0
456.0,7.5,6.191463386776144,5.0
457.0,7.5,6.191527466284377,5.0
458.0,7.5,6.1915913358105,5.0
459.0,7.5,6.191654996498833,5.0
460.0,7.5,6.191718449484981,5.0
461.0,7.5,6.191781695895923,5.0
462.0,7.5,6.191844736850095,5.0
463.0,7.5,6.1919075734574776,5.0
464.0,7.5,6.191970206819672,5.0
465.0,7.5,6.192032638029978,5.0
466.0,7.5,6.19209486817349,5.0
467.0,7.5,6.1921568983271555,5.0
468.0,7.5,6.192218729559872,5.0
469.0,7.5,6.192280362932549,5.0
470.0,7.5,6.192341799498195,5.0
471.0,7.5,6.192403040301989,5.0
472.0,7.5,6.192464086381355,5.0
473.0,7.5,6.192524938766038,5.0
474.0,7.5,6.192585598478172,5.0
475.0,7.5,6.19264606653236,5.0
476.0,7.5,6.192706343935736,5.0
477.0,7.5,6.192766431688046,5.0
478.0,7.5,6.192826330781706,5.0
479.0,7.5,6.192886042201881,5.0
480.0,7.5,6.192945566926546,5.0
481.0,7.5,6.193004905926556,5.0
482.0,7.5,6.193064060165715,5.0
483.0,7.5,6.193123030600839,5.0
484.0,7.5,6.193181818181818,5.0
485.0,7.5,6.193240423851687,5.0
486.0,7.5,6.193298848546686,5.0
487.0,7.5,6.193357093196319,5.0
488.0,7.5,6.193415158723425,5.0
489.0,7.5,6.193473046044232,5.0
490.0,7.5,6.193530756068422,5.0
491.0,7.5,6.193588289699185,5.0
492.0,7.5,6.193645647833286,5.0
493.0,7.5,6.193702831361119,5.0
494.0,7.5,6.19375984116677,5.0
495.0,7.5,6.193816678128063,5.0
496.0,7.5,6.193873343116632,5.0
497.0,7.5,6.193929836997968,5.0
498.0,7.5,6.1939861606314714,5.0
499.0,7.5,6.194042314870519,5.0
500.0,7.5,6.194098300562505,5.0
501.0,7.5,6.194154118548903,5.0
502.0,7.5,6.194209769665319,5.0
503.0,7.5,6.194265254741537,5.0
504.0,7.5,6.194320574601579,5.0
505.0,7.5,6.194375730063751,5.0
506.0,7.5,6.1944307219407015,5.0
507.0,7.5,6.19448555103946,5.0
508.0,7.5,6.194540218161492,5.0
509.0,7.5,6.194594724102758,5.0
510.0,7.5,6.194649069653744,5.0
511.0,7.5,6.194703255599524,5.0
512.0,7.5,6.194757282719801,5.0
513.0,7.5,6.194811151788956,5.0
514.0,7.5,6.194864863576097,5.0
515.0,7.5,6.194918418845095,5.0
516.0,7.5,6.194971818354649,5.0
517.0,7.5,6.195025062858306,5.0
518.0,7.5,6.195078153104532,5.0
519.0,7.5,6.195131089836732,5.0
520.0,7.5,6.195183873793312,5.0
521.0,7.5,6.19523650570771,5.0
522.0,7.5,6.195288986308449,5.0
523.0,7.5,6.195341316319172,5.0
524.0,7.5,6.195393496458685,5.0
525.0,7.5,6.195445527441002,5.0
526.0,7.5,6.195497409975381,5.0
527.0,7.5,6.195549144766371,5.0
528.0,7.5,6.195600732513845,5.0
529.0,7.5,6.195652173913043,5.0
530.0,7.5,6.195703469654617,5.0
531.0,7.5,6.195754620424657,5.0
532.0,7.5,6.195805626904743,5.0
533.0,7.5,6.195856489771973,5.0
534.0,7.5,6.195907209699011,5.0
535.0,7.5,6.195957787354111,5.0
536.0,7.5,6.196008223401165,5.0
537.0,7.5,6.196058518499736,5.0
538.0,7.5,6.196108673305098,5.0
539.0,7.5,6.196158688468256,5.0
540.0,7.5,6.1962085646360086,5.0
541.0,7.5,6.196258302450957,5.0
542.0,7.5,6.196307902551555,5.0
543.0,7.5,6.1963573655721405,5.0
544.0,7.5,6.196406692142966,5.0
545.0,7.5,6.196455882890234,5.0
546.0,7.5,6.196504938436136,5.0
547.0,7.5,6.196553859398873,5.0
548.0,7.5,6.196602646392702,5.0
549.0,7.5,6.19665130002796,5.0
550.0,7.5,6.196699820911096,5.0
551.0,7.5,6.196748209644712,5.0
552.0,7.5,6.196796466827578,5.0
553.0,7.5,6.19684459305468,5.0
554.0,7.5,6.1968925889172395,5.0
555.0,7.5,6.19694045500275,5.0
556.0,7.5,6.196988191895002,5.0
557.0,7.5,6.19703580017412,5.0
558.0,7.5,6.197083280416588,5.0
559.0,7.5,6.197130633195273,5.0
560.0,7.5,6.197177859079467,5.0
561.0,7.5,6.197224958634906,5.0
562.0,7.5,6.197271932423799,5.0
563.0,7.5,6.1973187810048636,5.0
564.0,7.5,6.197365504933343,5.0
565.0,7.5,6.1974121047610415,5.0
566.0,7.5,6.197458581036351,5.0
567.0,7.5,6.197504934304273,5.0
568.0,7.5,6.197551165106457,5.0
569.0,7.5,6.197597273981209,5.0
570.0,7.5,6.197643261463537,5.0
571.0,7.5,6.197689128085164,5.0
572.0,7.5,6.197734874374557,5.0
573.0,7.5,6.197780500856955,5.0
574.0,7.5,6.197826008054395,5.0
575.0,7.5,6.197871396485731,5.0
576.0,7.5,6.197916666666667,5.0
577.0,7.5,6.197961819109773,5.0
578.0,7.5,6.198006854324518,5.0
579.0,7.5,6.198051772817289,5.0
580.0,7.5,6.198096575091412,5.0
581.0,7.5,6.198141261647186,5.0
582.0,7.5,6.1981858329818955,5.0
583.0,7.5,6.198230289589838,5.0
584.0,7.5,6.198274631962352,5.0
585.0,7.5,6.198318860587829,5.0
586.0,7.5,6.198362975951749,5.0
587.0,7.5,6.198406978536688,5.0
588.0,7.5,6.198450868822356,5.0
589.0,7.5,6.198494647285604,5.0
590.0,7.5,6.198538314400462,5.0
591.0,7.5,6.198581870638142,5.0
592.0,7.5,6.1986253164670755,5.0
593.0,7.5,6.198668652352925,5.0
594.0,7.5,6.198711878758612,5.0
595.0,7.5,6.198754996144325,5.0
596.0,7.5,6.198798004967561,5.0
597.0,7.5,6.198840905683121,5.0
598.0,7.5,6.198883698743154,5.0
599.0,7.5,6.1989263845971605,5.0
600.0,7.5,6.1989689636920176,5.0
601.0,7.5,6.1990114364719995,5.0
602.0,7.5,6.199053803378798,5.0
603.0,7.5,6.199096064851539,5.0
604.0,7.5,6.199138221326802,5.0
605.0,7.5,6.199180273238642,5.0
606.0,7.5,6.199222221018601,5.0
607.0,7.5,6.199264065095737,5.0
608.0,7.5,6.1993058058966355,5.0
609.0,7.5,6.19934744384543,5.0
610.0,7.5,6.1993889793638175,5.0
611.0,7.5,6.199430412871079,5.0
612.0,7.5,6.199471744784098,5.0
613.0,7.5,6.199512975517374,5.0
614.0,7.5,6.199554105483045,5.0
615.0,7.5,6.199595135090906,5.0
616.0,7.5,6.1996360647484146,5.0
617.0,7.5,6.19967689486072,5.0
618.0,7.5,6.199717625830679,5.0
619.0,7.5,6.199758258058867,5.0
620.0,7.5,6.199798791943594,5.0
621.0,7.5,6.199839227880929,5.0
622.0,7.5,6.199879566264712,5.0
623.0,7.5,6.1999198074865625,5.0
624.0,7.5,6.199959951935909,5.0
625.0,7.5,6.199999999999999,5.0
626.0,7.5,6.200039952063911,5.0
627.0,7.5,6.20007980851057,5.0
628.0,7.5,6.200119569720774,5.0
629.0,7.5,6.200159236073194,5.0
630.0,7.5,6.2001988079444,5.0
631.0,7.5,6.200238285708873,5.0
632.0,7.5,6.200277669739016,5.0
633.0,7.5,6.200316960405178,5.0
634.0,7.5,6.200356158075653,5.0
635.0,7.5,6.200395263116715,5.0
636.0,7.5,6.200434275892615,5.0
637.0,7.5,6.200473196765604,5.0
638.0,7.5,6.200512026095943,5.0
639.0,7.5,6.200550764241923,5.0
640.0,7.5,6.200589411559869,5.0
641.0,7.5,6.200627968404165,5.0
642.0,7.5,6.20066643512726,5.0
643.0,7.5,6.200704812079682,5.0
644.0,7.5,6.200743099610056,5.0
645.0,7.5,6.200781298065116,5.0
646.0,7.5,6.2008194077897105,5.0
647.0,7.5,6.2008574291268275,5.0
648.0,7.5,6.200895362417601,5.0
649.0,7.5,6.200933208001321,5.0
650.0,7.5,6.200970966215454,5.0
651.0,7.5,6.201008637395649,5.0
652.0,7.5,6.201046221875753,5.0
653.0,7.5,6.201083719987823,5.0
654.0,7.5,6.201121132062138,5.0
655.0,7.5,6.201158458427216,5.0
656.0,7.5,6.20119569940981,5.0
657.0,7.5,6.201232855334946,5.0
658.0,7.5,6.201269926525909,5.0
659.0,7.5,6.201306913304274,5.0
660.0,7.5,6.201343815989905,5.0
661.0,7.5,6.201380634900975,5.0
662.0,7.5,6.201417370353971,5.0
663.0,7.5,6.201454022663711,5.0
664.0,7.5,6.2014905921433545,5.0
665.0,7.5,6.201527079104408,5.0
666.0,7.5,6.2015634838567415,5.0
667.0,7.5,6.201599806708602,5.0
668.0,7.5,6.201636047966616,5.0
669.0,7.5,6.201672207935808,5.0
670.0,7.5,6.201708286919608,5.0
671.0,7.5,6.201744285219863,5.0
672.0,7.5,6.201780203136845,5.0
673.0,7.5,6.20181604096927,5.0
674.0,7.5,6.201851799014291,5.0
675.0,7.5,6.2018874775675314,5.0
676.0,7.5,6.201923076923077,5.0
677.0,7.5,6.201958597373494,5.0
678.0,7.5,6.20199403920984,5.0
679.0,7.5,6.202029402721667,5.0
680.0,7.5,6.20206468819704,5.0
681.0,7.5,6.20209989592254,5.0
682.0,7.5,6.2021350261832815,5.0
683.0,7.5,6.202170079262913,5.0
684.0,7.5,6.202205055443633,5.0
685.0,7.5,6.2022399550061955,5.0
686.0,7.5,6.202274778229924,5.0
687.0,7.5,6.202309525392717,5.0
688.0,7.5,6.202344196771062,5.0
689.0,7.5,6.202378792640033,5.0
690.0,7.5,6.202413313273319,5.0
691.0,7.5,6.202447758943216,5.0
692.0,7.5,6.202482129920643,5.0
693.0,7.5,6.2025164264751504,5.0
694.0,7.5,6.202550648874929,5.0
695.0,7.5,6.20258479738682,5.0
696.0,7.5,6.202618872276318,5.0
697.0,7.5,6.2026528738075895,5.0
698.0,7.5,6.202686802243471,5.0
699.0,7.5,6.202720657845486,5.0
700.0,7.5,6.202754440873846,5.0
701.0,7.5,6.20278815158747,5.0
702.0,7.5,6.202821790243975,5.0
703.0,7.5,6.202855357099705,5.0
704.0,7.5,6.202888852409725,5.0
705.0,7.5,6.202922276427831,5.0
706.0,7.5,6.2029556294065635,5.0
707.0,7.5,6.202988911597213,5.0
708.0,7.5,6.2030221232498235,5.0
709.0,7.5,6.203055264613208,5.0
710.0,7.5,6.20308833593495,5.0
711.0,7.5,6.203121337461416,5.0
712.0,7.5,6.203154269437759,5.0
713.0,7.5,6.203187132107929,5.0
714.0,7.5,6.203219925714681,5.0
715.0,7.5,6.203252650499577,5.0
716.0,7.5,6.2032853067030045,5.0
717.0,7.5,6.2033178945641705,5.0
718.0,7.5,6.203350414321121,5.0
719.0,7.5,6.203382866210738,5.0
720.0,7.5,6.203415250468755,5.0
721.0,7.5,6.203447567329759,5.0
722.0,7.5,6.203479817027201,5.0
723.0,7.5,6.203511999793399,5.0
724.0,7.5,6.203544115859552,5.0
725.0,7.5,6.203576165455736,5.0
726.0,7.5,6.203608148810925,5.0
727.0,7.5,6.203640066152982,5.0
728.0,7.5,6.203671917708681,5.0
729.0,7.5,6.203703703703703,5.0
730.0,7.5,6.203735424362649,5.0
731.0,7.5,6.203767079909042,5.0
732.0,7.5,6.203798670565339,5.0
733.0,7.5,6.203830196552929,5.0
734.0,7.5,6.203861658092152,5.0
735.0,7.5,6.203893055402293,5.0
736.0,7.5,6.203924388701594,5.0
737.0,7.5,6.203955658207265,5.0
738.0,7.5,6.20398686413548,5.0
739.0,7.5,6.204018006701393,5.0
740.0,7.5,6.204049086119138,5.0
741.0,7.5,6.204080102601836,5.0
742.0,7.5,6.2041110563616035,5.0
743.0,7.5,6.20414194760956,5.0
744.0,7.5,6.2041727765558266,5.0
745.0,7.5,6.204203543409543,5.0
746.0,7.5,6.204234248378862,5.0
747.0,7.5,6.204264891670963,5.0
748.0,7.5,6.204295473492055,5.0
749.0,7.5,6.204325994047384,5.0
750.0,7.5,6.204356453541237,5.0
751.0,7.5,6.204386852176949,5.0
752.0,7.5,6.204417190156907,5.0
753.0,7.5,6.204447467682563,5.0
754.0,7.5,6.204477684954423,5.0
755.0,7.5,6.204507842172073,5.0
756.0,7.5,6.204537939534169,5.0
757.0,7.5,6.204567977238449,5.0
758.0,7.5,6.204597955481741,5.0
759.0,7.5,6.204627874459961,5.0
760.0,7.5,6.204657734368124,5.0
761.0,7.5,6.20468753540035,5.0
762.0,7.5,6.204717277749861,5.0
763.0,7.5,6.2047469616090005,5.0
764.0,7.5,6.204776587169224,5.0
765.0,7.5,6.204806154621114,5.0
766.0,7.5,6.2048356641543805,5.0
767.0,7.5,6.204865115957868,5.0
768.0,7.5,6.20489451021956,5.0
769.0,7.5,6.204923847126587,5.0
770.0,7.5,6.204953126865222,5.0
771.0,7.5,6.204982349620899,5.0
772.0,7.5,6.205011515578207,5.0
773.0,7.5,6.2050406249209,5.0
774.0,7.5,6.205069677831901,5.0
775.0,7.5,6.205098674493307,5.0
776.0,7.5,6.205127615086391,5.0
777.0,7.5,6.205156499791614,5.0
778.0,7.5,6.20518532878862,5.0
779.0,7.5,6.2052141022562495,5.0
780.0,7.5,6.205242820372536,5.0
781.0,7.5,6.205271483314718,5.0
782.0,7.5,6.2053000912592395,5.0
783.0,7.5,6.205328644381758,5.0
784.0,7.5,6.205357142857142,5.0
785.0,7.5,6.205385586859485,5.0
786.0,7.5,6.205413976562099,5.0
787.0,7.5,6.205442312137531,5.0
788.0,7.5,6.205470593757557,5.0
789.0,7.5,6.205498821593193,5.0
790.0,7.5,6.205526995814698,5.0
791.0,7.5,6.205555116591576,5.0
792.0,7.5,6.205583184092582,5.0
793.0,7.5,6.205611198485723,5.0
794.0,7.5,6.20563915993827,5.0
795.0,7.5,6.205667068616755,5.0
796.0,7.5,6.205694924686979,5.0
797.0,7.5,6.2057227283140115,5.0
798.0,7.5,6.2057504796622,5.0
799.0,7.5,6.205778178895173,5.0
800.0,7.5,6.20580582617584,5.0
801.0,7.5,6.2058334216664015,5.0
802.0,7.5,6.205860965528347,5.0
803.0,7.5,6.2058884579224625,5.0
804.0,7.5,6.205915899008836,5.0
805.0,7.5,6.205943288946859,5.0
806.0,7.5,6.205970627895229,5.0
807.0,7.5,6.2059979160119525,5.0
808.0,7.5,6.206025153454356,5.0
809.0,7.5,6.2060523403790855,5.0
810.0,7.5,6.206079476942105,5.0
811.0,7.5,6.206106563298711,5.0
812.0,7.5,6.206133599603525,5.0
813.0,7.5,6.2061605860105065,5.0
814.0,7.5,6.206187522672952,5.0
815.0,7.5,6.206214409743496,5.0
816.0,7.5,6.206241247374124,5.0
817.0,7.5,6.2062680357161675,5.0
818.0,7.5,6.206294774920309,5.0
819.0,7.5,6.206321465136586,5.0
820.0,7.5,6.206348106514401,5.0
821.0,7.5,6.206374699202513,5.0
822.0,7.5,6.2064012433490525,5.0
823.0,7.5,6.206427739101515,5.0
824.0,7.5,6.2064541866067735,5.0
825.0,7.5,6.206480586011075,5.0
826.0,7.5,6.206506937460048,5.0
827.0,7.5,6.206533241098705,5.0
828.0,7.5,6.206559497071442,5.0
829.0,7.5,6.206585705522051,5.0
830.0,7.5,6.206611866593711,5.0
831.0,7.5,6.206637980429003,5.0
832.0,7.5,6.206664047169905,5.0
833.0,7.5,6.206690066957798,5.0
834.0,7.5,6.206716039933472,5.0
835.0,7.5,6.206741966237125,5.0
836.0,7.5,6.20676784600837,5.0
837.0,7.5,6.206793679386232,5.0
838.0,7.5,6.206819466509159,5.0
839.0,7.5,6.206845207515016,5.0
840.0,7.5,6.206870902541103,5.0
841.0,7.5,6.206896551724139,5.0
842.0,7.5,6.206922155200276,5.0
843.0,7.5,6.206947713105107,5.0
844.0,7.5,6.206973225573655,5.0
845.0,7.5,6.206998692740388,5.0
846.0,7.5,6.207024114739216,5.0
847.0,7.5,6.207049491703497,5.0
848.0,7.5,6.207074823766035,5.0
849.0,7.5,6.207100111059088,5.0
850.0,7.5,6.207125353714373,5.0
851.0,7.5,6.207150551863059,5.0
852.0,7.5,6.20717570563578,5.0
853.0,7.5,6.207200815162632,5.0
854.0,7.5,6.207225880573178,5.0
855.0,7.5,6.207250901996453,5.0
856.0,7.5,6.207275879560958,5.0
857.0,7.5,6.207300813394678,5.0
858.0,7.5,6.207325703625067,5.0
859.0,7.5,6.207350550379065,5.0
860.0,7.5,6.207375353783096,5.0
861.0,7.5,6.207400113963063,5.0
862.0,7.5,6.207424831044364,5.0
863.0,7.5,6.207449505151889,5.0
864.0,7.5,6.207474136410013,5.0
865.0,7.5,6.207498724942622,5.0
866.0,7.5,6.207523270873089,5.0
867.0,7.5,6.2075477743242935,5.0
868.0,7.5,6.207572235418617,5.0
869.0,7.5,6.207596654277953,5.0
870.0,7.5,6.207621031023699,5.0
871.0,7.5,6.20764536577677,5.0
872.0,7.5,6.207669658657587,5.0
873.0,7.5,6.207693909786099,5.0
874.0,7.5,6.2077181192817665,5.0
875.0,7.5,6.207742287263574,5.0
876.0,7.5,6.207766413850032,5.0
877.0,7.5,6.207790499159177,5.0
878.0,7.5,6.207814543308572,5.0
879.0,7.5,6.20783854641532,5.0
880.0,7.5,6.2078625085960475,5.0
881.0,7.5,6.2078864299669245,5.0
882.0,7.5,6.207910310643658,5.0
883.0,7.5,6.207934150741496,5.0
884.0,7.5,6.207957950375231,5.0
885.0,7.5,6.207981709659199,5.0
886.0,7.5,6.208005428707288,5.0
887.0,7.5,6.208029107632933,5.0
888.0,7.5,6.208052746549123,5.0
889.0,7.5,6.208076345568404,5.0
890.0,7.5,6.208099904802875,5.0
891.0,7.5,6.208123424364199,5.0
892.0,7.5,6.208146904363598,5.0
893.0,7.5,6.20817034491186,5.0
894.0,7.5,6.208193746119335,5.0
895.0,7.5,6.208217108095944,5.0
896.0,7.5,6.208240430951183,5.0
897.0,7.5,6.208263714794114,5.0
898.0,7.5,6.208286959733375,5.0
899.0,7.5,6.208310165877183,5.0
900.0,7.5,6.208333333333333,5.0
901.0,7.5,6.208356462209203,5.0
902.0,7.5,6.208379552611749,5.0
903.0,7.5,6.208402604647517,5.0
904.0,7.5,6.208425618422641,5.0
905.0,7.5,6.208448594042842,5.0
906.0,7.5,6.208471531613432,5.0
907.0,7.5,6.208494431239317,5.0
908.0,7.5,6.208517293025001,5.0
909.0,7.5,6.208540117074584,5.0
910.0,7.5,6.208562903491764,5.0
911.0,7.5,6.208585652379838,5.0
912.0,7.5,6.2086083638417175,5.0
913.0,7.5,6.208631037979906,5.0
914.0,7.5,6.208653674896524,5.0
915.0,7.5,6.208676274693294,5.0
916.0,7.5,6.208698837471556,5.0
917.0,7.5,6.208721363332261,5.0
918.0,7.5,6.208743852375972,5.0
919.0,7.5,6.208766304702873,5.0
920.0,7.5,6.2087887204127625,5.0
921.0,7.5,6.208811099605066,5.0
922.0,7.5,6.208833442378825,5.0
923.0,7.5,6.208855748832711,5.0
924.0,7.5,6.208878019065015,5.0
925.0,7.5,6.20890025317366,5.0
926.0,7.5,6.208922451256202,5.0
927.0,7.5,6.2089446134098205,5.0
928.0,7.5,6.208966739731338,5.0
929.0,7.5,6.2089888303172,5.0
930.0,7.5,6.209010885263503,5.0
931.0,7.5,6.209032904665971,5.0
932.0,7.5,6.209054888619974,5.0
933.0,7.5,6.209076837220522,5.0
934.0,7.5,6.209098750562269,5.0
935.0,7.5,6.209120628739516,5.0
936.0,7.5,6.209142471846212,5.0
937.0,7.5,6.209164279975951,5.0
938.0,7.5,6.20918605322198,5.0
939.0,7.5,6.209207791677198,5.0
940.0,7.5,6.209229495434159,5.0
941.0,7.5,6.2092511645850745,5.0
942.0,7.5,6.209272799221807,5.0
943.0,7.5,6.209294399435885,5.0
944.0,7.5,6.209315965318492,5.0
945.0,7.5,6.209337496960478,5.0
946.0,7.5,6.209358994452352,5.0
947.0,7.5,6.209380457884294,5.0
948.0,7.5,6.209401887346147,5.0
949.0,7.5,6.209423282927425,5.0
950.0,7.5,6.209444644717308,5.0
951.0,7.5,6.209465972804654,5.0
952.0,7.5,6.209487267277989,5.0
953.0,7.5,6.209508528225516,5.0
954.0,7.5,6.209529755735114,5.0
955.0,7.5,6.209550949894339,5.0
956.0,7.5,6.209572110790429,5.0
957.0,7.5,6.209593238510298,5.0
958.0,7.5,6.209614333140547,5.0
959.0,7.5,6.20963539476746,5.0
960.0,7.5,6.209656423477007,5.0
961.0,7.5,6.209677419354839,5.0
962.0,7.5,6.209698382486302,5.0
963.0,7.5,6.20971931295643,5.0
964.0,7.5,6.209740210849947,5.0
965.0,7.5,6.209761076251272,5.0
966.0,7.5,6.209781909244512,5.0
967.0,7.5,6.209802709913479,5.0
968.0,7.5,6.209823478341672,5.0
969.0,7.5,6.209844214612298,5.0
970.0,7.5,6.209864918808254,5.0
971.0,7.5,6.209885591012146,5.0
972.0,7.5,6.209906231306276,5.0
973.0,7.5,6.209926839772656,5.0
974.0,7.5,6.209947416493,5.0
975.0,7.5,6.2099679615487275,5.0
976.0,7.5,6.20998847502097,5.0
977.0,7.5,6.210008956990563,5.0
978.0,7.5,6.210029407538058,5.0
979.0,7.5,6.210049826743713,5.0
980.0,7.5,6.210070214687504,5.0
981.0,7.5,6.210090571449118,5.0
982.0,7.5,6.210110897107962,5.0
983.0,7.5,6.210131191743156,5.0
984.0,7.5,6.210151455433541,5.0
985.0,7.5,6.210171688257677,5.0
986.0,7.5,6.210191890293846,5.0
987.0,7.5,6.210212061620048,5.0
988.0,7.5,6.210232202314014,5.0
989.0,7.5,6.210252312453194,5.0
990.0,7.5,6.210272392114767,5.0
991.0,7.5,6.210292441375638,5.0
992.0,7.5,6.210312460312441,5.0
993.0,7.5,6.210332449001538,5.0
994.0,7.5,6.210352407519029,5.0
995.0,7.5,6.210372335940735,5.0
996.0,7.5,6.21039223434222,5.0
997.0,7.5,6.210412102798779,5.0
998.0,7.5,6.210431941385442,5.0
999.0,7.5,6.210451750176979,5.0
1000.0,7.5,6.2104715292478945,5.0
1001.0,7.5,6.2104912786724356,5.0
1002.0,7.5,6.21051099852459,5.0
1003.0,7.5,6.210530688878084,5.0
1004.0,7.5,6.210550349806387,5.0
1005.0,7.5,6.210569981382719,5.0
1006.0,7.5,6.210589583680036,5.0
1007.0,7.5,6.210609156771046,5.0
1008.0,7.5,6.210628700728205,5.0
1009.0,7.5,6.210648215623715,5.0
1010.0,7.5,6.210667701529527,5.0
1011.0,7.5,6.210687158517349,5.0
1012.0,7.5,6.210706586658629,5.0
1013.0,7.5,6.210725986024581,5.0
1014.0,7.5,6.210745356686168,5.0
1015.0,7.5,6.2107646987141045,5.0
1016.0,7.5,6.210784012178865,5.0
1017.0,7.5,6.210803297150683,5.0
1018.0,7.5,6.210822553699549,5.0
1019.0,7.5,6.210841781895209,5.0
1020.0,7.5,6.210860981807178,5.0
1021.0,7.5,6.210880153504725,5.0
1022.0,7.5,6.2108992970568835,5.0
1023.0,7.5,6.210918412532454,5.0
1024.0,7.5,6.2109375,5.0
1025.0,7.5,6.2109565595278475,5.0
1026.0,7.5,6.210975591184096,5.0
1027.0,7.5,6.210994595036606,5.0
1028.0,7.5,6.211013571153012,5.0
1029.0,7.5,6.211032519600715,5.0
1030.0,7.5,6.211051440446891,5.0
1031.0,7.5,6.211070333758482,5.0
1032.0,7.5,6.211089199602206,5.0
1033.0,7.5,6.211108038044559,5.0
1034.0,7.5,6.211126849151805,5.0
1035.0,7.5,6.211145632989986,5.0
1036.0,7.5,6.211164389624925,5.0
1037.0,7.5,6.211183119122216,5.0
1038.0,7.5,6.211201821547238,5.0
1039.0,7.5,6.211220496965144,5.0
1040.0,7.5,6.211239145440872,5.0
1041.0,7.5,6.211257767039141,5.0
1042.0,7.5,6.21127636182445,5.0
1043.0,7.5,6.211294929861086,5.0
1044.0,7.5,6.2113134712131135,5.0
1045.0,7.5,6.2113319859443905,5.0
1046.0,7.5,6.211350474118556,5.0
1047.0,7.5,6.211368935799037,5.0
1048.0,7.5,6.2113873710490495,5.0
1049.0,7.5,6.211405779931598,5.0
1050.0,7.5,6.211424162509477,5.0
1051.0,7.5,6.211442518845272,5.0
1052.0,7.5,6.211460849001362,5.0
1053.0,7.5,6.211479153039914,5.0
1054.0,7.5,6.211497431022894,5.0
1055.0,7.5,6.211515683012058,5.0
1056.0,7.5,6.211533909068958,5.0
1057.0,7.5,6.211552109254946,5.0
1058.0,7.5,6.211570283631166,5.0
1059.0,7.5,6.211588432258562,5.0
1060.0,7.5,6.2116065551978785,5.0
1061.0,7.5,6.211624652509656,5.0
1062.0,7.5,6.2116427242542365,5.0
1063.0,7.5,6.211660770491765,5.0
1064.0,7.5,6.211678791282189,5.0
1065.0,7.5,6.2116967866852555,5.0
1066.0,7.5,6.211714756760519,5.0
1067.0,7.5,6.211732701567335,5.0
1068.0,7.5,6.211750621164867,5.0
1069.0,7.5,6.211768515612086,5.0
1070.0,7.5,6.211786384967766,5.0
1071.0,7.5,6.211804229290491,5.0
1072.0,7.5,6.2118220486386555,5.0
1073.0,7.5,6.211839843070457,5.0
1074.0,7.5,6.2118576126439145,5.0
1075.0,7.5,6.211875357416848,5.0
1076.0,7.5,6.211893077446895,5.0
1077.0,7.5,6.2119107727915,5.0
1078.0,7.5,6.211928443507926,5.0
1079.0,7.5,6.211946089653251,5.0
1080.0,7.5,6.211963711284364,5.0
1081.0,7.5,6.211981308457971,5.0
1082.0,7.5,6.2119988812305955,5.0
1083.0,7.5,6.212016429658577,5.0
1084.0,7.5,6.212033953798077,5.0
1085.0,7.5,6.212051453705069,5.0
1086.0,7.5,6.21206892943535,5.0
1087.0,7.5,6.212086381044539,5.0
1088.0,7.5,6.212103808588073,5.0
1089.0,7.5,6.212121212121212,5.0
1090.0,7.5,6.212138591699038,5.0
1091.0,7.5,6.212155947376458,5.0
1092.0,7.5,6.2121732792082005,5.0
1093.0,7.5,6.212190587248819,5.0
1094.0,7.5,6.212207871552693,5.0
1095.0,7.5,6.21222513217403,5.0
1096.0,7.5,6.212242369166863,5.0
1097.0,7.5,6.212259582585052,5.0
1098.0,7.5,6.212276772482284,5.0
1099.0,7.5,6.212293938912078,5.0
1100.0,7.5,6.21231108192778,5.0
1101.0,7.5,6.212328201582569,5.0
1102.0,7.5,6.212345297929452,5.0
1103.0,7.5,6.212362371021271,5.0
1104.0,7.5,6.212379420910697,5.0
1105.0,7.5,6.212396447650239,5.0
1106.0,7.5,6.2124134512922335,5.0
1107.0,7.5,6.212430431888857,5.0
1108.0,7.5,6.212447389492119,5.0
1109.0,7.5,6.2124643241538635,5.0
1110.0,7.5,6.212481235925772,5.0
1111.0,7.5,6.212498124859363,5.0
1112.0,7.5,6.212514991005996,5.0
1113.0,7.5,6.212531834416865,5.0
1114.0,7.5,6.212548655143001,5.0
1115.0,7.5,6.212565453235282,5.0
1116.0,7.5,6.212582228744422,5.0
1117.0,7.5,6.212598981720975,5.0
1118.0,7.5,6.212615712215339,5.0
1119.0,7.5,6.212632420277753,5.0
1120.0,7.5,6.212649105958299,5.0
1121.0,7.5,6.212665769306906,5.0
1122.0,7.5,6.212682410373342,5.0
1123.0,7.5,6.212699029207222,5.0
1124.0,7.5,6.2127156258580065,5.0
1125.0,7.5,6.2127322003750045,5.0
1126.0,7.5,6.212748752807364,5.0
1127.0,7.5,6.212765283204093,5.0
1128.0,7.5,6.212781791614037,5.0
1129.0,7.5,6.2127982780858915,5.0
1130.0,7.5,6.212814742668204,5.0
1131.0,7.5,6.212831185409371,5.0
1132.0,7.5,6.2128476063576406,5.0
1133.0,7.5,6.212864005561105,5.0
1134.0,7.5,6.21288038306772,5.0
1135.0,7.5,6.212896738925281,5.0
1136.0,7.5,6.212913073181442,5.0
1137.0,7.5,6.2129293858837125,5.0
1138.0,7.5,6.212945677079453,5.0
1139.0,7.5,6.212961946815877,5.0
1140.0,7.5,6.212978195140057,5.0
1141.0,7.5,6.212994422098916,5.0
1142.0,7.5,6.213010627739238,5.0
1143.0,7.5,6.213026812107661,5.0
1144.0,7.5,6.213042975250683,5.0
1145.0,7.5,6.213059117214653,5.0
1146.0,7.5,6.213075238045788,5.0
1147.0,7.5,6.213091337790157,5.0
1148.0,7.5,6.21310741649369,5.0
1149.0,7.5,6.213123474202179,5.0
1150.0,7.5,6.213139510961276,5.0
1151.0,7.5,6.213155526816491,5.0
1152.0,7.5,6.2131715218132015,5.0
1153.0,7.5,6.21318749599664,5.0
1154.0,7.5,6.213203449411909,5.0
1155.0,7.5,6.2132193821039685,5.0
1156.0,7.5,6.213235294117648,5.0
1157.0,7.5,6.213251185497633,5.0
1158.0,7.5,6.213267056288486,5.0
1159.0,7.5,6.213282906534623,5.0
1160.0,7.5,6.213298736280331,5.0
1161.0,7.5,6.213314545569766,5.0
1162.0,7.5,6.213330334446947,5.0
1163.0,7.5,6.213346102955761,5.0
1164.0,7.5,6.2133618511399655,5.0
1165.0,7.5,6.213377579043184,5.0
1166.0,7.5,6.213393286708911,5.0
1167.0,7.5,6.213408974180509,5.0
1168.0,7.5,6.213424641501209,5.0
1169.0,7.5,6.213440288714118,5.0
1170.0,7.5,6.213455915862207,5.0
1171.0,7.5,6.213471522988325,5.0
1172.0,7.5,6.213487110135189,5.0
1173.0,7.5,6.213502677345389,5.0
1174.0,7.5,6.213518224661389,5.0
1175.0,7.5,6.213533752125526,5.0
1176.0,7.5,6.213549259780013,5.0
1177.0,7.5,6.213564747666933,5.0
1178.0,7.5,6.213580215828246,5.0
1179.0,7.5,6.213595664305789,5.0
1180.0,7.5,6.213611093141276,5.0
1181.0,7.5,6.213626502376293,5.0
1182.0,7.5,6.213641892052303,5.0
1183.0,7.5,6.213657262210652,5.0
1184.0,7.5,6.213672612892556,5.0
1185.0,7.5,6.213687944139117,5.0
1186.0,7.5,6.21370325599131,5.0
1187.0,7.5,6.213718548489991,5.0
1188.0,7.5,6.213733821675897,5.0
1189.0,7.5,6.213749075589641,5.0
1190.0,7.5,6.213764310271722,5.0
1191.0,7.5,6.213779525762516,5.0
1192.0,7.5,6.213794722102282,5.0
1193.0,7.5,6.21380989933116,5.0
1194.0,7.5,6.213825057489173,5.0
1195.0,7.5,6.213840196616227,5.0
1196.0,7.5,6.21385531675211,5.0
1197.0,7.5,6.213870417936494,5.0
1198.0,7.5,6.213885500208939,5.0
1199.0,7.5,6.213900563608881,5.0
1200.0,7.5,6.213915608175649,5.0
