"tick","donation-normed-big","donation-big group","donation-valued-big"
1.0,91.68098129796694,94.9990038007765,95.0
2.0,91.68098129796694,94.99800760155297,95.0
3.0,91.68098129796694,94.99701140232948,95.0
4.0,91.68098129796694,94.99601520310593,95.0
5.0,91.68098129796694,94.99558755452536,95.0
6.0,91.68098129796694,94.98751726437523,95.0
7.0,91.68098129796694,94.96557994130973,95.0
8.0,91.68098129796694,94.90594811465569,95.0
9.0,91.69250357795741,93.40569679446416,93.65671641791045
10.0,91.69250357795741,92.98832035258991,93.65671641791045
11.0,91.69250357795741,92.97518394649683,93.65671641791045
12.0,91.69250357795741,92.96389264939948,93.65671641791045
13.0,91.69250357795741,92.95333937059401,93.65671641791045
14.0,91.69250357795741,92.95401295089003,93.65671641791045
15.0,91.69250357795741,92.97386312631954,93.65671641791045
16.0,91.69250357795741,93.04394980043747,93.65671641791045
17.0,91.69250357795741,93.24901092332004,93.65671641791045
18.0,91.69250357795741,93.79919387563643,93.65671641791045
19.0,91.69250357795741,93.81223359287084,93.65671641791045
20.0,91.69250357795741,93.82328780381935,93.65671641791045
21.0,91.69250357795741,93.83278171486306,93.65671641791045
22.0,91.69250357795741,93.84102687259097,93.65671641791045
23.0,91.69250357795741,93.84825686157431,93.65671641791045
24.0,91.69250357795741,93.85465030716105,93.65671641791045
25.0,91.69250357795741,93.86034616912706,93.65671641791045
26.0,91.69250357795741,93.8654541878155,93.65671641791045
27.0,91.69250357795741,93.87006218895304,93.65671641791045
28.0,91.69250357795741,93.87424129853956,93.65671641791045
29.0,91.69250357795741,93.87804973468803,93.65671641791045
30.0,91.69250357795741,93.88153561032368,93.65671641791045
31.0,91.69250357795741,93.88473903555057,93.65671641791045
32.0,91.69250357795741,93.88769371586416,93.65671641791045
33.0,91.69250357795741,93.8904281819367,93.65671641791045
34.0,91.69250357795741,93.89296674645111,93.65671641791045
35.0,91.69250357795741,93.89533025617052,93.65671641791045
36.0,91.69250357795741,93.89753668862284,93.65671641791045
37.0,91.69250357795741,93.89960162961567,93.65671641791045
38.0,91.69250357795741,93.9015386584584,93.65671641791045
39.0,91.69250357795741,93.90335966105377,93.65671641791045
40.0,91.69250357795741,93.90507508613965,93.65671641791045
41.0,91.69250357795741,93.9066941563689,93.65671641791045
42.0,91.69250357795741,93.9082250432485,93.65671641791045
43.0,91.69250357795741,93.90967501295553,93.65671641791045
44.0,91.69250357795741,93.91105054853294,93.65671641791045
45.0,91.69250357795741,93.91235745281111,93.65671641791045
46.0,91.69250357795741,93.91360093551077,93.65671641791045
47.0,91.69250357795741,93.9147856872916,93.65671641791045
48.0,91.69250357795741,93.9159159429746,93.65671641791045
49.0,91.69250357795741,93.9169955357391,93.65671641791045
50.0,91.69250357795741,93.91802794376359,93.65671641791045
51.0,91.69250357795741,93.9190163305111,93.65671641791045
52.0,91.69250357795741,93.91996357964655,93.65671641791045
53.0,91.69250357795741,93.92087232540307,93.65671641791045
54.0,91.69250357795741,93.92174497907425,93.65671641791045
55.0,91.69250357795741,93.92258375219696,93.65671641791045
56.0,91.69250357795741,93.92339067689723,93.65671641791045
57.0,91.69250357795741,93.92416762379641,93.65671641791045
58.0,91.69250357795741,93.92491631781215,93.65671641791045
59.0,91.69250357795741,93.92563835213714,93.65671641791045
60.0,91.69250357795741,93.92633520063691,93.65671641791045
61.0,91.69250357795741,93.9270082288708,93.65671641791045
62.0,91.69250357795741,93.92765870391189,93.65671641791045
63.0,91.69250357795741,93.92828780311534,93.65671641791045
64.0,91.69250357795741,93.92889662196494,93.65671641791045
65.0,91.69250357795741,93.92948618110849,93.65671641791045
66.0,91.69250357795741,93.93005743267855,93.65671641791045
67.0,91.69250357795741,93.9306112659817,93.65671641791045
68.0,91.69250357795741,93.93114851262897,93.65671641791045
69.0,91.69250357795741,93.93166995117046,93.65671641791045
70.0,91.69250357795741,93.93217631128884,93.65671641791045
71.0,91.69250357795741,93.93266827760075,93.65671641791045
72.0,91.69250357795741,93.93314649310742,93.65671641791045
73.0,91.69250357795741,93.93361156233232,93.65671641791045
74.0,91.69250357795741,93.93406405417824,93.65671641791045
75.0,91.69250357795741,93.93450450453285,93.65671641791045
76.0,91.69250357795741,93.93493341864797,93.65671641791045
77.0,91.69250357795741,93.93535127331536,93.65671641791045
78.0,91.69250357795741,93.93575851885934,93.65671641791045
79.0,91.69250357795741,93.93615558096317,93.65671641791045
80.0,91.69250357795741,93.93654286234629,93.65671641791045
81.0,91.69250357795741,93.9369207443054,93.65671641791045
82.0,91.69250357795741,93.9372895881331,93.65671641791045
83.0,91.69250357795741,93.9376497364243,93.65671641791045
84.0,91.69250357795741,93.93800151428171,93.65671641791045
85.0,91.69250357795741,93.9383452304283,93.65671641791045
86.0,91.69250357795741,93.93868117823611,93.65671641791045
87.0,91.69250357795741,93.93900963667767,93.65671641791045
88.0,91.69250357795741,93.93933087120769,93.65671641791045
89.0,91.69250357795741,93.9396451345799,93.65671641791045
90.0,91.69250357795741,93.93995266760572,93.65671641791045
91.0,91.69250357795741,93.94025369985837,93.65671641791045
92.0,91.69250357795741,93.94054845032778,93.65671641791045
93.0,91.69250357795741,93.94083712803013,93.65671641791045
94.0,91.69250357795741,93.94111993257516,93.65671641791045
95.0,91.69250357795741,93.94139705469534,93.65671641791045
96.0,91.69250357795741,93.94166867673943,93.65671641791045
97.0,91.69250357795741,93.94193497313303,93.65671641791045
98.0,91.69250357795741,93.94219611080956,93.65671641791045
99.0,91.69250357795741,93.94245224961244,93.65671641791045
100.0,91.69250357795741,93.9427035426723,93.65671641791045
101.0,91.69250357795741,93.94295013675962,93.65671641791045
102.0,91.69250357795741,93.94319217261547,93.65671641791045
103.0,91.69250357795741,93.94342978526186,93.65671641791045
104.0,91.69250357795741,93.94366310429277,93.65671641791045
105.0,91.69250357795741,93.94389225414741,93.65671641791045
106.0,91.69250357795741,93.94411735436748,93.65671641791045
107.0,91.69250357795741,93.94433851983845,93.65671641791045
108.0,91.69250357795741,93.94455586101735,93.65671641791045
109.0,91.69250357795741,93.94476948414639,93.65671641791045
110.0,91.69250357795741,93.9449794914551,93.65671641791045
111.0,91.69250357795741,93.94518598135026,93.65671641791045
112.0,91.69250357795741,93.9453890485953,93.65671641791045
113.0,91.69250357795741,93.94558878447964,93.65671641791045
114.0,91.69250357795741,93.94578527697874,93.65671641791045
115.0,91.69250357795741,93.94597861090475,93.65671641791045
116.0,91.69250357795741,93.94616886804988,93.65671641791045
117.0,91.69250357795741,93.94635612732105,93.65671641791045
118.0,91.69250357795741,93.94654046486808,93.65671641791045
119.0,91.69250357795741,93.94672195420452,93.65671641791045
120.0,91.69250357795741,93.94690066632252,93.65671641791045
121.0,91.69250357795741,93.94707666980148,93.65671641791045
122.0,91.69250357795741,93.94725003091126,93.65671641791045
123.0,91.69250357795741,93.9474208137098,93.65671641791045
124.0,91.69250357795741,93.94758908013617,93.65671641791045
125.0,91.69250357795741,93.94775489009866,93.65671641791045
126.0,91.69250357795741,93.94791830155863,93.65671641791045
127.0,91.69250357795741,93.94807937060996,93.65671641791045
128.0,91.69250357795741,93.94823815155506,93.65671641791045
129.0,91.69250357795741,93.94839469697668,93.65671641791045
130.0,91.69250357795741,93.94854905780657,93.65671641791045
131.0,91.69250357795741,93.94870128339076,93.65671641791045
132.0,91.69250357795741,93.9488514215517,93.65671641791045
133.0,91.69250357795741,93.94899951864765,93.65671641791045
134.0,91.69250357795741,93.94914561962896,93.65671641791045
135.0,91.69250357795741,93.94928976809217,93.65671641791045
136.0,91.69250357795741,93.9494320063312,93.65671641791045
137.0,91.69250357795741,93.94957237538661,93.65671641791045
138.0,91.69250357795741,93.94971091509218,93.65671641791045
139.0,91.69250357795741,93.94984766411999,93.65671641791045
140.0,91.69250357795741,93.94998266002281,93.65671641791045
141.0,91.69250357795741,93.95011593927518,93.65671641791045
142.0,91.69250357795741,93.95024753731235,93.65671641791045
143.0,91.69250357795741,93.9503774885677,93.65671641791045
144.0,91.69250357795741,93.95050582650848,93.65671641791045
145.0,91.69250357795741,93.95063258366997,93.65671641791045
146.0,91.69250357795741,93.95075779168835,93.65671641791045
147.0,91.69250357795741,93.9508814813319,93.65671641791045
148.0,91.69250357795741,93.95100368253121,93.65671641791045
149.0,91.69250357795741,93.95112442440785,93.65671641791045
150.0,91.69250357795741,93.95124373530214,93.65671641791045
151.0,91.69250357795741,93.95136164279945,93.65671641791045
152.0,91.69250357795741,93.95147817375576,93.65671641791045
153.0,91.69250357795741,93.9515933543219,93.65671641791045
154.0,91.69250357795741,93.95170720996698,93.65671641791045
155.0,91.69250357795741,93.95181976550094,93.65671641791045
156.0,91.69250357795741,93.95193104509592,93.65671641791045
157.0,91.69250357795741,93.95204107230721,93.65671641791045
158.0,91.69250357795741,93.95214987009294,93.65671641791045
159.0,91.69250357795741,93.95225746083337,93.65671641791045
160.0,91.69250357795741,93.95236386634922,93.65671641791045
161.0,91.69250357795741,93.95246910791927,93.65671641791045
162.0,91.69250357795741,93.95257320629761,93.65671641791045
163.0,91.69250357795741,93.95267618172984,93.65671641791045
164.0,91.69250357795741,93.95277805396879,93.65671641791045
165.0,91.69250357795741,93.95287884228975,93.65671641791045
166.0,91.69250357795741,93.95297856550523,93.65671641791045
167.0,91.69250357795741,93.95307724197872,93.65671641791045
168.0,91.69250357795741,93.95317488963848,93.65671641791045
169.0,91.69250357795741,93.95327152599054,93.65671641791045
170.0,91.69250357795741,93.95336716813124,93.65671641791045
171.0,91.69250357795741,93.95346183275939,93.65671641791045
172.0,91.69250357795741,93.953555536188,93.65671641791045
173.0,91.69250357795741,93.95364829435557,93.65671641791045
174.0,91.69250357795741,93.9537401228369,93.65671641791045
175.0,91.69250357795741,93.95383103685371,93.65671641791045
176.0,91.69250357795741,93.95392105128467,93.65671641791045
177.0,91.69250357795741,93.95401018067523,93.65671641791045
178.0,91.69250357795741,93.95409843924719,93.65671641791045
179.0,91.69250357795741,93.95418584090761,93.65671641791045
180.0,91.69250357795741,93.95427239925782,93.65671641791045
181.0,91.69250357795741,93.95435812760175,93.65671641791045
182.0,91.69250357795741,93.95444303895447,93.65671641791045
183.0,91.69250357795741,93.95452714604974,93.65671641791045
184.0,91.69250357795741,93.95461046134811,93.65671641791045
185.0,91.69250357795741,93.95469299704405,93.65671641791045
186.0,91.69250357795741,93.95477476507327,93.65671641791045
187.0,91.69250357795741,93.95485577711975,93.65671641791045
188.0,91.69250357795741,93.95493604462237,93.65671641791045
189.0,91.69250357795741,93.95501557878144,93.65671641791045
190.0,91.69250357795741,93.95509439056507,93.65671641791045
191.0,91.69250357795741,93.95517249071517,93.65671641791045
192.0,91.69250357795741,93.95524988975355,93.65671641791045
193.0,91.69250357795741,93.95532659798734,93.65671641791045
194.0,91.69250357795741,93.9554026255149,93.65671641791045
195.0,91.69250357795741,93.95547798223095,93.65671641791045
196.0,91.69250357795741,93.95555267783185,93.65671641791045
197.0,91.69250357795741,93.95562672182064,93.65671641791045
198.0,91.69250357795741,93.95570012351187,93.65671641791045
199.0,91.69250357795741,93.95577289203648,93.65671641791045
200.0,91.69250357795741,93.95584503634632,93.65671641791045
