"tick","donation-normed-small","donation-small","donation-valued-small"
1.0,25.0,47.667476472266074,77.0
2.0,25.0,77.0,77.0
3.0,25.0,77.0,77.0
4.0,25.0,77.0,77.0
5.0,25.0,77.0,77.0
6.0,25.0,77.0,77.0
7.0,25.0,77.0,77.0
8.0,25.0,77.0,77.0
9.0,25.0,77.0,77.0
10.0,25.0,77.0,77.0
11.0,25.0,77.0,77.0
12.0,25.0,77.0,77.0
13.0,25.0,77.0,77.0
14.0,25.0,77.0,77.0
15.0,25.0,77.00000000000001,77.00000000000001
16.0,25.0,76.99999999999999,76.99999999999999
17.0,25.0,77.00000000000001,77.00000000000001
18.0,25.0,76.99999999999999,76.99999999999999
19.0,25.0,77.00000000000001,77.00000000000001
20.0,25.0,76.99999999999999,76.99999999999999
21.0,25.0,77.00000000000001,77.00000000000001
22.0,25.0,76.99999999999999,76.99999999999999
23.0,25.0,77.00000000000001,77.00000000000001
24.0,25.0,76.99999999999999,76.99999999999999
25.0,25.0,77.00000000000001,77.00000000000001
26.0,25.0,76.99999999999999,76.99999999999999
27.0,25.0,77.00000000000001,77.00000000000001
28.0,25.0,76.99999999999999,76.99999999999999
29.0,25.0,77.00000000000001,77.00000000000001
30.0,25.0,76.99999999999999,76.99999999999999
31.0,25.0,77.00000000000001,77.00000000000001
32.0,25.0,76.99999999999999,76.99999999999999
33.0,25.0,77.00000000000001,77.00000000000001
34.0,25.0,76.99999999999999,76.99999999999999
35.0,25.0,77.00000000000001,77.00000000000001
36.0,25.0,76.99999999999999,76.99999999999999
37.0,25.0,77.00000000000001,77.00000000000001
38.0,25.0,76.99999999999999,76.99999999999999
39.0,25.0,77.00000000000001,77.00000000000001
40.0,25.0,76.99999999999999,76.99999999999999
41.0,25.0,77.00000000000001,77.00000000000001
42.0,25.0,76.99999999999999,76.99999999999999
43.0,25.0,77.00000000000001,77.00000000000001
44.0,25.0,76.99999999999999,76.99999999999999
45.0,25.0,77.00000000000001,77.00000000000001
46.0,25.0,76.99999999999999,76.99999999999999
47.0,25.0,77.00000000000001,77.00000000000001
48.0,25.0,76.99999999999999,76.99999999999999
49.0,33.666666666666664,65.01200000000001,65.00000000000001
50.0,33.666666666666664,65.02399999999999,64.99999999999999
51.0,33.666666666666664,65.03600000000002,65.00000000000001
52.0,39.342933333333335,65.04799999999999,64.99999999999999
53.0,65.0442379524286,65.04716096214307,65.00000000000001
54.0,65.0442379524286,65.13241816665459,64.99999999999999
55.0,65.0442379524286,65.38471464509522,65.00000000000001
56.0,65.0442379524286,66.09107094649627,64.99999999999999
57.0,65.0442379524286,68.03510865370227,65.00000000000001
58.0,65.0442379524286,73.10378267503442,65.0
59.0,65.0442379524286,73.10013913541464,65.0
60.0,65.0442379524286,73.95084084932465,65.0
61.0,65.0442379524286,73.67179882264863,65.0
62.0,65.0442379524286,73.7928650970509,65.0
63.0,65.0442379524286,73.90161332303406,64.99999999999999
64.0,65.0442379524286,74.00000000000001,65.00000000000001
65.0,65.0442379524286,74.089572499564,65.0
66.0,65.0442379524286,74.1715728752538,65.0
67.0,65.0442379524286,74.24701119355326,65.00000000000001
68.0,65.0442379524286,74.31671842700025,65.0
69.0,65.0442379524286,74.3813853171681,65.0
70.0,65.0442379524286,74.44159140373269,65.00000000000001
71.0,65.0442379524286,74.49782703131508,64.99999999999999
72.0,65.0442379524286,74.55051025721683,65.00000000000001
73.0,65.0442379524286,74.59999999999998,64.99999999999999
74.0,65.0442379524286,74.6466063783418,65.00000000000001
75.0,65.0442379524286,74.69059892324148,64.99999999999999
76.0,65.0442379524286,74.73221316194464,65.00000000000001
77.0,65.0442379524286,74.77165594187537,64.99999999999999
78.0,65.0442379524286,74.80910976997934,65.00000000000001
79.0,65.0442379524286,74.84473637567869,64.99999999999999
80.0,65.0442379524286,74.87867965644035,65.00000000000001
81.0,65.0442379524286,74.91106812853161,64.99999999999999
82.0,65.0442379524286,74.9420169782899,65.00000000000001
83.0,65.0442379524286,74.97162978865155,64.99999999999999
84.0,65.0442379524286,75.00000000000001,65.00000000000001
85.0,65.0442379524286,75.02721215233571,64.99999999999999
86.0,65.0442379524286,75.05334294643086,65.00000000000001
87.0,65.0442379524286,75.07846215433894,64.99999999999999
88.0,65.0442379524286,75.10263340389898,65.00000000000001
89.0,65.0442379524286,75.12591485733672,64.99999999999999
90.0,65.0442379524286,75.14835980045491,65.00000000000001
91.0,65.0442379524286,75.17001715600874,64.99999999999999
92.0,65.0442379524286,75.19093193253342,65.00000000000001
93.0,65.0442379524286,75.21114561800016,64.99999999999999
94.0,65.0442379524286,75.23069652614124,65.00000000000001
95.0,65.0442379524286,75.24962010202525,64.99999999999999
96.0,65.0442379524286,75.26794919243113,65.00000000000001
97.0,65.0442379524286,75.28571428571428,64.99999999999999
98.0,65.0442379524286,75.3029437251523,65.00000000000001
99.0,65.0442379524286,75.31966389916637,64.99999999999999
100.0,65.0442379524286,75.33589941132432,65.00000000000001
101.0,65.0442379524286,75.35167323261572,64.99999999999999
102.0,65.0442379524286,75.36700683814455,65.00000000000001
103.0,65.0442379524286,75.3819203300882,64.99999999999999
104.0,65.0442379524286,75.39643254852545,65.00000000000001
105.0,65.0442379524286,75.41056117152193,64.99999999999999
106.0,65.0442379524286,75.42432280568333,65.00000000000001
107.0,65.0442379524286,75.4377330682301,64.99999999999999
108.0,65.0442379524286,75.45080666151703,65.00000000000001
109.0,65.0442379524286,75.46355744080523,64.99999999999999
110.0,65.0442379524286,75.47599847599771,65.00000000000001
111.0,73.39265969961986,75.48814210796307,64.99999999999999
112.0,75.48088511275364,75.4843832275072,65.00000000000001
113.0,75.48088511275364,75.49444729754946,65.0
114.0,75.48088511275364,75.50424710598071,65.0
115.0,75.48088511275364,75.51379255056979,65.0
116.0,75.48088511275364,75.53200581934833,65.0
117.0,75.4881880708386,56.42857142857143,56.42857142857143
118.0,75.4881880708386,56.42857142857143,56.42857142857143
119.0,75.4881880708386,56.42857142857143,56.42857142857143
120.0,75.4881880708386,56.42857142857143,56.42857142857143
121.0,75.4881880708386,56.42857142857143,56.42857142857143
122.0,75.4881880708386,56.42857142857143,56.42857142857143
123.0,75.4881880708386,56.42857142857143,56.42857142857143
124.0,75.4881880708386,56.42857142857143,56.42857142857143
125.0,75.4881880708386,56.42857142857143,56.42857142857143
126.0,75.4881880708386,56.42857142857143,56.42857142857143
127.0,75.4881880708386,56.42857142857144,56.42857142857144
128.0,75.4881880708386,56.42857142857142,56.42857142857142
129.0,75.4881880708386,56.42857142857144,56.42857142857144
130.0,75.4881880708386,56.42857142857142,56.42857142857142
131.0,75.4881880708386,56.42857142857144,56.42857142857144
132.0,75.4881880708386,56.42857142857142,56.42857142857142
133.0,75.4881880708386,56.42857142857144,56.42857142857144
134.0,75.4881880708386,56.42857142857142,56.42857142857142
135.0,75.4881880708386,56.42857142857144,56.42857142857144
136.0,75.4881880708386,56.42857142857142,56.42857142857142
137.0,75.4881880708386,56.42857142857144,56.42857142857144
138.0,75.4881880708386,56.42857142857142,56.42857142857142
139.0,75.4881880708386,56.42857142857144,56.42857142857144
140.0,75.4881880708386,56.42857142857142,56.42857142857142
141.0,75.4881880708386,56.42857142857144,56.42857142857144
142.0,75.4881880708386,56.42857142857142,56.42857142857142
143.0,75.4881880708386,56.42857142857144,56.42857142857144
144.0,75.4881880708386,56.42857142857142,56.42857142857142
145.0,75.4881880708386,56.42857142857144,56.42857142857144
146.0,75.4881880708386,56.42857142857142,56.42857142857142
147.0,75.4881880708386,56.42857142857144,56.42857142857144
148.0,75.4881880708386,56.42857142857142,56.42857142857142
149.0,75.4881880708386,56.42857142857144,56.42857142857144
150.0,75.4881880708386,56.42857142857142,56.42857142857142
151.0,75.4881880708386,56.42857142857144,56.42857142857144
152.0,75.4881880708386,56.42857142857142,56.42857142857142
153.0,75.4881880708386,56.42857142857144,56.42857142857144
154.0,75.4881880708386,56.42857142857142,56.42857142857142
155.0,75.4881880708386,56.42857142857144,56.42857142857144
156.0,75.4881880708386,56.42857142857142,56.42857142857142
157.0,75.4881880708386,56.42857142857144,56.42857142857144
158.0,75.4881880708386,56.42857142857142,56.42857142857142
159.0,75.4881880708386,56.42857142857144,56.42857142857144
160.0,75.4881880708386,56.42857142857142,56.42857142857142
161.0,75.4881880708386,56.42857142857144,56.42857142857144
162.0,75.4881880708386,56.42857142857142,56.42857142857142
163.0,75.4881880708386,56.42857142857144,56.42857142857144
164.0,75.4881880708386,56.42857142857142,56.42857142857142
165.0,75.4881880708386,56.42857142857144,56.42857142857144
166.0,75.4881880708386,56.42857142857142,56.42857142857142
167.0,75.4881880708386,56.42857142857144,56.42857142857144
168.0,56.42857142857143,56.42857142857142,56.42857142857142
169.0,56.42857142857143,56.42857142857143,56.42857142857144
170.0,56.42857142857143,56.42857142857143,56.42857142857143
171.0,56.42857142857143,56.42857142857144,56.42857142857143
172.0,56.42857142857143,56.42857142857143,56.42857142857143
173.0,56.42857142857143,56.42857142857142,56.42857142857143
174.0,56.42857142857143,56.428571428571445,56.42857142857144
175.0,56.42857142857143,56.42857142857143,56.42857142857143
176.0,56.42857142857143,56.42857142857144,56.42857142857144
177.0,56.42857142857143,56.428571428571445,56.42857142857144
178.0,56.42857142857143,68.15038115399707,56.42857142857144
179.0,56.42857142857143,68.4026626643812,56.42857142857143
180.0,56.42857142857143,68.62271197837464,56.42857142857143
181.0,56.42857142857143,68.8168554609266,56.42857142857143
182.0,56.42857142857143,68.9898072815013,56.42857142857143
183.0,56.42857142857143,69.14516189004867,56.42857142857143
184.0,56.42857142857143,69.28571428571429,56.42857142857143
185.0,56.42857142857143,69.41367499937715,56.42857142857142
186.0,56.42857142857143,69.53081839321973,56.42857142857143
187.0,56.42857142857143,69.6385874193618,56.42857142857143
188.0,56.42857142857143,69.73816918142893,56.42857142857143
189.0,56.42857142857143,69.83055045309727,56.42857142857143
190.0,56.42857142857143,69.91655914818953,56.42857142857144
191.0,56.42857142857143,69.99689575902157,56.42857142857142
192.0,56.42857142857143,70.07215751030975,56.42857142857144
193.0,56.42857142857143,70.14285714285714,56.42857142857142
194.0,56.42857142857143,70.20943768334543,56.42857142857144
195.0,56.42857142857143,70.27228417605927,56.42857142857142
196.0,56.42857142857143,70.33173308849234,56.42857142857144
197.0,58.16646663606154,62.222736393980284,49.99999999999999
198.0,58.16646663606154,62.2777201457463,50.00000000000001
199.0,58.16646663606154,62.33041986950656,49.99999999999999
200.0,58.16646663606154,62.381015437094696,50.00000000000001
201.0,58.16646663606154,62.42500672946474,49.99999999999999
202.0,58.16646663606154,62.52984999566237,50.00000000000001
203.0,58.16646663606154,62.74669993406872,49.99999999999999
204.0,58.16646663606154,63.2710019899571,50.00000000000001
205.0,58.16646663606154,64.6338201440493,49.99999999999999
206.0,58.16646663606154,68.15068181852733,50.00000000000001
207.0,58.16646663606154,68.30226199309686,49.99999999999999
208.0,58.16646663606154,68.43730253560615,50.00000000000001
209.0,58.16646663606154,68.55888988498738,49.99999999999999
210.0,58.16646663606154,68.66933637143998,50.00000000000001
211.0,58.16646663606154,68.77041546248415,49.99999999999999
212.0,58.16646663606154,68.86351489271294,50.00000000000001
213.0,58.16646663606154,68.94973956864621,49.99999999999999
214.0,58.16646663606154,69.02998264817381,50.00000000000001
215.0,58.16646663606154,69.1049758271516,49.99999999999999
216.0,58.16646663606154,69.17532567317869,50.00000000000001
217.0,58.16646663606154,69.24154037320042,49.99999999999999
218.0,58.16646663606154,69.3040497555994,50.00000000000001
219.0,58.16646663606154,69.3632205044845,49.99999999999999
220.0,58.16646663606154,69.4193678785658,50.00000000000001
221.0,58.16646663606154,69.4727648496189,49.99999999999999
222.0,58.16646663606154,69.52364930934291,50.00000000000001
223.0,58.16646663606154,69.57222981178573,49.99999999999999
224.0,58.16646663606154,69.61869019249515,50.00000000000001
225.0,58.16646663606154,69.66319331676891,49.99999999999999
226.0,58.16646663606154,69.70588414593763,50.00000000000001
227.0,58.16646663606154,69.74689226468777,49.99999999999999
228.0,58.16646663606154,69.78633397878464,50.00000000000001
229.0,58.16646663606154,69.8243140676221,49.99999999999999
230.0,58.16646663606154,69.86092725736063,50.00000000000001
231.0,58.16646663606154,69.89625946630223,49.99999999999999
232.0,58.16646663606154,69.93038886338462,50.00000000000001
233.0,58.16646663606154,69.96338677239191,49.99999999999999
234.0,58.16646663606154,69.9953184480527,50.00000000000001
235.0,58.16646663606154,70.02624374517359,49.99999999999999
236.0,58.16646663606154,70.05621769800265,50.00000000000001
237.0,62.295143487566975,70.08529102388347,49.99999999999999
238.0,68.22857593774089,70.10638923961352,50.00000000000001
239.0,68.22857593774089,70.12886044825565,50.0
240.0,68.22857593774089,70.15056141060586,50.0
241.0,68.22857593774089,70.1715294639283,50.0
242.0,68.22857593774089,70.1958636335434,50.0
243.0,68.22857593774089,70.16365252823734,50.0
244.0,68.22857593774089,70.04842835292713,50.0
245.0,68.22857593774089,69.69353126282985,50.0
246.0,68.22857593774089,68.6882055755639,50.0
247.0,68.22857593774089,66.02735335003258,50.0
248.0,68.22857593774089,66.8757375449517,50.0
249.0,68.22857593774089,53.29744868287022,50.0
250.0,68.22857593774089,60.77007393521977,50.0
251.0,68.22857593774089,60.744155157131694,50.0
252.0,68.22857593774089,60.72171262931551,50.0
253.0,68.22857593774089,60.7021710269741,50.0
254.0,68.22857593774089,60.68507622269859,50.0
255.0,68.22857593774089,60.67006449097781,50.0
256.0,68.22857593774089,60.65684075688738,50.0
257.0,68.22857593774089,60.64516290931702,50.0
258.0,68.22857593774089,60.63483027718847,50.0
259.0,68.22857593774089,60.62567502343696,50.0
260.0,68.22857593774089,60.61755562239608,50.0
261.0,68.22857593774089,60.610351849915595,50.0
262.0,68.22857593774089,60.6039608886001,50.0
263.0,68.22857593774089,60.59829426644578,50.0
264.0,68.22857593774089,60.593275426192434,50.0
265.0,68.22857593774089,60.58883777752189,50.0
266.0,68.22857593774089,60.58492312283257,50.0
267.0,68.22857593774089,60.581480374883895,50.0
268.0,68.22857593774089,60.57846450454508,50.0
269.0,68.22857593774089,60.57583567148223,50.0
270.0,68.22857593774089,60.57355850142611,50.0
271.0,68.22857593774089,60.57160148174799,50.0
272.0,68.22857593774089,60.56993645317725,50.0
273.0,68.22857593774089,60.56853818014833,50.0
274.0,68.22857593774089,60.567383985841495,50.0
275.0,68.22857593774089,60.566453440752944,50.0
276.0,68.22857593774089,60.56572809579289,50.0
277.0,68.22857593774089,60.56519125261023,50.0
278.0,68.22857593774089,60.5648277651878,50.0
279.0,68.22857593774089,60.5646238678237,50.0
280.0,68.22857593774089,60.564567025471995,50.0
281.0,68.22857593774089,60.56464580310764,49.99999999999999
282.0,68.22857593774089,60.56484975134029,50.00000000000001
283.0,68.22857593774089,60.56516930595746,50.0
284.0,68.22857593774089,60.565595699450384,50.0
285.0,68.22857593774089,60.5661208828822,50.0
286.0,68.22857593774089,60.5667374567114,50.0
287.0,68.22857593774089,60.567438609392525,50.0
288.0,68.22857593774089,60.56821806275147,50.0
289.0,68.22857593774089,60.56907002327755,50.0
290.0,68.22857593774089,60.569989138597876,50.0
291.0,68.22857593774089,60.57097045850146,50.0
292.0,68.22857593774089,60.572009399968266,50.0
293.0,68.22857593774089,60.573101715731326,49.99999999999999
294.0,68.22857593774089,60.57424346596342,50.0
295.0,68.22857593774089,60.57543099273217,50.0
296.0,68.22857593774089,60.57666089691419,50.0
297.0,68.22857593774089,60.57793001729697,50.0
298.0,68.22857593774089,60.579235411631586,50.0
299.0,68.22857593774089,60.58057433942787,50.0
300.0,66.86961429906039,60.581944246308936,50.0
301.0,62.80052547135102,60.59128302751298,50.0
302.0,62.80052547135102,60.58590309679085,50.0
303.0,62.80052547135102,60.58054746237594,50.0
304.0,62.80052547135102,60.57521418380345,50.0
305.0,62.80052547135102,60.56536977294418,50.0
306.0,62.80052547135102,60.62487574456161,50.0
307.0,62.80052547135102,60.68180581075809,50.0
308.0,62.80052547135102,60.833947715958516,50.0
309.0,62.80052547135102,61.24487374423602,50.0
310.0,62.80052547135102,62.23490062696189,50.0
311.0,62.80052547135102,53.66335736885493,50.0
312.0,62.80052547135102,46.56690850029544,50.0
313.0,62.80052547135102,50.0,50.0
314.0,62.80052547135102,50.0,50.0
315.0,62.80052547135102,50.0,50.0
316.0,62.80052547135102,50.0,50.0
317.0,62.80052547135102,50.0,50.0
318.0,62.80052547135102,50.0,50.0
319.0,62.80052547135102,50.0,50.0
320.0,62.80052547135102,50.0,50.0
321.0,62.80052547135102,50.0,50.0
322.0,62.80052547135102,50.0,50.0
323.0,62.80052547135102,50.0,50.0
324.0,62.80052547135102,50.0,50.0
325.0,62.80052547135102,50.0,50.0
326.0,62.80052547135102,50.0,50.0
327.0,62.80052547135102,50.0,50.0
328.0,62.80052547135102,50.0,50.0
329.0,62.80052547135102,50.0,50.0
330.0,62.80052547135102,50.0,50.0
331.0,62.80052547135102,50.0,50.0
332.0,62.80052547135102,50.0,50.0
333.0,62.80052547135102,50.0,50.0
334.0,62.80052547135102,50.0,50.0
335.0,62.80052547135102,50.0,50.0
336.0,62.80052547135102,50.0,50.0
337.0,62.80052547135102,50.0,50.0
338.0,62.80052547135102,50.0,50.0
339.0,62.80052547135102,50.0,50.0
340.0,62.80052547135102,50.0,50.0
341.0,62.80052547135102,50.0,50.0
342.0,62.80052547135102,50.0,50.0
343.0,62.80052547135102,50.0,50.0
344.0,62.80052547135102,50.0,50.0
345.0,62.80052547135102,50.0,50.0
346.0,62.80052547135102,50.0,50.0
347.0,62.80052547135102,50.0,50.0
348.0,62.80052547135102,50.0,50.0
349.0,62.80052547135102,50.0,50.0
350.0,62.80052547135102,50.0,50.0
351.0,62.80052547135102,50.0,50.0
352.0,62.80052547135102,50.0,50.0
353.0,62.80052547135102,50.0,50.0
354.0,62.80052547135102,50.0,50.0
355.0,62.80052547135102,50.0,50.0
356.0,62.80052547135102,50.0,50.0
357.0,61.378244863423134,45.004999999999995,45.0
358.0,61.378244863423134,45.010000000000005,45.0
359.0,61.378244863423134,45.015,45.0
360.0,61.378244863423134,45.02,45.0
361.0,61.378244863423134,45.022146400892936,45.0
362.0,53.98995930974885,45.062651803625904,45.0
363.0,50.242670055763725,45.17652027190499,45.0
364.0,48.42090618691485,45.46709521576411,45.0
365.0,48.42090618691485,46.26575555079909,45.0
366.0,48.42090618691485,48.38407793445416,45.0
367.0,48.42090618691485,48.44059978574707,45.0
368.0,48.42090618691485,48.52371789227451,45.0
369.0,48.42090618691485,48.55941580214086,45.0
370.0,48.42090618691485,48.51004660809905,45.0
371.0,48.42090618691485,48.2840372134813,45.0
372.0,48.42090618691485,47.52858105750761,45.0
373.0,48.42090618691485,41.287235482006466,45.0
374.0,48.42090618691485,31.164657333546838,45.0
375.0,48.42090618691485,36.04888784261204,45.0
376.0,48.42090618691485,35.915218715722006,45.0
377.0,48.42090618691485,35.79567364565614,45.0
378.0,48.42090618691485,35.687926064695816,45.0
379.0,48.42090618691485,35.59015332672624,45.0
380.0,48.42090618691485,35.500904426594964,45.0
381.0,48.42090618691485,35.419007854914504,45.0
382.0,48.42090618691485,35.343505938698705,45.0
383.0,48.42090618691485,35.273607111620194,45.0
384.0,48.42090618691485,35.20865059787641,45.0
385.0,48.42090618691485,35.14807986429367,45.0
386.0,48.42090618691485,35.091422377714636,45.0
387.0,48.42090618691485,35.03827397028261,45.0
388.0,48.42090618691485,34.988286621731156,45.0
389.0,48.42090618691485,34.94115880947984,45.0
390.0,48.42090618691485,34.89662781197205,45.0
391.0,48.42090618691485,34.85446351443789,45.0
392.0,48.42090618691485,34.81446338224467,45.0
393.0,48.42090618691485,34.77644835027406,45.0
394.0,48.42090618691485,34.740259437313775,45.0
395.0,48.42090618691485,34.705754938994076,45.0
396.0,48.42090618691485,34.67280808592088,45.0
397.0,48.42090618691485,34.641305078537975,45.0
398.0,48.42090618691485,34.61114342911489,45.0
399.0,48.42090618691485,34.58223055568914,45.0
400.0,48.42090618691485,34.55448258392103,45.0
401.0,48.42090618691485,34.52782332147207,45.0
402.0,48.42090618691485,34.50218337629139,45.0
403.0,48.42090618691485,34.47749939553662,45.0
404.0,48.42090618691485,34.45371340609309,45.0
405.0,48.42090618691485,34.430772241040536,45.0
406.0,48.42090618691485,34.408627039133584,45.0
407.0,45.43031790013988,34.387232806558096,45.0
408.0,42.43705533429298,34.37022411038714,45.0
409.0,42.43705533429298,34.35755990843622,45.0
410.0,42.43705533429298,34.34553127250275,45.0
411.0,42.43705533429298,34.33410525687156,45.0
412.0,42.43705533429298,34.321153247665535,45.0
413.0,42.43705533429298,34.33485044024244,45.0
414.0,42.43705533429298,34.42841706617409,45.0
415.0,42.43705533429298,34.71270615422158,45.0
416.0,42.43705533429298,35.51456365910664,45.0
417.0,42.43705533429298,37.66493368008294,45.0
418.0,42.43705533429298,39.27097241223708,44.99999999999999
419.0,42.43705533429298,39.357320275856004,45.0
420.0,42.43705533429298,39.43159661022902,45.0
421.0,42.43705533429298,39.49615117530802,45.0
422.0,42.43705533429298,39.55274914697092,45.0
423.0,42.43705533429298,39.6027452494453,45.0
424.0,42.43705533429298,39.647198416135744,45.0
425.0,42.43705533429298,39.686949596128756,45.0
426.0,42.43705533429298,39.722675940260046,45.0
427.0,42.43705533429298,39.75492940099134,45.0
428.0,42.43705533429298,39.78416478222387,45.0
429.0,42.43705533429298,39.810760485633544,45.0
430.0,42.43705533429298,39.835034099012354,45.0
431.0,42.43705533429298,39.85725427611391,45.0
432.0,42.43705533429298,39.877649906883484,45.0
433.0,42.43705533429298,39.89641727883579,45.0
434.0,42.43705533429298,39.91372572923161,45.0
435.0,42.43705533429298,39.92972214961013,45.0
436.0,42.43705533429298,39.94453460786454,45.0
437.0,42.43705533429298,39.958275284795036,45.0
438.0,42.43705533429298,39.971042873069194,45.0
439.0,42.43705533429298,39.98292455089201,45.0
440.0,42.43705533429298,39.99399761648095,45.0
441.0,42.43705533429298,40.004330849956126,45.0
442.0,42.43705533429298,40.01398565462014,45.0
443.0,42.43705533429298,40.02301701850699,45.0
444.0,42.43705533429298,40.031474328592594,45.0
445.0,42.43705533429298,40.03940206351561,45.0
446.0,42.43705533429298,40.04684038557039,45.0
447.0,42.43705533429298,40.05382564875328,45.0
448.0,42.43705533429298,40.06039083650387,44.99999999999999
449.0,42.43705533429298,40.06656594029412,45.0
450.0,42.43705533429298,40.07237828822944,45.0
451.0,42.43705533429298,40.077852831230906,45.0
452.0,42.43705533429298,40.083012393078654,45.0
453.0,42.43705533429298,40.08787788955121,45.0
454.0,42.43705533429298,40.09246852104236,45.0
455.0,42.43705533429298,40.09680194233824,45.0
456.0,42.43705533429298,40.10089441266176,45.0
457.0,42.43705533429298,40.10476092861595,45.0
458.0,42.43705533429298,40.10841534226209,45.0
459.0,42.43705533429298,40.11187046624017,45.0
460.0,42.43705533429298,40.115138167562705,45.0
461.0,42.43705533429298,40.11822945148242,45.0
462.0,42.43705533429298,40.121154536638684,45.0
463.0,42.43705533429298,40.123922922523285,45.0
464.0,42.43705533429298,40.12654345016577,45.0
465.0,42.43705533429298,40.129024356820274,45.0
466.0,42.43705533429298,40.131373325333584,45.0
467.0,42.43705533429298,40.13359752878782,45.0
468.0,42.43705533429298,40.13570367093626,45.0
469.0,42.43705533429298,40.13769802288691,45.0
470.0,42.43705533429298,40.13958645643285,45.0
471.0,42.43705533429298,40.14137447438083,45.0
472.0,42.43705533429298,40.14306723818774,45.0
473.0,42.43705533429298,40.144669593179074,45.0
474.0,42.43705533429298,40.14618609159143,45.0
475.0,42.43705533429298,40.14762101365444,45.00000000000001
476.0,42.43705533429298,40.14897838690292,45.0
477.0,42.43705533429298,40.15026200388962,45.0
478.0,42.43705533429298,40.151475438450035,45.0
479.0,42.43705533429298,40.1526220606549,45.0
480.0,42.43705533429298,40.15370505057149,45.0
481.0,42.43705533429298,40.15472741094245,45.0
482.0,42.43705533429298,40.15569197887929,45.0
483.0,42.43705533429298,40.1566014366586,45.0
484.0,42.43705533429298,40.157458321699174,45.0
485.0,42.43705533429298,40.158265035791665,45.0
486.0,42.43705533429298,40.15902385364436,45.0
487.0,42.43705533429298,40.15973693080322,45.0
488.0,42.43705533429298,40.16040631099851,45.0
489.0,42.43705533429298,40.16103393296545,45.0
490.0,42.43705533429298,40.16162163678182,45.0
491.0,42.43705533429298,40.162171169761784,45.0
492.0,42.43705533429298,40.162684191941196,45.0
493.0,42.43705533429298,40.16316228118693,45.0
494.0,42.43705533429298,40.16360693795945,45.0
495.0,42.43705533429298,40.16401958975564,45.0
496.0,42.43705533429298,40.16440159525628,45.0
497.0,42.43705533429298,40.164754248200644,45.0
498.0,42.43705533429298,40.16507878100864,45.0
499.0,42.43705533429298,40.16537636816923,45.0
500.0,42.43705533429298,40.16564812941245,45.0
501.0,42.43705533429298,40.16589513268062,45.0
502.0,42.43705533429298,40.16611839691329,45.0
503.0,42.43705533429298,40.166318894659376,45.0
504.0,42.43705533429298,40.16649755452832,45.0
505.0,42.43705533429298,40.16665526349209,45.0
506.0,42.43705533429298,40.16679286904787,45.0
507.0,42.43705533429298,40.16691118125135,45.0
508.0,42.43705533429298,40.16701097462927,45.0
509.0,42.43705533429298,40.16709298997949,45.0
510.0,42.43705533429298,40.16715793606597,45.0
511.0,42.43705533429298,40.16720649121581,45.0
512.0,42.43705533429298,40.16723930482459,45.0
513.0,42.43705533429298,40.167256998776175,45.0
514.0,42.43705533429298,40.1672601687824,45.0
515.0,42.43705533429298,40.167249385647786,45.0
516.0,42.43705533429298,40.167225196464145,45.0
517.0,42.43705533429298,40.16718812573927,45.0
518.0,42.43705533429298,40.16713867646414,45.0
519.0,42.43705533429298,40.167077331122215,45.00000000000001
520.0,42.43705533429298,40.16700455264438,45.0
521.0,42.43705533429298,40.16692078531309,45.0
522.0,42.43705533429298,40.166826455618505,45.0
523.0,42.43705533429298,40.16672197306971,45.0
524.0,42.43705533429298,40.166607730963534,45.0
525.0,42.43705533429298,40.166484107113604,45.0
526.0,42.43705533429298,40.16635146454192,45.0
527.0,42.43705533429298,40.16621015213513,45.0
528.0,42.43705533429298,40.166060505267495,45.0
529.0,42.43705533429298,40.165902846392626,45.0
530.0,42.43705533429298,40.1657374856055,45.0
531.0,42.43705533429298,40.16556472117673,45.0
532.0,42.43705533429298,40.165384840060426,45.0
533.0,42.43705533429298,40.16519811837725,45.0
534.0,42.43705533429298,40.165004821873914,45.0
535.0,42.43705533429298,40.16480520636063,45.0
536.0,42.43705533429298,40.1645995181274,45.0
537.0,42.43705533429298,40.16438799434061,45.0
538.0,42.43705533429298,40.164170863420765,44.99999999999999
539.0,42.43705533429298,40.16394834540256,45.0
540.0,42.43705533429298,40.163720652277966,45.0
541.0,42.43705533429298,40.16348798832352,45.0
542.0,42.43705533429298,40.163250550412464,45.0
543.0,42.43705533429298,40.16300852831256,45.0
544.0,42.43705533429298,40.16276210497031,45.0
545.0,42.43705533429298,40.16251145678238,45.0
546.0,42.43705533429298,40.16225675385471,45.0
547.0,42.43705533429298,40.16199816025011,45.0
548.0,42.43705533429298,40.161735834224736,45.0
549.0,42.43705533429298,40.16146992845425,45.0
550.0,42.43705533429298,40.16120059024991,45.0
551.0,42.43705533429298,40.160927961765275,45.0
552.0,42.43705533429298,40.160652180193885,45.0
553.0,42.43705533429298,40.16037337795851,45.0
554.0,42.43705533429298,40.16009168289206,45.0
555.0,42.43705533429298,40.15980721841103,45.0
556.0,42.43705533429298,40.15952010368133,45.0
557.0,42.43705533429298,40.159230453777226,45.0
558.0,42.43705533429298,40.15893837983364,45.0
559.0,42.43705533429298,40.158643989192015,45.0
560.0,42.43705533429298,40.15834738554007,45.0
561.0,42.43705533429298,40.15804866904595,45.0
562.0,42.43705533429298,40.15774793648662,45.0
563.0,42.43705533429298,40.15744528137128,45.0
564.0,42.43705533429298,40.15714079405947,45.0
565.0,42.43705533429298,40.156834561874625,45.0
566.0,42.43705533429298,40.15652666921292,45.0
567.0,42.43705533429298,40.15621719764783,45.0
568.0,42.43705533429298,40.155906226030424,45.0
569.0,42.43705533429298,40.15559383058584,45.0
570.0,42.43705533429298,40.15528008500573,45.0
571.0,42.43705533429298,40.154965060537315,45.0
572.0,42.43705533429298,40.15464882606875,45.0
573.0,42.43705533429298,40.1543314482113,45.0
574.0,42.43705533429298,40.15401299137826,45.0
575.0,42.43705533429298,40.1536935178609,45.0
576.0,42.43705533429298,40.15337308790144,44.99999999999999
577.0,42.43705533429298,40.15305175976327,45.0
578.0,42.43705533429298,40.152729589798454,45.0
579.0,42.43705533429298,40.152406632512786,45.0
580.0,42.43705533429298,40.15208294062825,45.0
581.0,42.43705533429298,40.1517585651433,45.0
582.0,42.43705533429298,40.15143355539072,45.0
583.0,42.43705533429298,40.15110795909354,45.0
584.0,42.43705533429298,40.15078182241862,45.0
585.0,42.43705533429298,40.150455190028566,45.00000000000001
586.0,42.43705533429298,40.150128105131465,45.0
587.0,42.43705533429298,40.149800609528974,45.0
588.0,42.43705533429298,40.14947274366264,45.0
589.0,42.43705533429298,40.149144546658455,45.0
590.0,42.43705533429298,40.14881605636993,45.0
591.0,42.43705533429298,40.14848730941952,45.0
592.0,42.43705533429298,40.148158341238634,45.0
593.0,42.43705533429298,40.14782918610618,45.0
594.0,42.43705533429298,40.14749987718579,45.0
595.0,42.43705533429298,40.14717044656166,45.0
596.0,42.43705533429298,40.14684092527321,45.0
597.0,42.43705533429298,40.14651134334848,45.0
598.0,42.43705533429298,40.14618172983638,45.0
599.0,42.43705533429298,40.145852112837794,45.0
600.0,42.43705533429298,40.14552251953567,45.0
601.0,42.43705533429298,40.145192976223996,45.0
602.0,42.43705533429298,40.1448635083358,45.0
603.0,42.43705533429298,40.14453414047028,45.0
604.0,42.43705533429298,40.144204896418856,45.0
605.0,42.43705533429298,40.14387579919049,45.0
606.0,42.43705533429298,40.143546871036015,45.0
607.0,42.43705533429298,40.14321813347177,45.0
608.0,42.43705533429298,40.14288960730232,45.0
609.0,42.43705533429298,40.14256131264253,45.0
610.0,42.43705533429298,40.14223326893882,45.0
611.0,42.43705533429298,40.14190549498974,45.0
612.0,42.43705533429298,40.1415780089659,45.0
613.0,42.43705533429298,40.14125082842917,45.0
614.0,42.43705533429298,40.1409239703513,45.0
615.0,42.43705533429298,40.14059745113195,45.0
616.0,42.43705533429298,40.14027128661605,45.0
617.0,42.43705533429298,40.1399454921107,45.0
618.0,42.43705533429298,40.139620082401414,45.0
619.0,42.43705533429298,40.13929507176794,45.0
620.0,42.43705533429298,40.13897047399951,45.0
621.0,42.43705533429298,40.1386463024096,45.0
622.0,42.43705533429298,40.13832256985024,45.0
623.0,42.43705533429298,40.137999288725865,45.0
624.0,42.43705533429298,40.13767647100671,45.0
625.0,42.43705533429298,40.13735412824183,45.0
626.0,42.43705533429298,40.137032271571606,45.0
627.0,42.43705533429298,40.136710911739975,45.0
628.0,42.43705533429298,40.13639005910617,45.0
629.0,42.43705533429298,40.13606972365622,45.0
630.0,42.43705533429298,40.13574991501393,45.0
631.0,42.43705533429298,40.135430642451695,45.0
632.0,42.43705533429298,40.13511191490078,45.0
633.0,42.43705533429298,40.13479374096152,45.0
634.0,42.43705533429298,40.134476128912944,45.0
635.0,42.43705533429298,40.13415908672234,45.0
636.0,42.43705533429298,40.133842622054374,45.0
637.0,42.43705533429298,40.133526742279976,45.0
638.0,42.43705533429298,40.13321145448497,45.0
639.0,42.43705533429298,40.132896765478456,45.0
640.0,42.43705533429298,40.13258268180082,44.99999999999999
641.0,42.43705533429298,40.132269209731724,45.0
642.0,42.43705533429298,40.1319563552976,45.0
643.0,42.43705533429298,40.13164412427914,45.0
644.0,42.43705533429298,40.131332522218386,45.0
645.0,42.43705533429298,40.13102155442574,45.0
646.0,42.43705533429298,40.13071122598669,45.0
647.0,42.43705533429298,40.13040154176835,45.0
648.0,42.43705533429298,40.130092506425825,45.0
649.0,42.43705533429298,40.129784124408374,45.0
650.0,42.43705533429298,40.12947639996537,45.0
651.0,42.43705533429298,40.12916933715215,45.0
652.0,42.43705533429298,40.12886293983561,45.0
653.0,42.43705533429298,40.12855721169968,45.0
654.0,42.43705533429298,40.12825215625064,45.0
655.0,42.43705533429298,40.12794777682231,45.0
656.0,42.43705533429298,40.12764407658097,45.0
657.0,42.43705533429298,40.12734105853032,45.0
658.0,42.43705533429298,40.127038725516094,45.0
659.0,42.43705533429298,40.12673708023077,45.0
660.0,42.43705533429298,40.12643612521786,45.0
661.0,42.43705533429298,40.12613586287639,45.0
662.0,42.43705533429298,40.125836295464964,45.0
663.0,42.43705533429298,40.125537425105975,45.0
664.0,42.43705533429298,40.12523925378942,45.0
665.0,42.43705533429298,40.124941783376855,45.0
666.0,42.43705533429298,40.124645015605104,45.0
667.0,42.43705533429298,40.12434895208986,45.0
668.0,42.43705533429298,40.12405359432926,45.0
669.0,42.43705533429298,40.12375894370727,45.0
670.0,42.43705533429298,40.12346500149706,45.0
671.0,42.43705533429298,40.1231717688642,45.0
672.0,42.43705533429298,40.122879246869815,45.0
673.0,42.43705533429298,40.12258743647369,45.0
674.0,42.43705533429298,40.122296338537154,45.0
675.0,42.43705533429298,40.122005953826076,45.0
676.0,42.43705533429298,40.12171628301356,45.0
677.0,42.43705533429298,40.12142732668279,45.0
678.0,42.43705533429298,40.12113908532956,45.0
679.0,42.43705533429298,40.12085155936497,45.0
680.0,42.43705533429298,40.12056474911785,45.0
681.0,42.43705533429298,40.12027865483724,45.0
682.0,42.43705533429298,40.11999327669477,45.0
683.0,42.43705533429298,40.11970861478694,45.0
684.0,42.43705533429298,40.11942466913732,45.0
685.0,42.43705533429298,40.119141439698836,45.0
686.0,42.43705533429298,40.11885892635582,45.0
687.0,42.43705533429298,40.11857712892609,45.0
688.0,42.43705533429298,40.118296047162914,45.0
689.0,42.43705533429298,40.11801568075705,45.0
690.0,42.43705533429298,40.117736029338545,45.0
691.0,42.43705533429298,40.11745709247863,45.0
692.0,42.43705533429298,40.117178869691536,45.0
693.0,42.43705533429298,40.11690136043618,45.0
694.0,42.43705533429298,40.11662456411793,45.0
695.0,42.43705533429298,40.11634848009018,45.0
696.0,42.43705533429298,40.11607310765603,45.0
697.0,42.43705533429298,40.11579844606981,45.0
698.0,42.43705533429298,40.11552449453861,45.0
699.0,42.43705533429298,40.115251252223764,45.0
700.0,42.43705533429298,40.11497871824227,45.0
701.0,42.43705533429298,40.11470689166823,45.0
702.0,42.43705533429298,40.11443577153417,45.0
703.0,42.43705533429298,40.1141653568324,45.0
704.0,42.43705533429298,40.11389564651628,45.0
705.0,42.43705533429298,40.1136266395015,45.0
706.0,42.43705533429298,40.113358334667254,45.0
707.0,42.43705533429298,40.11309073085752,45.0
708.0,42.43705533429298,40.11282382688211,45.0
709.0,42.43705533429298,40.11255762151788,45.0
710.0,42.43705533429298,40.11229211350975,45.0
711.0,42.43705533429298,40.11202730157188,45.0
712.0,42.43705533429298,40.11176318438857,45.0
713.0,42.43705533429298,40.111499760615395,45.0
714.0,42.43705533429298,40.1112370288801,45.0
715.0,42.43705533429298,40.110974987783614,45.0
716.0,42.43705533429298,40.110713635900936,45.0
717.0,42.43705533429298,40.11045297178208,45.0
718.0,42.43705533429298,40.110192993952936,45.0
719.0,42.43705533429298,40.10993370091612,45.0
720.0,42.43705533429298,40.10967509115185,45.0
721.0,42.43705533429298,40.10941716311871,45.0
722.0,42.43705533429298,40.10915991525446,45.0
723.0,42.43705533429298,40.10890334597681,45.0
724.0,42.43705533429298,40.10864745368418,45.0
725.0,42.43705533429298,40.108392236756416,45.0
726.0,42.43705533429298,40.108137693555484,45.0
727.0,42.43705533429298,40.1078838224262,45.0
728.0,42.43705533429298,40.107630621696885,45.0
729.0,42.43705533429298,40.107378089680005,45.0
730.0,42.43705533429298,40.107126224672804,45.0
731.0,42.43705533429298,40.10687502495797,45.0
732.0,42.43705533429298,40.1066244888042,45.0
733.0,42.43705533429298,40.10637461446679,45.0
734.0,42.43705533429298,40.10612540018822,45.0
735.0,42.43705533429298,40.10587684419869,45.0
736.0,42.43705533429298,40.1056289447167,45.0
737.0,42.43705533429298,40.10538169994953,45.0
738.0,42.43705533429298,40.10513510809378,45.0
739.0,42.43705533429298,40.10488916733589,45.0
740.0,42.43705533429298,40.10464387585255,45.0
741.0,42.43705533429298,40.10439923181127,45.0
742.0,42.43705533429298,40.104155233370754,45.0
743.0,42.43705533429298,40.10391187868142,45.0
744.0,42.43705533429298,40.103669165885776,45.0
745.0,42.43705533429298,40.103427093118896,45.0
746.0,42.43705533429298,40.10318565850876,45.0
747.0,42.43705533429298,40.102944860176756,45.0
748.0,42.43705533429298,40.10270469623798,45.0
749.0,42.43705533429298,40.10246516480166,45.00000000000001
750.0,42.43705533429298,40.10222626397152,44.99999999999999
751.0,42.43705533429298,40.101987991846116,45.0
752.0,42.43705533429298,40.10175034651922,45.0
753.0,42.43705533429298,40.101513326080166,45.0
754.0,42.43705533429298,40.101276928614126,45.0
755.0,42.43705533429298,40.10104115220248,45.0
756.0,42.43705533429298,40.10080599492309,45.0
757.0,42.43705533429298,40.100571454850694,45.0
758.0,42.43705533429298,40.100337530057054,44.99999999999999
759.0,42.43705533429298,40.10010421861139,45.0
760.0,42.43705533429298,40.09987151858055,45.0
761.0,42.43705533429298,40.09963942802935,45.0
762.0,42.43705533429298,40.09940794502083,45.0
763.0,42.43705533429298,40.099177067616466,45.0
764.0,42.43705533429298,40.09894679387648,45.0
765.0,42.43705533429298,40.09871712186003,45.0
766.0,42.43705533429298,40.09848804962547,45.0
767.0,42.43705533429298,40.09825957523063,45.0
768.0,42.43705533429298,40.0980316967329,45.0
769.0,42.43705533429298,40.097804412189625,45.0
770.0,42.43705533429298,40.097577719658176,45.0
771.0,42.43705533429298,40.09735161719621,45.00000000000001
772.0,42.43705533429298,40.09712610286186,45.0
773.0,42.43705533429298,40.09690117471395,45.0
774.0,42.43705533429298,40.09667683081216,45.0
775.0,42.43705533429298,40.09645306921718,45.0
776.0,42.43705533429298,40.09622988799097,45.0
777.0,42.43705533429298,40.09600728519686,45.0
778.0,42.43705533429298,40.095785258899696,45.0
779.0,42.43705533429298,40.0955638071661,45.0
780.0,42.43705533429298,40.09534292806455,45.0
781.0,42.43705533429298,40.095122619665545,45.0
782.0,42.43705533429298,40.09490288004175,45.0
783.0,42.43705533429298,40.09468370726818,45.0
784.0,42.43705533429298,40.09446509942229,45.0
785.0,42.43705533429298,40.09424705458412,45.0
786.0,42.43705533429298,40.09402957083645,45.0
787.0,42.43705533429298,40.09381264626489,45.0
788.0,42.43705533429298,40.09359627895806,45.0
789.0,42.43705533429298,40.09338046700762,45.0
790.0,42.43705533429298,40.0931652085085,45.0
791.0,42.43705533429298,40.092950501558896,45.0
792.0,42.43705533429298,40.09273634426045,45.0
793.0,42.43705533429298,40.092522734718365,45.0
794.0,42.43705533429298,40.09230967104144,45.0
795.0,42.43705533429298,40.09209715134222,45.0
796.0,42.43705533429298,40.09188517373708,45.0
797.0,42.43705533429298,40.09167373634634,45.0
798.0,42.43705533429298,40.09146283729425,45.0
799.0,42.43705533429298,40.091252474709265,45.0
800.0,42.43705533429298,40.09104264672394,45.0
801.0,42.43705533429298,40.09083335147512,45.0
802.0,42.43705533429298,40.09062458710397,45.0
803.0,42.43705533429298,40.09041635175609,45.0
804.0,42.43705533429298,40.090208643581526,45.0
805.0,42.43705533429298,40.09000146073494,45.0
806.0,42.43705533429298,40.08979480137554,45.0
807.0,42.43705533429298,40.089588663667286,45.0
808.0,42.43705533429298,40.08938304577885,45.0
809.0,42.43705533429298,40.08917794588373,45.0
810.0,42.43705533429298,40.08897336216029,45.0
811.0,42.43705533429298,40.0887692927918,45.0
812.0,42.43705533429298,40.08856573596654,45.0
813.0,42.43705533429298,40.088362689877805,45.0
814.0,42.43705533429298,40.088160152723944,45.0
815.0,42.43705533429298,40.08795812270849,45.0
816.0,42.43705533429298,40.0877565980401,45.0
817.0,42.43705533429298,40.08755557693267,45.0
818.0,42.43705533429298,40.087355057605365,45.0
819.0,42.43705533429298,40.08715503828263,45.0
820.0,42.43705533429298,40.086955517194255,45.0
821.0,42.43705533429298,40.08675649257544,45.0
822.0,42.43705533429298,40.08655796266673,45.0
823.0,42.43705533429298,40.086359925714206,45.0
824.0,42.43705533429298,40.086162379969345,45.0
825.0,42.43705533429298,40.08596532368918,45.0
826.0,42.43705533429298,40.08576875513627,45.0
827.0,42.43705533429298,40.085572672578756,45.0
828.0,42.43705533429298,40.08537707429034,45.0
829.0,42.43705533429298,40.08518195855041,45.0
830.0,42.43705533429298,40.084987323643894,45.0
831.0,42.43705533429298,40.084793167861484,45.0
832.0,42.43705533429298,40.08459948949951,45.0
833.0,42.43705533429298,40.08440628686003,45.0
834.0,42.43705533429298,40.0842135582508,45.0
835.0,42.43705533429298,40.08402130198536,45.0
836.0,42.43705533429298,40.08382951638296,45.0
837.0,42.43705533429298,40.0836381997687,45.0
838.0,42.43705533429298,40.08344735047339,45.0
839.0,42.43705533429298,40.083256966833716,45.0
840.0,42.43705533429298,40.08306704719211,45.0
841.0,42.43705533429298,40.082877589896896,45.0
842.0,42.43705533429298,40.0826885933022,45.0
843.0,42.43705533429298,40.082500055768016,45.0
844.0,42.43705533429298,40.082311975660176,45.0
845.0,42.43705533429298,40.082124351350394,45.0
846.0,42.43705533429298,40.081937181216226,45.0
847.0,42.43705533429298,40.08175046364116,45.0
848.0,42.43705533429298,40.08156419701451,45.0
849.0,42.43705533429298,40.081378379731504,45.0
850.0,42.43705533429298,40.08119301019327,45.0
851.0,42.43705533429298,40.0810080868068,45.0
852.0,42.43705533429298,40.08082360798499,45.0
853.0,42.43705533429298,40.080639572146666,45.0
854.0,42.43705533429298,40.0804559777165,45.0
855.0,42.43705533429298,40.08027282312511,45.0
856.0,42.43705533429298,40.08009010680896,45.0
857.0,42.43705533429298,40.07990782721046,45.0
858.0,42.43705533429298,40.07972598277788,45.0
859.0,42.43705533429298,40.079544571965386,45.0
860.0,42.43705533429298,40.07936359323305,45.0
861.0,42.43705533429298,40.0791830450468,45.0
862.0,42.43705533429298,40.07900292587847,45.0
863.0,42.43705533429298,40.078823234205764,45.0
864.0,42.43705533429298,40.078643968512225,45.0
865.0,42.43705533429298,40.0784651272873,45.0
866.0,42.43705533429298,40.07828670902628,45.0
867.0,42.43705533429298,40.0781087122303,45.0
868.0,42.43705533429298,40.07793113540634,45.0
869.0,42.43705533429298,40.07775397706723,45.0
870.0,42.43705533429298,40.0775772357316,45.0
871.0,42.43705533429298,40.07740090992393,45.0
872.0,42.43705533429298,40.07722499817448,45.0
873.0,42.43705533429298,40.07704949901934,45.0
874.0,42.43705533429298,40.07687441100036,45.0
875.0,42.43705533429298,40.07669973266519,45.0
876.0,42.43705533429298,40.07652546256726,45.0
877.0,42.43705533429298,40.076351599265735,45.0
878.0,42.43705533429298,40.07617814132553,45.0
879.0,42.43705533429298,40.07600508731732,45.0
880.0,42.43705533429298,40.07583243581746,45.0
881.0,42.43705533429298,40.07566018540809,45.0
882.0,42.43705533429298,40.07548833467696,45.0
883.0,42.43705533429298,40.07531688221757,45.0
884.0,42.43705533429298,40.075145826629075,45.0
885.0,42.43705533429298,40.07497516651629,45.0
886.0,42.43705533429298,40.07480490048967,45.0
887.0,42.43705533429298,40.07463502716531,45.0
888.0,42.43705533429298,40.07446554516491,45.0
889.0,42.43705533429298,40.07429645311581,45.00000000000001
890.0,42.43705533429298,40.07412774965088,45.0
891.0,42.43705533429298,40.07395943340863,45.0
892.0,42.43705533429298,40.073791503033085,45.0
893.0,42.43705533429298,40.073623957173815,45.0
894.0,42.43705533429298,40.07345679448595,45.0
895.0,42.43705533429298,40.07329001363011,45.0
896.0,42.43705533429298,40.073123613272394,45.0
897.0,42.43705533429298,40.07295759208443,45.0
898.0,42.43705533429298,40.07279194874325,45.0
899.0,42.43705533429298,40.0726266819314,45.0
900.0,42.43705533429298,40.07246179033681,45.0
901.0,42.43705533429298,40.07229727265285,45.0
902.0,42.43705533429298,40.072133127578255,45.0
903.0,42.43705533429298,40.07196935381719,45.0
904.0,42.43705533429298,40.07180595007913,45.0
905.0,42.43705533429298,40.07164291507895,45.0
906.0,42.43705533429298,40.07148024753681,45.0
907.0,42.43705533429298,40.07131794617822,45.0
908.0,42.43705533429298,40.07115600973394,45.0
909.0,42.43705533429298,40.07099443694005,45.0
910.0,42.43705533429298,40.070833226537864,45.0
911.0,42.43705533429298,40.070672377273944,45.0
912.0,42.43705533429298,40.07051188790006,45.0
913.0,42.43705533429298,40.07035175717321,45.0
914.0,42.43705533429298,40.07019198385557,45.0
915.0,42.43705533429298,40.070032566714474,45.0
916.0,42.43705533429298,40.069873504522405,45.0
917.0,42.43705533429298,40.06971479605701,45.0
918.0,42.43705533429298,40.069556440100996,45.0
919.0,42.43705533429298,40.0693984354422,45.0
920.0,42.43705533429298,40.069240780873535,45.0
921.0,42.43705533429298,40.069083475192954,45.0
922.0,42.43705533429298,40.068926517203444,45.0
923.0,42.43705533429298,40.068769905713026,45.0
924.0,42.43705533429298,40.06861363953473,45.0
925.0,42.43705533429298,40.06845771748655,45.0
926.0,42.43705533429298,40.06830213839143,45.0
927.0,42.43705533429298,40.068146901077306,45.0
928.0,42.43705533429298,40.06799200437697,44.99999999999999
929.0,42.43705533429298,40.067837447128184,45.0
930.0,42.43705533429298,40.06768322817354,45.0
931.0,42.43705533429298,40.067529346360566,45.0
932.0,42.43705533429298,40.06737580054156,45.0
933.0,42.43705533429298,40.067222589573724,45.0
934.0,42.43705533429298,40.067069712319,45.0
935.0,42.43705533429298,40.066917167644164,45.0
936.0,42.43705533429298,40.06676495442074,45.0
937.0,42.43705533429298,40.066613071525055,45.0
938.0,42.43705533429298,40.06646151783809,45.0
939.0,42.43705533429298,40.06631029224562,45.0
940.0,42.43705533429298,40.066159393638046,45.0
941.0,42.43705533429298,40.0660088209105,45.0
942.0,42.43705533429298,40.06585857296272,45.0
943.0,42.43705533429298,40.06570864869914,45.0
944.0,42.43705533429298,40.06555904702875,45.0
945.0,42.43705533429298,40.06540976686519,45.0
946.0,42.43705533429298,40.065260807126634,45.0
947.0,42.43705533429298,40.06511216673588,45.0
948.0,42.43705533429298,40.0649638446202,45.0
949.0,42.43705533429298,40.064815839711436,45.0
950.0,42.43705533429298,40.064668150945906,45.0
951.0,42.43705533429298,40.06452077726443,45.0
952.0,42.43705533429298,40.06437371761227,45.0
953.0,42.43705533429298,40.064226970939174,45.0
954.0,42.43705533429298,40.06408053619927,45.0
955.0,42.43705533429298,40.063934412351145,45.0
956.0,42.43705533429298,40.06378859835773,45.0
957.0,42.43705533429298,40.063643093186364,45.0
958.0,42.43705533429298,40.0634978958087,45.0
959.0,42.43705533429298,40.06335300520076,45.00000000000001
960.0,42.43705533429298,40.06320842034286,45.0
961.0,42.43705533429298,40.063064140219616,45.0
962.0,42.43705533429298,40.062920163819925,45.0
963.0,42.43705533429298,40.06277649013694,45.00000000000001
964.0,42.43705533429298,40.06263311816803,45.0
965.0,42.43705533429298,40.06249004691483,45.0
966.0,42.43705533429298,40.06234727538316,45.0
967.0,42.43705533429298,40.062204802583004,45.0
968.0,42.43705533429298,40.06206262752852,45.0
969.0,42.43705533429298,40.061920749238034,45.0
970.0,42.43705533429298,40.06177916673397,45.0
971.0,42.43705533429298,40.06163787904289,45.0
972.0,42.43705533429298,40.06149688519543,45.0
973.0,42.43705533429298,40.061356184226305,45.0
974.0,42.43705533429298,40.06121577517428,45.0
975.0,42.43705533429298,40.06107565708217,45.0
976.0,42.43705533429298,40.060935828996804,45.0
977.0,42.43705533429298,40.060796289969,45.0
978.0,42.43705533429298,40.060657039053574,45.0
979.0,42.43705533429298,40.0605180753093,45.0
980.0,42.43705533429298,40.0603793977989,45.0
981.0,42.43705533429298,40.06024100558903,45.0
982.0,42.43705533429298,40.06010289775025,45.0
983.0,42.43705533429298,40.05996507335703,45.0
984.0,42.43705533429298,40.059827531487684,45.0
985.0,42.43705533429298,40.05969027122443,45.0
986.0,42.43705533429298,40.05955329165329,45.0
987.0,42.43705533429298,40.059416591864114,45.0
988.0,42.43705533429298,40.05928017095058,45.0
989.0,42.43705533429298,40.05914402801014,45.0
990.0,42.43705533429298,40.059008162144,45.0
991.0,42.43705533429298,40.05887257245716,45.0
992.0,42.43705533429298,40.05873725805833,45.0
993.0,42.43705533429298,40.05860221805994,45.0
994.0,42.43705533429298,40.05846745157813,45.0
995.0,42.43705533429298,40.05833295773272,45.0
996.0,42.43705533429298,40.05819873564721,45.0
997.0,42.43705533429298,40.058064784448746,45.0
998.0,42.43705533429298,40.05793110326809,45.0
999.0,42.43705533429298,40.05779769123966,45.0
1000.0,42.43705533429298,40.05766454750144,45.0
1001.0,42.43705533429298,40.057531671195015,45.0
1002.0,42.43705533429298,40.05739906146554,45.0
1003.0,42.43705533429298,40.05726671746172,45.0
1004.0,42.43705533429298,40.05713463833579,45.0
1005.0,42.43705533429298,40.057002823243515,45.0
1006.0,42.43705533429298,40.056871271344136,45.0
1007.0,42.43705533429298,40.05673998180042,45.0
1008.0,42.43705533429298,40.05660895377856,45.0
1009.0,42.43705533429298,40.056478186448246,45.0
1010.0,42.43705533429298,40.05634767898257,45.0
1011.0,42.43705533429298,40.05621743055807,45.0
1012.0,42.43705533429298,40.05608744035467,45.0
1013.0,42.43705533429298,40.055957707555706,45.0
1014.0,42.43705533429298,40.055828231347874,45.0
1015.0,42.43705533429298,40.05569901092122,45.0
1016.0,42.43705533429298,40.05557004546914,45.0
1017.0,42.43705533429298,40.05544133418838,45.0
1018.0,42.43705533429298,40.055312876278954,45.0
1019.0,42.43705533429298,40.055184670944215,45.0
1020.0,42.43705533429298,40.055056717390755,45.0
1021.0,42.43705533429298,40.054929014828474,45.0
1022.0,42.43705533429298,40.05480156247047,45.0
1023.0,42.43705533429298,40.05467435953314,45.0
1024.0,42.43705533429298,40.054547405236036,45.0
1025.0,42.43705533429298,40.054420698801955,45.0
1026.0,42.43705533429298,40.054294239456866,45.0
1027.0,42.43705533429298,40.05416802642992,45.0
1028.0,42.43705533429298,40.05404205895342,45.0
1029.0,42.43705533429298,40.05391633626284,45.0
1030.0,42.43705533429298,40.053790857596724,45.0
1031.0,42.43705533429298,40.05366562219679,45.0
1032.0,42.43705533429298,40.053540629307825,45.0
1033.0,42.43705533429298,40.05341587817773,45.0
1034.0,42.43705533429298,40.053291368057415,45.0
1035.0,42.43705533429298,40.05316709820094,45.0
1036.0,42.43705533429298,40.05304306786533,45.0
1037.0,42.43705533429298,40.05291927631066,45.0
1038.0,42.43705533429298,40.05279572280003,45.0
1039.0,42.43705533429298,40.05267240659953,45.00000000000001
1040.0,42.43705533429298,40.05254932697824,45.0
1041.0,42.43705533429298,40.0524264832082,45.0
1042.0,42.43705533429298,40.05230387456441,45.0
1043.0,42.43705533429298,40.05218150032484,45.0
1044.0,42.43705533429298,40.052059359770354,45.0
1045.0,42.43705533429298,40.05193745218475,45.0
1046.0,42.43705533429298,40.0518157768547,45.0
1047.0,42.43705533429298,40.05169433306983,45.0
1048.0,42.43705533429298,40.05157312012255,45.0
1049.0,42.43705533429298,40.05145213730821,45.0
1050.0,42.43705533429298,40.05133138392496,45.0
1051.0,42.43705533429298,40.051210859273816,45.0
1052.0,42.43705533429298,40.05109056265857,45.0
1053.0,42.43705533429298,40.05097049338587,45.0
1054.0,42.43705533429298,40.05085065076512,45.0
1055.0,42.43705533429298,40.05073103410856,45.0
1056.0,42.43705533429298,40.0506116427311,45.0
1057.0,42.43705533429298,40.050492475950506,45.0
1058.0,42.43705533429298,40.05037353308723,45.0
1059.0,42.43705533429298,40.05025481346448,45.0
1060.0,42.43705533429298,40.05013631640813,45.0
1061.0,42.43705533429298,40.05001804124683,45.0
1062.0,42.43705533429298,40.04989998731187,45.0
1063.0,42.43705533429298,40.04978215393722,45.0
1064.0,42.43705533429298,40.04966454045953,45.0
1065.0,42.43705533429298,40.04954714621811,45.0
1066.0,42.43705533429298,40.04942997055488,45.0
1067.0,42.43705533429298,40.04931301281442,45.0
1068.0,42.43705533429298,40.04919627234389,45.0
1069.0,42.43705533429298,40.0490797484931,45.0
1070.0,42.43705533429298,40.0489634406144,45.0
1071.0,42.43705533429298,40.04884734806275,45.0
1072.0,42.43705533429298,40.048731470195655,45.0
1073.0,42.43705533429298,40.0486158063732,45.0
1074.0,42.43705533429298,40.04850035595799,45.0
1075.0,42.43705533429298,40.04838511831517,45.0
1076.0,42.43705533429298,40.048270092812395,45.0
1077.0,42.43705533429298,40.04815527881985,45.0
1078.0,42.43705533429298,40.04804067571016,45.0
1079.0,42.43705533429298,40.04792628285851,45.0
1080.0,42.43705533429298,40.04781209964249,45.0
1081.0,42.43705533429298,40.047698125442174,45.0
1082.0,42.43705533429298,40.04758435964009,44.99999999999999
1083.0,42.43705533429298,40.04747080162121,45.0
1084.0,42.43705533429298,40.047357450772886,45.0
1085.0,42.43705533429298,40.04724430648494,45.0
1086.0,42.43705533429298,40.04713136814954,45.0
1087.0,42.43705533429298,40.04701863516132,45.0
1088.0,42.43705533429298,40.046906106917206,45.0
1089.0,42.43705533429298,40.04679378281656,45.0
1090.0,42.43705533429298,40.046681662261065,45.0
1091.0,42.43705533429298,40.04656974465476,45.0
1092.0,42.43705533429298,40.04645802940403,44.99999999999999
1093.0,42.43705533429298,40.04634651591758,45.0
1094.0,42.43705533429298,40.04623520360639,45.0
1095.0,42.43705533429298,40.046124091883826,45.0
1096.0,42.43705533429298,40.04601318016545,45.0
1097.0,42.43705533429298,40.04590246786918,45.0
1098.0,42.43705533429298,40.045791954415165,45.0
1099.0,42.43705533429298,40.04568163922582,45.0
1100.0,42.43705533429298,40.04557152172581,45.0
1101.0,42.43705533429298,40.04546160134206,45.0
1102.0,42.43705533429298,40.04535187750369,45.0
1103.0,42.43705533429298,40.04524234964206,45.0
1104.0,42.43705533429298,40.04513301719072,45.0
1105.0,42.43705533429298,40.04502387958544,45.0
1106.0,42.43705533429298,40.04491493626415,45.0
1107.0,42.43705533429298,40.04480618666699,45.00000000000001
1108.0,42.43705533429298,40.044697630236215,45.0
1109.0,42.43705533429298,40.044589266416295,45.0
1110.0,42.43705533429298,40.044481094653825,45.0
1111.0,42.43705533429298,40.044373114397516,45.0
1112.0,42.43705533429298,40.04426532509822,45.0
1113.0,42.43705533429298,40.044157726208915,45.0
1114.0,42.43705533429298,40.04405031718468,45.0
1115.0,42.43705533429298,40.04394309748267,45.0
1116.0,42.43705533429298,40.04383606656216,45.0
1117.0,42.43705533429298,40.04372922388448,45.0
1118.0,42.43705533429298,40.04362256891305,45.0
1119.0,42.43705533429298,40.043516101113326,45.0
1120.0,42.43705533429298,40.04340981995281,45.0
1121.0,42.43705533429298,40.04330372490106,45.0
1122.0,42.43705533429298,40.04319781542965,45.0
1123.0,42.43705533429298,40.04309209101221,45.0
1124.0,42.43705533429298,40.04298655112433,45.0
1125.0,42.43705533429298,40.042881195243616,45.0
1126.0,42.43705533429298,40.04277602284969,45.0
1127.0,42.43705533429298,40.04267103342414,45.0
1128.0,42.43705533429298,40.04256622645052,45.0
1129.0,42.43705533429298,40.042461601414374,45.0
1130.0,42.43705533429298,40.04235715780317,45.0
1131.0,42.43705533429298,40.042252895106344,45.0
1132.0,42.43705533429298,40.04214881281528,45.0
1133.0,42.43705533429298,40.04204491042326,45.0
1134.0,42.43705533429298,40.0419411874255,45.0
1135.0,42.43705533429298,40.04183764331914,45.0
1136.0,42.43705533429298,40.041734277603204,45.0
1137.0,42.43705533429298,40.041631089778626,45.0
1138.0,42.43705533429298,40.0415280793482,45.0
1139.0,42.43705533429298,40.041425245816626,45.0
1140.0,42.43705533429298,40.041322588690456,45.0
1141.0,42.43705533429298,40.0412201074781,45.0
1142.0,42.43705533429298,40.04111780168981,45.0
1143.0,42.43705533429298,40.041015670837716,45.0
1144.0,42.43705533429298,40.04091371443574,45.0
1145.0,42.43705533429298,40.04081193199965,45.0
1146.0,42.43705533429298,40.04071032304702,45.0
1147.0,42.43705533429298,40.04060888709726,45.0
1148.0,42.43705533429298,40.04050762367154,44.99999999999999
1149.0,42.43705533429298,40.04040653229285,45.0
1150.0,42.43705533429298,40.04030561248594,45.0
1151.0,42.43705533429298,40.040204863777376,45.0
1152.0,42.43705533429298,40.04010428569545,44.99999999999999
1153.0,42.43705533429298,40.04000387777024,45.0
1154.0,42.43705533429298,40.03990363953355,45.0
1155.0,42.43705533429298,40.03980357051896,45.00000000000001
1156.0,42.43705533429298,40.039703670261765,45.0
1157.0,42.43705533429298,40.03960393829899,45.0
1158.0,42.43705533429298,40.03950437416936,45.0
1159.0,42.43705533429298,40.039404977413376,45.0
1160.0,42.43705533429298,40.03930574757316,45.0
1161.0,42.43705533429298,40.0392066841926,45.0
1162.0,42.43705533429298,40.03910778681722,45.0
1163.0,42.43705533429298,40.03900905499426,45.0
1164.0,42.43705533429298,40.03891048827263,45.0
1165.0,42.43705533429298,40.03881208620289,45.0
1166.0,42.43705533429298,40.03871384833726,45.0
1167.0,42.43705533429298,40.03861577422962,45.0
1168.0,42.43705533429298,40.03851786343549,45.0
1169.0,42.43705533429298,40.03842011551205,45.0
1170.0,42.43705533429298,40.03832253001804,45.0
1171.0,42.43705533429298,40.03822510651391,45.0
1172.0,42.43705533429298,40.03812784456166,45.0
1173.0,42.43705533429298,40.03803074372492,45.0
1174.0,42.43705533429298,40.037933803568905,45.0
1175.0,42.43705533429298,40.037837023660444,45.0
1176.0,42.43705533429298,40.037740403567945,45.0
1177.0,42.43705533429298,40.037643942861386,45.0
1178.0,42.43705533429298,40.03754764111231,45.0
1179.0,42.43705533429298,40.037451497893855,45.0
1180.0,42.43705533429298,40.03735551278067,45.0
1181.0,42.43705533429298,40.037259685348985,45.0
1182.0,42.43705533429298,40.03716401517658,45.0
1183.0,42.43705533429298,40.03706850184273,45.0
1184.0,42.43705533429298,40.03697314492828,45.0
1185.0,42.43705533429298,40.0368779440156,45.0
1186.0,42.43705533429298,40.03678289868852,45.0
1187.0,42.43705533429298,40.03668800853244,45.0
1188.0,42.43705533429298,40.03659327313423,45.0
1189.0,42.43705533429298,40.03649869208227,45.0
1190.0,42.43705533429298,40.03640426496642,45.0
1191.0,42.43705533429298,40.03630999137802,45.0
1192.0,42.43705533429298,40.03621587090989,45.0
1193.0,42.43705533429298,40.03612190315633,45.0
1194.0,42.43705533429298,40.036028087713056,45.0
1195.0,42.43705533429298,40.03593442417732,45.0
1196.0,42.43705533429298,40.03584091214774,45.0
1197.0,42.43705533429298,40.03574755122443,45.0
1198.0,42.43705533429298,40.035654341008915,45.0
1199.0,42.43705533429298,40.03556128110417,45.0
1200.0,42.43705533429298,40.03546837111457,45.0
