"tick","donation-normed-big","donation-big group","donation-valued-big"
1.0,92.5,94.3571868204427,95.0
2.0,92.5,93.29056941504217,95.0
3.0,92.5,93.25377836144436,95.0
4.0,92.5,93.22168783648704,95.0
5.0,91.79474492580177,83.16870263966264,83.15789473684211
6.0,91.79474492580177,83.17951054248317,83.15789473684211
7.0,91.79474492580177,83.19031844530372,83.15789473684211
8.0,91.79474492580177,83.20112634812426,83.15789473684211
9.0,91.79474492580177,83.20576596657723,83.15789473684211
10.0,91.79474492580177,83.29332165786614,83.15789473684211
11.0,91.79474492580177,83.53132270247498,83.15789473684211
12.0,91.79474492580177,84.17827661718943,83.15789473684211
13.0,91.79474492580177,85.93687968740818,83.15789473684211
14.0,91.79474492580177,90.54803859311471,83.15789473684211
15.0,91.79474492580177,90.70709224589432,83.15789473684211
16.0,91.79474492580177,90.84582475597408,83.15789473684212
17.0,91.1017087133314,79.5315990713882,74.06976744186045
18.0,91.1017087133314,78.88886997558319,74.06976744186048
19.0,91.1017087133314,78.22771232334631,74.06976744186045
20.0,91.1017087133314,78.28084426671974,74.06976744186048
21.0,91.1017087133314,78.32564549965058,74.06976744186045
22.0,91.1017087133314,78.4238657488752,74.06976744186048
23.0,91.1017087133314,78.62234546601553,74.06976744186045
24.0,91.1017087133314,79.09898331045584,74.06976744186048
25.0,91.1017087133314,80.33662944887544,74.06976744186045
26.0,91.1017087133314,83.53100330311568,74.06976744186048
27.0,91.1017087133314,83.66634967739746,74.06976744186045
28.0,91.1017087133314,83.78609143636342,74.06976744186048
29.0,91.1017087133314,83.89313418448641,74.06976744186045
30.0,91.1017087133314,83.98966289165095,74.06976744186048
31.0,91.1017087133314,84.07735891445401,74.06976744186045
32.0,91.1017087133314,84.1575417079139,74.06976744186048
33.0,91.1017087133314,84.23126437060978,74.06976744186045
34.0,91.1017087133314,84.29937986355552,74.06976744186048
35.0,91.1017087133314,84.36258801833783,74.06976744186045
36.0,91.1017087133314,84.4214696182326,74.06976744186048
37.0,89.97701726438392,70.10316388964209,66.87499999999999
38.0,89.97701726438392,66.88105506660266,66.87500000000001
39.0,89.97701726438392,66.87948938468357,66.87499999999999
40.0,89.97701726438392,66.88098584624476,66.87500000000001
41.0,89.97701726438392,66.88162824753098,66.87499999999999
42.0,89.97701726438392,66.89375120317305,66.87500000000001
43.0,89.97701726438392,66.92670481320205,66.87499999999999
44.0,89.97701726438392,67.01628201252608,66.87500000000001
45.0,89.97701726438392,67.25977808569279,66.87499999999999
46.0,89.97701726438392,67.89823886476306,66.87500000000001
47.0,89.97701726438392,67.92026142376486,66.87499999999999
48.0,89.97701726438392,67.93947031859568,66.87500000000001
49.0,89.97701726438392,67.95641780037033,66.87499999999999
50.0,89.97701726438392,67.97151538587026,66.87500000000001
51.0,89.97701726438392,67.98507684753952,66.87499999999999
52.0,89.97701726438392,67.99734617089057,66.87500000000001
53.0,89.97701726438392,68.00851632110198,66.87499999999999
54.0,89.97701726438392,68.01874218862055,66.87500000000001
55.0,89.97701726438392,68.02814973391851,66.87499999999999
56.0,89.97701726438392,68.03684258353438,66.87500000000001
57.0,89.97701726438392,68.04490687648584,66.87499999999999
58.0,89.97701726438392,68.05241488434363,66.87500000000001
59.0,86.11316745677335,68.0594277555975,66.87499999999999
60.0,72.97901511586723,68.06174314932998,66.87500000000001
61.0,72.97901511586723,68.04919802199376,66.87499999999999
62.0,72.97901511586723,68.03629332431986,66.875
63.0,72.97901511586723,68.02306266820638,66.875
64.0,72.97901511586723,68.01196353821175,66.875
65.0,72.97901511586723,67.9762080431149,66.875
66.0,72.97901511586723,67.77003077899452,66.875
67.0,72.97901511586723,67.20132945217311,66.875
68.0,72.97901511586723,64.41567300090638,66.875
69.0,72.97901511586723,60.24729126391691,66.875
70.0,72.97901511586723,58.08626732802953,66.875
71.0,72.97901511586723,58.104552924004985,66.875
72.0,72.97901511586723,58.15250329784043,66.875
73.0,72.97901511586723,58.01965842656602,66.875
74.0,72.97901511586723,58.10876110581787,66.875
75.0,72.97901511586723,58.00449261254307,66.875
76.0,72.97901511586723,58.12262622395762,66.875
77.0,72.97901511586723,58.03851890339101,66.875
78.0,72.97901511586723,57.96139053990402,66.875
79.0,72.30064438799788,58.10882635159649,66.875
80.0,71.96923734685706,58.04583592015506,66.875
81.0,71.63941132495236,57.987963212149715,66.875
82.0,71.63941132495236,58.15778520050807,66.875
83.0,71.31670700312303,58.109447608368754,66.875
84.0,71.31670700312303,58.06417773769912,66.875
85.0,70.99820945653279,58.03000566994289,66.875
86.0,70.99820945653279,58.01849271359975,66.875
87.0,70.99820945653279,58.06369264974301,66.875
88.0,68.15669384264686,58.25466208659739,66.875
89.0,65.75197607477794,58.83129242113412,66.875
90.0,65.55128428845286,59.16670681197084,66.875
91.0,65.55128428845286,59.44493321578624,66.875
92.0,65.55128428845286,59.557321644494294,66.875
93.0,65.55128428845286,59.83335356040832,66.875
94.0,65.55128428845286,59.97480439697273,66.875
95.0,65.55128428845286,60.38220566976225,66.875
96.0,65.55128428845286,60.85243104976046,66.875
97.0,65.55128428845286,62.11665714022359,66.875
98.0,65.55128428845286,65.45595431222556,66.875
99.0,65.55128428845286,68.02727109008343,66.875
100.0,65.55128428845286,67.99114038829464,66.875
101.0,65.55128428845286,68.13108519280209,66.875
102.0,65.55128428845286,68.25398734852119,66.875
103.0,65.55128428845286,68.36289352450717,66.875
104.0,65.55128428845286,68.02996038166225,66.875
105.0,65.55128428845286,68.11414891892106,66.875
106.0,65.55128428845286,68.1902101607623,66.875
107.0,65.55128428845286,68.25929401141049,66.875
108.0,65.55128428845286,68.32233878509798,66.875
109.0,65.55128428845286,68.3801185446547,66.875
110.0,65.55128428845286,67.97882283417707,66.875
111.0,65.55128428845286,68.02616221201482,66.875
112.0,65.55128428845286,68.06996727261553,66.875
113.0,65.55128428845286,68.11062293717289,66.875
114.0,65.55128428845286,68.14845954501511,66.875
115.0,65.55128428845286,68.18376231056519,66.875
116.0,65.55128428845286,68.21677885956292,66.875
117.0,65.55128428845286,68.24772528869032,66.875
118.0,65.55128428845286,68.27679107830053,66.875
119.0,65.55128428845286,68.30414310583733,66.875
120.0,65.55128428845286,68.32992894786,66.875
121.0,65.55128428845286,68.35427961471325,66.875
122.0,65.55128428845286,68.37731182926797,66.875
123.0,65.55128428845286,68.39912993666965,66.875
124.0,65.55128428845286,68.41982751346855,66.875
125.0,65.55128428845286,67.97278479480003,66.875
126.0,65.55128428845286,67.9902693510639,66.875
127.0,65.55128428845286,68.00690922337328,66.875
128.0,65.55128428845286,68.02276371417646,66.875
129.0,65.55128428845286,68.03788670842452,66.875
130.0,65.55128428845286,68.05232728016766,66.875
131.0,65.55128428845286,68.06613021905817,66.875
132.0,65.55128428845286,68.07933648889413,66.875
133.0,65.55128428845286,68.09198362827122,66.875
134.0,65.55128428845286,68.1041061017344,66.875
135.0,65.55128428845286,68.11573560845052,66.875
136.0,65.55128428845286,68.12690135430422,66.875
137.0,65.55128428845286,68.1376302923963,66.875
138.0,65.55128428845286,68.14794733615831,66.875
139.0,65.55128428845286,68.15787554866831,66.875
140.0,65.55128428845286,68.16743631122102,66.875
141.0,65.55128428845286,68.17664947376471,66.875
142.0,65.55128428845286,68.18553348944874,66.875
143.0,65.55128428845286,68.19410553521008,66.875
144.0,65.55128428845286,68.20238162006477,66.875
145.0,65.55128428845286,68.21037668254627,66.875
146.0,65.55128428845286,68.21810467854117,66.875
147.0,65.55128428845286,68.2255786606112,66.875
148.0,65.55128428845286,68.23281084975078,66.875
149.0,65.55128428845286,68.23981270040959,66.875
150.0,65.55128428845286,68.24659495950776,66.875
151.0,65.6586951884114,68.25316772008266,66.875
152.0,65.6586951884114,68.26020629599118,66.875
153.0,65.6586951884114,68.26705378885028,66.875
154.0,65.6586951884114,68.27371860628041,66.875
155.0,65.76651558578406,68.28020867321338,66.875
156.0,65.76651558578406,68.2868175447017,66.875
157.0,65.76651558578406,68.29837428386755,66.875
158.0,65.76651558578406,68.3190457333014,66.875
159.0,65.76651558578406,68.3647636758301,66.875
160.0,65.76651558578406,68.47844386655436,66.875
161.0,65.87663612556928,68.27832054236306,66.875
162.0,65.87663612556928,68.30778982989533,66.875
163.0,65.87663612556928,68.36109458387698,66.875
164.0,65.87663612556928,68.4817914080288,66.875
165.0,65.87663612556928,68.28108643388934,66.875
166.0,65.87663612556928,68.3006877974711,66.875
167.0,65.87663612556928,68.32349713215076,66.875
168.0,65.87663612556928,68.35402459906159,66.875
169.0,65.87663612556928,68.40850805135095,66.875
170.0,65.87663612556928,68.53059126858007,66.875
171.0,65.87663612556928,68.32844658412287,66.875
172.0,65.87663612556928,68.34948403890158,66.875
173.0,65.87663612556928,68.36853002989875,66.875
174.0,65.87663612556928,68.38591683056542,66.875
175.0,65.87663612556928,68.40189981036899,66.875
176.0,65.9856131543133,68.41667952388141,66.875
177.0,65.9856131543133,68.4310838871401,66.875
178.0,65.9856131543133,68.44457573437116,66.875
179.0,65.9856131543133,68.45726241306092,66.875
180.0,65.9856131543133,68.46923339541661,66.875
181.0,65.9856131543133,68.48018308619591,66.875
182.0,65.9856131543133,68.49567745531624,66.875
183.0,65.9856131543133,68.51994207965974,66.875
184.0,65.9856131543133,68.06437354374555,66.875
185.0,65.9856131543133,68.18138686300055,66.875
186.0,65.9856131543133,68.4741827067627,66.875
187.0,65.9856131543133,68.49165299244025,66.875
188.0,65.9856131543133,68.50753513895067,66.875
189.0,65.9856131543133,68.52210041329538,66.875
190.0,65.9856131543133,68.53555463496302,66.875
191.0,65.9856131543133,68.04382222750873,66.875
192.0,65.9856131543133,68.05523535436775,66.875
193.0,65.9856131543133,68.06593023326808,66.875
194.0,65.9856131543133,68.07599056314405,66.875
195.0,65.9856131543133,68.08548580432996,66.875
196.0,65.9856131543133,68.09447427798622,66.875
197.0,65.9856131543133,68.10300546262714,66.875
198.0,65.9856131543133,68.11112172490739,66.875
199.0,65.9856131543133,68.11885964410398,66.875
200.0,65.9856131543133,68.12625103974297,66.875
201.0,65.9856131543133,68.13332377894042,66.875
202.0,65.9856131543133,68.14010241794581,66.875
203.0,65.9856131543133,68.14660871727624,66.875
204.0,65.9856131543133,68.15286205932216,66.875
205.0,65.9856131543133,68.15887978988265,66.875
206.0,65.9856131543133,68.16467749976422,66.875
207.0,65.9856131543133,68.17026925871643,66.875
208.0,65.9856131543133,68.17566781113112,66.875
209.0,65.9856131543133,68.18088474082252,66.875
210.0,65.9856131543133,68.18593061061519,66.875
211.0,65.9856131543133,68.19081508126192,66.875
212.0,65.9856131543133,68.1955470132897,66.875
213.0,65.9856131543133,68.2001345546594,66.875
214.0,65.9856131543133,68.20458521656688,66.875
215.0,65.9856131543133,68.20890593927878,66.875
216.0,65.9856131543133,68.21310314954916,66.875
217.0,65.9856131543133,68.21718281089058,66.875
218.0,65.9856131543133,68.22115046775018,66.875
219.0,65.9856131543133,68.22501128446676,66.875
220.0,65.9856131543133,68.22877007973865,66.875
221.0,65.9856131543133,68.23243135721584,66.875
222.0,66.09201984613281,68.23599933273292,66.875
223.0,66.09201984613281,68.24014359858334,66.875
224.0,66.09201984613281,68.24420222539597,66.875
225.0,66.09201984613281,68.24817870155297,66.875
226.0,66.19722286336145,68.25207631079921,66.875
227.0,66.19722286336145,68.25618403257576,66.875
228.0,66.19722286336145,68.26532555978672,66.875
229.0,66.19722286336145,68.28366266251092,66.875
230.0,66.19722286336145,68.32711897896247,66.875
231.0,66.30440514375447,68.43859485014094,66.875
232.0,66.30440514375447,68.21779088769573,66.875
233.0,66.30440514375447,68.24551018868159,66.875
234.0,66.30440514375447,68.29711322795374,66.875
235.0,66.41272969400701,68.41613447158622,66.875
236.0,66.41272969400701,68.19597530433863,66.875
237.0,66.41272969400701,68.2201054820044,66.875
238.0,66.41272969400701,68.25165648556634,66.875
239.0,66.41272969400701,68.30693307747693,66.875
240.0,66.41272969400701,68.42922320836855,66.875
241.0,66.41272969400701,68.21643913476498,66.875
242.0,66.51902231148587,68.25214134262869,66.875
243.0,66.51902231148587,68.31170358680556,66.875
244.0,66.51902231148587,68.43820851603067,66.875
245.0,66.51902231148587,68.22382804677987,66.875
246.0,66.51902231148587,68.2487184129654,66.875
247.0,66.51902231148587,68.27090743368551,66.875
248.0,66.51902231148587,68.2962645003097,66.875
249.0,66.51902231148587,68.32924445068942,66.875
250.0,66.51902231148587,68.38600173879637,66.875
251.0,66.51902231148587,68.51000173181532,66.875
252.0,66.51902231148587,68.2908772777022,66.875
253.0,66.51902231148587,68.31421638711757,66.875
254.0,66.51902231148587,68.33546718872994,66.875
255.0,66.51902231148587,68.35496416794581,66.875
256.0,66.51902231148587,68.37296599967267,66.875
257.0,66.51902231148587,68.38967715572441,66.875
258.0,66.51902231148587,68.40526226752884,66.875
259.0,66.51902231148587,68.4198559867477,66.875
260.0,66.51902231148587,68.43356994515328,66.875
261.0,66.51902231148587,68.44649778632052,66.875
262.0,66.51902231148587,68.45871888032757,66.875
263.0,66.51902231148587,68.4703011172043,66.875
264.0,66.51902231148587,68.48130304220943,66.875
265.0,66.51902231148587,68.49177551196786,66.875
266.0,66.51902231148587,68.5017629958814,66.875
267.0,66.51902231148587,68.51130461090811,66.875
268.0,66.51902231148587,68.52043495316423,66.875
269.0,66.51902231148587,68.52918477275763,66.875
270.0,66.51902231148587,68.53758152628261,66.875
271.0,66.51902231148587,68.54564983284223,66.875
272.0,66.51902231148587,68.55341185326846,66.875
273.0,66.51902231148587,68.56088760765597,66.875
274.0,66.51902231148587,68.04971012188359,66.875
275.0,66.51902231148587,68.05655631954453,66.875
276.0,66.51902231148587,68.06316682377252,66.875
277.0,66.51902231148587,68.06955538329274,66.875
278.0,66.51902231148587,68.07573460235712,66.875
279.0,66.51902231148587,68.0817160640795,66.875
280.0,66.51902231148587,68.0875104375497,66.875
281.0,66.51902231148587,68.09312757123082,66.875
282.0,66.51902231148587,68.09857657470361,66.875
283.0,66.51902231148587,68.10386589046604,66.875
284.0,66.51902231148587,68.10900335720939,66.875
285.0,66.51902231148587,68.11399626576132,66.875
286.0,66.51902231148587,68.11885140869408,66.875
287.0,66.51902231148587,68.12357512444301,66.875
288.0,66.51902231148587,68.12817333664881,66.875
289.0,66.51902231148587,68.13265158933241,66.875
290.0,66.51902231148587,68.1370150784224,66.875
291.0,66.51902231148587,68.14126868007959,66.875
292.0,66.51902231148587,68.14541697620238,66.875
293.0,66.51902231148587,68.14946427744304,66.875
294.0,66.51902231148587,68.15341464402098,66.875
295.0,66.51902231148587,68.15727190458169,66.875
296.0,66.51902231148587,68.16103967331713,66.875
297.0,66.51902231148587,68.16472136553705,66.875
298.0,66.51902231148587,68.16832021185566,66.875
299.0,66.51902231148587,68.17183927113935,66.875
300.0,66.51902231148587,68.1752814423432,66.875
301.0,66.51902231148587,68.17864947534734,66.875
302.0,66.6235203541288,68.1819459808953,66.875
303.0,66.6235203541288,68.18583849009899,66.875
304.0,66.6235203541288,68.18966431169243,66.875
305.0,66.6235203541288,68.19342569089963,66.875
306.0,66.6235203541288,68.1971247661818,66.875
307.0,66.7282303149859,68.20038401838352,66.875
308.0,66.7282303149859,68.20935233743491,66.875
309.0,66.7282303149859,68.2275216517743,66.875
310.0,66.7282303149859,68.27080066095222,66.875
311.0,66.83505117627595,68.38243056987712,66.875
312.0,66.83505117627595,68.14693680754228,66.875
313.0,66.83505117627595,68.16534719034583,66.875
314.0,66.83505117627595,68.1917196503975,66.875
315.0,66.83505117627595,68.24221284373628,66.875
316.0,66.83505117627595,68.35988303870114,66.875
317.0,66.83505117627595,68.13421246586029,66.875
318.0,66.83505117627595,68.16641225602345,66.875
319.0,66.83505117627595,68.22207607278914,66.875
320.0,66.83505117627595,68.34489592713777,66.875
321.0,66.83505117627595,68.64257573648315,66.875
322.0,66.83505117627595,68.14073678816156,66.875
323.0,66.83505117627595,68.16033332708821,66.875
324.0,66.83505117627595,68.17815082773014,66.875
325.0,67.04497300169852,68.19446972494966,66.875
326.0,67.04497300169852,68.21084013628483,66.875
327.0,67.04497300169852,68.22610750491255,66.875
328.0,67.04497300169852,68.24041417901435,66.875
329.0,67.04497300169852,68.25387708788732,66.875
330.0,67.04497300169852,68.26583425578544,66.875
331.0,67.04497300169852,68.28733115601334,66.875
332.0,67.04497300169852,68.3267479634784,66.875
333.0,67.04497300169852,68.41595905725707,66.875
334.0,67.04497300169852,68.64149824883022,66.875
335.0,67.04497300169852,68.16836914314631,66.875
336.0,67.04497300169852,68.1960578070629,66.875
337.0,67.04497300169852,68.22087666189782,66.875
338.0,67.04497300169852,68.24334630111292,66.875
339.0,67.04497300169852,68.26385883211734,66.875
340.0,67.04497300169852,68.28271658028844,66.875
341.0,67.04497300169852,68.30015734568398,66.875
342.0,67.04497300169852,68.3163714221235,66.875
343.0,67.04497300169852,68.33151338719632,66.875
344.0,67.04497300169852,68.34571046918839,66.875
345.0,67.04497300169852,68.35906861204936,66.875
346.0,67.04497300169852,68.37167695515397,66.875
347.0,67.04497300169852,68.38361119816386,66.875
348.0,67.04497300169852,68.39493616681929,66.875
349.0,67.04497300169852,68.40570779620812,66.875
350.0,67.04497300169852,68.41597468279107,66.875
351.0,67.04497300169852,68.42577931268127,66.875
352.0,67.04497300169852,68.43515904375455,66.875
353.0,67.04497300169852,68.44414689837323,66.875
354.0,67.04497300169852,68.45277220883038,66.875
355.0,67.04497300169852,68.46106114711522,66.875
356.0,67.04497300169852,68.469037162979,66.875
357.0,67.04497300169852,68.47672134868681,66.875
358.0,67.04497300169852,68.48413274468602,66.875
359.0,67.15156421220364,68.49128859730526,66.875
360.0,67.15156421220364,68.49887290687738,66.875
361.0,67.15156421220364,68.50623162502517,66.875
362.0,67.15156421220364,68.5133778030791,66.875
363.0,67.25980295860086,68.5203233996807,66.875
364.0,67.25980295860086,68.52736653569123,66.875
365.0,67.25980295860086,68.5393574798657,66.875
366.0,67.25980295860086,68.56048138081387,66.875
367.0,67.25980295860086,68.60673222930019,66.875
368.0,67.36975963835148,68.19392868237371,66.875
369.0,67.36975963835148,68.49037200680085,66.875
370.0,67.36975963835148,68.52067744440284,66.875
371.0,67.36975963835148,68.5748912081264,66.875
372.0,67.36975963835148,68.16964697978243,66.875
373.0,67.47442322085453,68.46655823991944,66.875
374.0,67.47442322085453,68.49306725590178,66.875
375.0,67.47442322085453,68.5269517675279,66.875
376.0,67.47442322085453,68.58456370326026,66.875
377.0,67.47442322085453,68.18190282185942,66.875
378.0,67.47442322085453,68.4821598016551,66.875
379.0,67.47442322085453,68.5107226831785,66.875
380.0,67.47442322085453,68.54642130629047,66.875
381.0,67.47442322085453,68.60551214495125,66.875
382.0,67.47442322085453,68.73149903047039,66.875
383.0,67.47442322085453,68.50375638477416,66.875
384.0,67.47442322085453,68.52887871430882,66.875
385.0,67.47442322085453,68.55177587433711,66.875
386.0,67.69187735161536,68.57280748609293,66.875
387.0,67.69187735161536,68.59358969533737,66.875
388.0,67.69187735161536,68.61300409752413,66.875
389.0,67.69187735161536,68.63122732077824,66.875
390.0,67.69187735161536,68.64840359232838,66.875
391.0,67.69187735161536,68.66388860157514,66.875
392.0,67.69187735161536,68.16050647550934,66.875
393.0,67.69187735161536,68.20325852016578,66.875
394.0,67.69187735161536,68.29596950446121,66.875
395.0,67.69187735161536,68.52569768690726,66.875
396.0,67.69187735161536,69.10802706384027,66.875
397.0,67.69187735161536,69.13866249581282,66.875
398.0,67.69187735161536,69.16631523685733,66.875
399.0,67.69187735161536,69.19151544484453,66.875
400.0,67.69187735161536,69.21466333782506,66.875
401.0,67.69187735161536,69.23606823005095,66.875
402.0,67.69187735161536,69.2559740217276,66.875
403.0,67.69187735161536,68.73988153230282,66.875
404.0,67.69187735161536,68.75728903608385,66.875
405.0,67.69187735161536,68.77368424038467,66.875
406.0,67.69187735161536,68.78917695857346,66.875
407.0,67.69187735161536,68.8038598394413,66.875
408.0,67.69187735161536,68.81781178080344,66.875
409.0,67.69187735161536,68.83110053522351,66.875
410.0,67.69187735161536,68.84378472638653,66.875
411.0,67.69187735161536,68.85591542885574,66.875
412.0,67.69187735161536,68.86753741979858,66.875
413.0,67.69187735161536,68.87869018108502,66.875
414.0,67.69187735161536,68.88940870917817,66.875
415.0,67.69187735161536,68.89972417542091,66.875
416.0,67.69187735161536,68.90966446871165,66.875
417.0,67.69187735161536,68.91925464486349,66.875
418.0,67.69187735161536,68.9285173012831,66.875
419.0,67.69187735161536,68.93747289140674,66.875
420.0,67.80410172075435,68.94613999017507,66.875
421.0,67.80410172075435,68.95520858072925,66.875
422.0,67.80410172075435,68.9640210629388,66.875
423.0,67.91713775340268,68.97259160231349,66.875
424.0,67.91713775340268,68.98160658384838,66.875
425.0,67.91713775340268,68.9900204870316,66.875
426.0,67.91713775340268,69.00339209167211,66.875
427.0,67.91713775340268,69.02593700700912,66.875
428.0,67.91713775340268,69.07337894144437,66.875
429.0,68.03202488080409,69.19503734446944,66.875
430.0,68.03202488080409,69.5042182845839,66.875
431.0,68.03202488080409,69.02302617947137,66.875
432.0,68.03202488080409,69.14806525810513,66.875
433.0,68.03202488080409,69.44966459686846,66.875
434.0,68.15005386649021,69.47252208081954,66.875
435.0,68.15005386649021,69.49914975034126,66.875
436.0,68.15005386649021,69.53345474359332,66.875
437.0,68.15005386649021,69.59187641705537,66.875
438.0,68.15005386649021,69.71856397369656,66.875
439.0,68.15005386649021,70.02214488036623,66.875
440.0,68.15005386649021,70.05165354919443,66.875
441.0,68.15005386649021,70.08852345793984,66.875
442.0,68.15005386649021,70.14932838313204,66.875
443.0,68.2766815701524,70.27845333122004,66.875
444.0,68.2766815701524,70.5861020734476,66.875
445.0,68.2766815701524,70.6131034111446,66.875
446.0,68.2766815701524,70.63785849034034,66.875
447.0,68.2766815701524,70.66072924000875,66.875
448.0,68.2766815701524,70.68160317505122,66.875
449.0,68.2766815701524,70.70636478254454,66.875
450.0,68.2766815701524,70.7394848322518,66.875
451.0,68.2766815701524,70.79754330081522,66.875
452.0,68.2766815701524,70.92533528503661,66.875
453.0,68.2766815701524,71.23364252234987,66.875
454.0,68.40740478835407,71.25814242316304,66.875
455.0,68.40740478835407,71.28136378488466,66.875
456.0,68.40740478835407,71.30292514668609,66.875
457.0,68.40740478835407,71.32306953509,66.875
458.0,68.40740478835407,71.34198822337682,66.875
459.0,68.40740478835407,71.35943667560404,66.875
460.0,68.40740478835407,71.38128841537811,66.875
461.0,68.40740478835407,71.41200449549217,66.875
462.0,68.40740478835407,71.4683523493767,66.875
463.0,68.40740478835407,71.59574813006832,66.875
464.0,68.40740478835407,71.90658954702684,66.875
465.0,68.40740478835407,71.92958583616648,66.875
466.0,68.40740478835407,71.95075218016204,66.875
467.0,68.40740478835407,71.97038723786407,66.875
468.0,68.40740478835407,71.98871916208635,66.875
469.0,68.40740478835407,72.00592640320016,66.875
470.0,68.40740478835407,72.02215136040736,66.875
471.0,68.40740478835407,72.03750963577964,66.875
472.0,68.40740478835407,72.05209648591902,66.875
473.0,68.40740478835407,72.06599143118608,66.875
474.0,68.40740478835407,72.07926162018747,66.875
475.0,68.40740478835407,72.09196433287904,66.875
476.0,68.40740478835407,72.1041488747117,66.875
477.0,68.40740478835407,72.11585803196783,66.875
478.0,68.40740478835407,72.12712920541288,66.875
479.0,68.40740478835407,72.13799530442468,66.875
480.0,68.40740478835407,72.14848546023883,66.875
481.0,68.40740478835407,72.15862560081763,66.875
482.0,68.54511024071228,72.16843891860275,66.875
483.0,68.54511024071228,72.17865322354022,66.875
484.0,68.54511024071228,72.18858035344937,66.875
485.0,68.54511024071228,72.19823734612358,66.875
486.0,68.54511024071228,72.20763969249522,66.875
487.0,68.54511024071228,72.21639804311478,66.875
488.0,68.54511024071228,72.23035253733978,66.875
489.0,68.54511024071228,72.25393228554866,66.875
490.0,68.54511024071228,72.30405776568337,66.875
491.0,68.54511024071228,72.42670399167525,66.875
492.0,68.54511024071228,72.73575688443027,66.875
493.0,68.54511024071228,72.75341086245446,66.875
494.0,68.54511024071228,72.76956686346654,66.875
495.0,68.54511024071228,72.78449325613552,66.875
496.0,68.54511024071228,72.79839141855079,66.875
497.0,68.54511024071228,72.81141609352605,66.875
498.0,68.54511024071228,72.82368863693638,66.875
499.0,68.54511024071228,72.83530591960036,66.875
500.0,68.54511024071228,72.84634647528429,66.875
501.0,68.54511024071228,72.85687484970093,66.875
502.0,68.54511024071228,72.86694474246694,66.875
503.0,68.54511024071228,72.87660131989279,66.875
504.0,68.54511024071228,72.8858829461316,66.875
505.0,68.54511024071228,72.89482249860514,66.875
506.0,68.54511024071228,72.90344838123518,66.875
507.0,68.54511024071228,72.91178531462543,66.875
508.0,68.54511024071228,72.91985495930213,66.875
509.0,68.54511024071228,72.92767641240991,66.875
510.0,68.54511024071228,72.93526660735571,66.875
511.0,68.54511024071228,72.94264063821682,66.875
512.0,68.54511024071228,72.94981202523921,66.875
513.0,68.54511024071228,72.95679293378441,66.875
514.0,68.54511024071228,72.96359435617147,66.875
515.0,68.54511024071228,72.97022626370632,66.875
516.0,68.54511024071228,72.97669773457834,66.875
517.0,68.54511024071228,72.98301706208255,66.875
518.0,68.54511024071228,72.9891918466977,66.875
519.0,68.54511024071228,72.995229074834,66.875
520.0,68.54511024071228,73.00113518650788,66.875
521.0,68.54511024071228,73.00691613377113,66.875
522.0,68.54511024071228,73.01257743137587,66.875
523.0,68.54511024071228,73.01812420088966,66.875
524.0,68.54511024071228,73.02356120925886,66.875
525.0,68.54511024071228,73.0288929026435,66.875
526.0,68.54511024071228,73.03412343620944,66.875
527.0,68.54511024071228,73.03925670044993,66.875
528.0,68.54511024071228,73.04429634451462,66.875
529.0,68.54511024071228,73.04924579695076,66.875
530.0,68.54511024071228,73.05410828419764,66.875
531.0,68.54511024071228,73.05888684712328,66.875
532.0,68.54511024071228,73.06358435585088,66.875
533.0,68.54511024071228,73.06820352308615,66.875
534.0,68.54511024071228,73.07274691612598,66.875
535.0,68.54511024071228,73.07721696770484,66.875
536.0,68.54511024071228,73.08161598581398,66.875
537.0,68.54511024071228,73.08594616260895,66.875
538.0,68.54511024071228,73.09020958250834,66.875
539.0,68.54511024071228,73.09440822957056,66.875
540.0,68.54511024071228,73.0985439942274,66.875
541.0,68.54511024071228,73.10261867944048,66.875
542.0,68.54511024071228,73.10663400634158,66.875
543.0,68.54511024071228,73.11059161940732,66.875
544.0,68.54511024071228,73.11449309121667,66.875
545.0,68.54511024071228,73.11833992682973,66.875
546.0,68.54511024071228,73.12213356782561,66.875
547.0,68.54511024071228,73.1258753960314,66.875
548.0,68.54511024071228,73.1295667369698,66.875
549.0,68.54511024071228,73.13320886305272,66.875
550.0,68.54511024071228,73.13680299654176,66.875
551.0,68.54511024071228,73.14035031229751,66.875
552.0,68.54511024071228,73.1438519403359,66.875
553.0,68.54511024071228,73.14730896820673,66.875
554.0,68.54511024071228,73.15072244321098,66.875
555.0,68.54511024071228,73.15409337446934,66.875
556.0,68.54511024071228,73.1574227348542,66.875
557.0,68.54511024071228,73.160711462796,66.875
558.0,68.54511024071228,73.16396046397442,66.875
559.0,68.54511024071228,73.16717061290201,66.875
560.0,68.54511024071228,73.17034275441084,66.875
561.0,68.54511024071228,73.17347770504665,66.875
562.0,68.54511024071228,73.1765762543798,66.875
563.0,68.54511024071228,73.17963916623786,66.875
564.0,68.54511024071228,73.18266717986589,66.875
565.0,68.54511024071228,73.18566101101949,66.875
566.0,68.54511024071228,73.18862135299575,66.875
567.0,68.54511024071228,73.19154887760534,66.875
568.0,68.54511024071228,73.19444423609151,66.875
569.0,68.54511024071228,73.19730805999798,66.875
570.0,68.54511024071228,73.20014096199002,66.875
571.0,68.54511024071228,73.20294353663148,66.875
572.0,68.54511024071228,73.20571636112096,66.875
573.0,68.54511024071228,73.20845999598943,66.875
574.0,68.54511024071228,73.21117498576191,66.875
575.0,68.54511024071228,73.21386185958538,66.875
576.0,68.54511024071228,73.2165211318251,66.875
577.0,68.54511024071228,73.21915330263157,66.875
578.0,68.54511024071228,73.2217588584791,66.875
579.0,68.54511024071228,73.22433827267857,66.875
580.0,68.54511024071228,73.22689200586532,66.875
581.0,68.54511024071228,73.2294205064644,66.875
582.0,68.54511024071228,73.23192421113289,66.875
583.0,68.54511024071228,73.23440354518299,66.875
584.0,68.54511024071228,73.23685892298434,66.875
585.0,68.54511024071228,73.23929074834932,66.875
586.0,68.54511024071228,73.24169941489977,66.875
587.0,68.54511024071228,73.24408530641851,66.875
588.0,68.54511024071228,73.24644879718444,66.875
589.0,68.54511024071228,73.24879025229363,66.875
590.0,68.54511024071228,73.2511100279662,66.875
591.0,68.54511024071228,73.25340847184047,66.875
592.0,68.54511024071228,73.25568592325405,66.875
593.0,68.54511024071228,73.25794271351361,66.875
594.0,68.54511024071228,73.26017916615365,66.875
595.0,68.54511024071228,73.26239559718374,66.875
596.0,68.54511024071228,73.26459231532688,66.875
597.0,68.54511024071228,73.26676962224711,66.875
598.0,68.54511024071228,73.26892781276896,66.875
599.0,68.54511024071228,73.27106717508754,66.875
600.0,68.54511024071228,73.27318799097073,66.875
601.0,68.54511024071228,73.27529053595339,66.875
602.0,68.54511024071228,73.2773750795242,66.875
603.0,68.54511024071228,73.27944188530512,66.875
604.0,68.54511024071228,73.28149121122442,66.875
605.0,68.54511024071228,73.28352330968265,66.875
606.0,68.54511024071228,73.28553842771343,66.875
607.0,68.54511024071228,73.28753680713686,66.875
608.0,68.54511024071228,73.28951868470878,66.875
609.0,68.54511024071228,73.29148429226363,66.875
610.0,68.54511024071228,73.2934338568525,66.875
611.0,68.54511024071228,73.29536760087638,66.875
612.0,68.54511024071228,73.29728574221456,66.875
613.0,68.54511024071228,73.29918849434839,66.875
614.0,68.54511024071228,73.30107606648086,66.875
615.0,68.54511024071228,73.30294866365232,66.875
616.0,68.54511024071228,73.30480648685148,66.875
617.0,68.54511024071228,73.30664973312365,66.875
618.0,68.54511024071228,73.30847859567446,66.875
619.0,68.54511024071228,73.3102932639704,66.875
620.0,68.54511024071228,73.31209392383626,66.875
621.0,68.54511024071228,73.313880757549,66.875
622.0,68.54511024071228,73.31565394392875,66.875
623.0,68.54511024071228,73.3174136584267,66.875
624.0,68.54511024071228,73.3191600732104,66.875
625.0,68.54511024071228,73.32089335724602,66.875
626.0,68.54511024071228,73.3226136763782,66.875
627.0,68.54511024071228,73.32432119340733,66.875
628.0,68.54511024071228,73.32601606816434,66.875
629.0,68.54511024071228,73.3276984575833,66.875
630.0,68.54511024071228,73.32936851577175,66.875
631.0,68.54511024071228,73.33102639407846,66.875
632.0,68.54511024071228,73.33267224115995,66.875
633.0,68.54511024071228,73.33430620304422,66.875
634.0,68.54511024071228,73.33592842319284,66.875
635.0,68.54511024071228,73.33753904256143,66.875
636.0,68.54511024071228,73.3391381996579,66.875
637.0,68.54511024071228,73.34072603059933,66.875
638.0,68.54511024071228,73.34230266916693,66.875
639.0,68.54511024071228,73.34386824685954,66.875
640.0,68.54511024071228,73.34542289294569,66.875
641.0,68.54511024071228,73.34696673451391,66.875
642.0,68.54511024071228,73.34849989652166,66.875
643.0,68.54511024071228,73.35002250184296,66.875
644.0,68.54511024071228,73.35153467131485,66.875
645.0,68.54511024071228,73.35303652378217,66.875
646.0,68.54511024071228,73.35452817614124,66.875
647.0,68.54511024071228,73.3560097433824,66.875
648.0,68.54511024071228,73.35748133863139,66.875
649.0,68.54511024071228,73.35894307318962,66.875
650.0,68.54511024071228,73.36039505657304,66.875
651.0,68.54511024071228,73.36183739655034,66.875
652.0,68.54511024071228,73.36327019918015,66.875
653.0,68.54511024071228,73.36469356884665,66.875
654.0,68.54511024071228,73.36610760829501,66.875
655.0,68.54511024071228,73.36751241866547,66.875
656.0,68.54511024071228,73.36890809952658,66.875
657.0,68.54511024071228,73.37029474890744,66.875
658.0,68.54511024071228,73.37167246332963,66.875
659.0,68.54511024071228,73.37304133783752,66.875
660.0,68.54511024071228,73.37440146602847,66.875
661.0,68.54511024071228,73.37575294008194,66.875
662.0,68.54511024071228,73.37709585078797,66.875
663.0,68.54511024071228,73.37843028757494,66.875
664.0,68.54511024071228,73.37975633853648,66.875
665.0,68.54511024071228,73.38107409045794,66.875
666.0,68.54511024071228,73.38238362884202,66.875
667.0,68.54511024071228,73.38368503793392,66.875
668.0,68.54511024071228,73.38497840074571,66.875
669.0,68.54511024071228,73.38626379908017,66.875
670.0,68.54511024071228,73.38754131355431,66.875
671.0,68.54511024071228,73.38881102362156,66.875
672.0,68.54511024071228,73.39007300759468,66.875
673.0,68.54511024071228,73.39132734266657,66.875
674.0,68.54511024071228,73.39257410493212,66.875
675.0,68.54511024071228,73.39381336940838,66.875
676.0,68.54511024071228,73.39504521005476,66.875
677.0,68.54511024071228,73.396269699793,66.875
678.0,68.54511024071228,73.39748691052594,66.875
679.0,68.54511024071228,73.39869691315653,66.875
680.0,68.54511024071228,73.39989977760622,66.875
681.0,68.54511024071228,73.40109557283255,66.875
682.0,68.54511024071228,73.40228436684707,66.875
683.0,68.54511024071228,73.40346622673208,66.875
684.0,68.54511024071228,73.40464121865763,66.875
685.0,68.54511024071228,73.40580940789751,66.875
686.0,68.54511024071228,73.40697085884553,66.875
687.0,68.54511024071228,73.40812563503111,66.875
688.0,68.54511024071228,73.40927379913428,66.875
689.0,68.54511024071228,73.41041541300092,66.875
690.0,68.54511024071228,73.41155053765713,66.875
691.0,68.54511024071228,73.4126792333237,66.875
692.0,68.54511024071228,73.41380155942996,66.875
693.0,68.54511024071228,73.41491757462735,66.875
694.0,68.54511024071228,73.41602733680305,66.875
695.0,68.54511024071228,73.41713090309295,66.875
696.0,68.54511024071228,73.41822832989429,66.875
697.0,68.54511024071228,73.41931967287842,66.875
698.0,68.54511024071228,73.42040498700295,66.875
699.0,68.54511024071228,73.42148432652378,66.875
700.0,68.54511024071228,73.4225577450069,66.875
701.0,68.54511024071228,73.42362529533976,66.875
702.0,68.54511024071228,73.42468702974263,66.875
703.0,68.54511024071228,73.42574299977981,66.875
704.0,68.54511024071228,73.42679325636999,66.875
705.0,68.54511024071228,73.42783784979734,66.875
706.0,68.54511024071228,73.42887682972149,66.875
707.0,68.54511024071228,73.4299102451879,66.875
708.0,68.54511024071228,73.43093814463768,66.875
709.0,68.54511024071228,73.4319605759175,66.875
710.0,68.54511024071228,73.43297758628903,66.875
711.0,68.54511024071228,73.43398922243829,66.875
712.0,68.54511024071228,73.43499553048477,66.875
713.0,68.54511024071228,73.43599655599067,66.875
714.0,68.54511024071228,73.43699234396942,66.875
715.0,68.54511024071228,73.43798293889458,66.875
716.0,68.54511024071228,73.43896838470792,66.875
717.0,68.54511024071228,73.4399487248284,66.875
718.0,68.54511024071228,73.4409240021594,66.875
719.0,68.54511024071228,73.44189425909765,66.875
720.0,68.54511024071228,73.44285953754034,66.875
721.0,68.54511024071228,73.44381987889322,66.875
722.0,68.54511024071228,73.44477532407784,66.875
723.0,68.54511024071228,73.44572591353922,66.875
724.0,68.54511024071228,73.44667168725294,66.875
725.0,68.54511024071228,73.44761268473219,66.875
726.0,68.54511024071228,73.44854894503496,66.875
727.0,68.54511024071228,73.44948050677071,66.875
728.0,68.54511024071228,73.4504074081071,66.875
729.0,68.54511024071228,73.45132968677676,66.875
730.0,68.54511024071228,73.45224738008336,66.875
731.0,68.54511024071228,73.45316052490854,66.875
732.0,68.54511024071228,73.45406915771763,66.875
733.0,68.54511024071228,73.454973314566,66.875
734.0,68.54511024071228,73.45587303110517,66.875
735.0,68.54511024071228,73.45676834258838,66.875
736.0,68.54511024071228,73.45765928387671,66.875
737.0,68.54511024071228,73.45854588944457,66.875
738.0,68.54511024071228,73.45942819338535,66.875
739.0,68.54511024071228,73.46030622941699,66.875
740.0,68.54511024071228,73.46118003088723,66.875
741.0,68.54511024071228,73.4620496307789,66.875
742.0,68.54511024071228,73.46291506171521,66.875
743.0,68.54511024071228,73.46377635596477,66.875
744.0,68.54511024071228,73.46463354544672,66.875
745.0,68.54511024071228,73.46548666173543,66.875
746.0,68.54511024071228,73.46633573606574,66.875
747.0,68.54511024071228,73.46718079933726,66.875
748.0,68.54511024071228,73.46802188211926,66.875
749.0,68.54511024071228,73.4688590146553,66.875
750.0,68.54511024071228,73.4696922268677,66.875
751.0,68.54511024071228,73.47052154836197,66.875
752.0,68.54511024071228,73.47134700843118,66.875
753.0,68.54511024071228,73.47216863606006,66.875
754.0,68.54511024071228,73.47298645992964,66.875
755.0,68.54511024071228,73.47380050842104,66.875
756.0,68.54511024071228,73.47461080961955,66.875
757.0,68.54511024071228,73.47541739131869,66.875
758.0,68.54511024071228,73.47622028102444,66.875
759.0,68.54511024071228,73.47701950595852,66.875
760.0,68.54511024071228,73.47781509306277,66.875
761.0,68.54511024071228,73.47860706900242,66.875
762.0,68.54511024071228,73.4793954601701,66.875
763.0,68.54511024071228,73.48018029268941,66.875
764.0,68.54511024071228,73.48096159241824,66.875
765.0,68.54511024071228,73.48173938495266,66.875
766.0,68.54511024071228,73.48251369562992,66.875
767.0,68.54511024071228,73.48328454953221,66.875
768.0,68.54511024071228,73.4840519714899,66.875
769.0,68.54511024071228,73.48481598608458,66.875
770.0,68.54511024071228,73.4855766176527,66.875
771.0,68.54511024071228,73.48633389028826,66.875
772.0,68.54511024071228,73.48708782784651,66.875
773.0,68.54511024071228,73.48783845394634,66.875
774.0,68.54511024071228,73.48858579197402,66.875
775.0,68.54511024071228,73.48932986508564,66.875
776.0,68.54511024071228,73.49007069621022,66.875
777.0,68.54511024071228,73.49080830805273,66.875
778.0,68.54511024071228,73.4915427230966,66.875
779.0,68.54511024071228,73.49227396360685,66.875
780.0,68.54511024071228,73.49300205163277,66.875
781.0,68.54511024071228,73.49372700901034,66.875
782.0,68.54511024071228,73.49444885736537,66.875
783.0,68.54511024071228,73.4951676181157,66.875
784.0,68.54511024071228,73.49588331247394,66.875
785.0,68.54511024071228,73.49659596145013,66.875
786.0,68.54511024071228,73.49730558585408,66.875
787.0,68.54511024071228,73.49801220629799,66.875
788.0,68.54511024071228,73.49871584319861,66.875
789.0,68.54511024071228,73.49941651677993,66.875
790.0,68.54511024071228,73.50011424707549,66.875
791.0,68.54511024071228,73.50080905393041,66.875
792.0,68.54511024071228,73.50150095700417,66.875
793.0,68.54511024071228,73.50218997577225,66.875
794.0,68.54511024071228,73.50287612952906,66.875
795.0,68.54511024071228,73.50355943738943,66.875
796.0,68.54511024071228,73.50423991829122,66.875
797.0,68.54511024071228,73.50491759099722,66.875
798.0,68.54511024071228,73.50559247409743,66.875
799.0,68.54511024071228,73.50626458601107,66.875
800.0,68.54511024071228,73.50693394498819,66.875
801.0,68.54511024071228,73.5076005691124,66.875
802.0,68.54511024071228,73.5082644763023,66.875
803.0,68.54511024071228,73.50892568431348,66.875
804.0,68.54511024071228,73.50958421074078,66.875
805.0,68.54511024071228,73.51024007301969,66.875
806.0,68.54511024071228,73.51089328842856,66.875
807.0,68.54511024071228,73.51154387409038,66.875
808.0,68.54511024071228,73.51219184697432,66.875
809.0,68.54511024071228,73.51283722389785,66.875
810.0,68.54511024071228,73.51348002152841,66.875
811.0,68.54511024071228,73.51412025638484,66.875
812.0,68.54511024071228,73.51475794483952,66.875
813.0,68.54511024071228,73.51539310311982,66.875
814.0,68.54511024071228,73.51602574730971,66.875
815.0,68.54511024071228,73.51665589335157,66.875
816.0,68.54511024071228,73.51728355704768,66.875
817.0,68.54511024071228,73.51790875406166,66.875
818.0,68.54511024071228,73.51853149992046,66.875
819.0,68.54511024071228,73.51915181001537,66.875
820.0,68.54511024071228,73.51976969960408,66.875
821.0,68.54511024071228,73.52038518381168,66.875
822.0,68.54511024071228,73.52099827763257,66.875
823.0,68.54511024071228,73.52160899593152,66.875
824.0,68.54511024071228,73.52221735344553,66.875
825.0,68.54511024071228,73.52282336478484,66.875
826.0,68.54511024071228,73.52342704443471,66.875
827.0,68.54511024071228,73.52402840675634,66.875
828.0,68.54511024071228,73.52462746598886,66.875
829.0,68.54511024071228,73.52522423624994,66.875
830.0,68.54511024071228,73.52581873153784,66.875
831.0,68.54511024071228,73.52641096573208,66.875
832.0,68.54511024071228,73.52700095259527,66.875
833.0,68.54511024071228,73.52758870577397,66.875
834.0,68.54511024071228,73.52817423880012,66.875
835.0,68.54511024071228,73.52875756509245,66.875
836.0,68.54511024071228,73.52933869795727,66.875
837.0,68.54511024071228,73.52991765059005,66.875
838.0,68.54511024071228,73.53049443607655,66.875
839.0,68.54511024071228,73.53106906739384,66.875
840.0,68.54511024071228,73.53164155741156,66.875
841.0,68.54511024071228,73.53221191889313,66.875
842.0,68.54511024071228,73.53278016449671,66.875
843.0,68.54511024071228,73.53334630677652,66.875
844.0,68.54511024071228,73.53391035818375,66.875
845.0,68.54511024071228,73.5344723310677,66.875
846.0,68.54511024071228,73.53503223767702,66.875
847.0,68.54511024071228,73.53559009016047,66.875
848.0,68.54511024071228,73.53614590056826,66.875
849.0,68.54511024071228,73.53669968085278,66.875
850.0,68.54511024071228,73.53725144286999,66.875
851.0,68.54511024071228,73.53780119837994,66.875
852.0,68.54511024071228,73.53834895904822,66.875
853.0,68.54511024071228,73.53889473644679,66.875
854.0,68.54511024071228,73.53943854205475,66.875
855.0,68.54511024071228,73.5399803872596,66.875
856.0,68.54511024071228,73.5405202833579,66.875
857.0,68.54511024071228,73.5410582415565,66.875
858.0,68.54511024071228,73.54159427297311,66.875
859.0,68.54511024071228,73.54212838863752,66.875
860.0,68.54511024071228,73.54266059949234,66.875
861.0,68.54511024071228,73.54319091639384,66.875
862.0,68.54511024071228,73.54371935011301,66.875
863.0,68.54511024071228,73.54424591133625,66.875
864.0,68.54511024071228,73.54477061066622,66.875
865.0,68.54511024071228,73.54529345862277,66.875
866.0,68.54511024071228,73.54581446564389,66.875
867.0,68.54511024071228,73.54633364208614,66.875
868.0,68.54511024071228,73.54685099822589,66.875
869.0,68.54511024071228,73.54736654425984,66.875
870.0,68.54511024071228,73.54788029030581,66.875
871.0,68.54511024071228,73.54839224640388,66.875
872.0,68.54511024071228,73.54890242251672,66.875
873.0,68.54511024071228,73.54941082853043,66.875
874.0,68.54511024071228,73.54991747425566,66.875
875.0,68.54511024071228,73.5504223694278,66.875
876.0,68.54511024071228,73.5509255237082,66.875
877.0,68.54511024071228,73.55142694668471,66.875
878.0,68.54511024071228,73.55192664787218,66.875
879.0,68.54511024071228,73.55242463671351,66.875
880.0,68.54511024071228,73.55292092258021,66.875
881.0,68.54511024071228,73.55341551477319,66.875
882.0,68.54511024071228,73.5539084225231,66.875
883.0,68.54511024071228,73.55439965499146,66.875
884.0,68.54511024071228,73.5548892212711,66.875
885.0,68.54511024071228,73.5553771303867,66.875
886.0,68.54511024071228,73.55586339129579,66.875
887.0,68.54511024071228,73.55634801288898,66.875
888.0,68.54511024071228,73.55683100399106,66.875
889.0,68.54511024071228,73.557312373361,66.875
890.0,68.54511024071228,73.55779212969341,66.875
891.0,68.54511024071228,73.55827028161826,66.875
892.0,68.54511024071228,73.55874683770229,66.875
893.0,68.54511024071228,73.55922180644892,66.875
894.0,68.54511024071228,73.55969519629933,66.875
895.0,68.54511024071228,73.56016701563286,66.875
896.0,68.54511024071228,73.56063727276764,66.875
897.0,68.54511024071228,73.56110597596101,66.875
898.0,68.54511024071228,73.56157313341038,66.875
899.0,68.54511024071228,73.56203875325352,66.875
900.0,68.54511024071228,73.56250284356919,66.875
901.0,68.54511024071228,73.5629654123778,66.875
902.0,68.54511024071228,73.56342646764172,66.875
903.0,68.54511024071228,73.56388601726624,66.875
904.0,68.54511024071228,73.5643440690994,66.875
905.0,68.54511024071228,73.56480063093328,66.875
906.0,68.54511024071228,73.56525571050408,66.875
907.0,68.54511024071228,73.56570931549255,66.875
908.0,68.54511024071228,73.56616145352496,66.875
909.0,68.54511024071228,73.566612132173,66.875
910.0,68.54511024071228,73.56706135895486,66.875
911.0,68.54511024071228,73.56750914133518,66.875
912.0,68.54511024071228,73.56795548672598,66.875
913.0,68.54511024071228,73.5684004024869,66.875
914.0,68.54511024071228,73.56884389592561,66.875
915.0,68.54511024071228,73.56928597429858,66.875
916.0,68.54511024071228,73.56972664481124,66.875
917.0,68.54511024071228,73.57016591461849,66.875
918.0,68.54511024071228,73.57060379082536,66.875
919.0,68.54511024071228,73.57104028048721,66.875
920.0,68.54511024071228,73.57147539061035,66.875
921.0,68.54511024071228,73.5719091281522,66.875
922.0,68.54511024071228,73.57234150002225,66.875
923.0,68.54511024071228,73.57277251308189,66.875
924.0,68.54511024071228,73.57320217414518,66.875
925.0,68.54511024071228,73.57363048997924,66.875
926.0,68.54511024071228,73.57405746730453,66.875
927.0,68.54511024071228,73.57448311279546,66.875
928.0,68.54511024071228,73.57490743308064,66.875
929.0,68.54511024071228,73.5753304347432,66.875
930.0,68.54511024071228,73.57575212432148,66.875
931.0,68.54511024071228,73.57617250830918,66.875
932.0,68.54511024071228,73.5765915931558,66.875
933.0,68.54511024071228,73.57700938526715,66.875
934.0,68.54511024071228,73.57742589100548,66.875
935.0,68.54511024071228,73.57784111669007,66.875
936.0,68.54511024071228,73.57825506859753,66.875
937.0,68.54511024071228,73.57866775296219,66.875
938.0,68.54511024071228,73.57907917597647,66.875
939.0,68.54511024071228,73.57948934379105,66.875
940.0,68.54511024071228,73.57989826251564,66.875
941.0,68.54511024071228,73.58030593821896,66.875
942.0,68.54511024071228,73.58071237692917,66.875
943.0,68.54511024071228,73.5811175846343,66.875
944.0,68.54511024071228,73.58152156728262,66.875
945.0,68.54511024071228,73.58192433078283,66.875
946.0,68.54511024071228,73.58232588100448,66.875
947.0,68.54511024071228,73.58272622377834,66.875
948.0,68.54511024071228,73.58312536489666,66.875
949.0,68.54511024071228,73.58352331011353,66.875
950.0,68.54511024071228,73.58392006514522,66.875
951.0,68.54511024071228,73.5843156356704,66.875
952.0,68.54511024071228,73.58471002733057,66.875
953.0,68.54511024071228,73.58510324573025,66.875
954.0,68.54511024071228,73.58549529643753,66.875
955.0,68.54511024071228,73.58588618498403,66.875
956.0,68.54511024071228,73.58627591686552,66.875
957.0,68.54511024071228,73.58666449754197,66.875
958.0,68.54511024071228,73.5870519324381,66.875
959.0,68.54511024071228,73.5874382269433,66.875
960.0,68.54511024071228,73.58782338641241,66.875
961.0,68.54511024071228,73.5882074161655,66.875
962.0,68.54511024071228,73.58859032148867,66.875
963.0,68.54511024071228,73.58897210763372,66.875
964.0,68.54511024071228,73.58935277981914,66.875
965.0,68.54511024071228,73.58973234322976,66.875
966.0,68.54511024071228,73.59011080301732,66.875
967.0,68.54511024071228,73.59048816430078,66.875
968.0,68.54511024071228,73.5908644321665,66.875
969.0,68.54511024071228,73.59123961166837,66.875
970.0,68.54511024071228,73.59161370782842,66.875
971.0,68.54511024071228,73.59198672563672,66.875
972.0,68.54511024071228,73.5923586700518,66.875
973.0,68.54511024071228,73.59272954600097,66.875
974.0,68.54511024071228,73.59309935838047,66.875
975.0,68.54511024071228,73.59346811205576,66.875
976.0,68.54511024071228,73.59383581186167,66.875
977.0,68.54511024071228,73.59420246260281,66.875
978.0,68.54511024071228,73.59456806905366,66.875
979.0,68.54511024071228,73.59493263595904,66.875
980.0,68.54511024071228,73.59529616803401,66.875
981.0,68.54511024071228,73.5956586699643,66.875
982.0,68.54511024071228,73.59602014640666,66.875
983.0,68.54511024071228,73.59638060198877,66.875
984.0,68.54511024071228,73.59674004130986,66.875
985.0,68.54511024071228,73.59709846894056,66.875
986.0,68.54511024071228,73.59745588942341,66.875
987.0,68.54511024071228,73.59781230727286,66.875
988.0,68.54511024071228,73.59816772697567,66.875
989.0,68.54511024071228,73.5985221529911,66.875
990.0,68.54511024071228,73.59887558975099,66.875
991.0,68.54511024071228,73.59922804166006,66.875
992.0,68.54511024071228,73.5995795130962,66.875
993.0,68.54511024071228,73.59993000841057,66.875
994.0,68.54511024071228,73.60027953192777,66.875
995.0,68.54511024071228,73.60062808794625,66.875
996.0,68.54511024071228,73.60097568073842,66.875
997.0,68.54511024071228,73.60132231455053,66.875
998.0,68.54511024071228,73.60166799360341,66.875
999.0,68.54511024071228,73.60201272209233,66.875
1000.0,68.54511024071228,73.60235650418737,66.875
1001.0,68.54511024071228,73.6026993440333,66.875
1002.0,68.54511024071228,73.60304124575028,66.875
1003.0,68.54511024071228,73.60338221343352,66.875
1004.0,68.54511024071228,73.60372225115385,66.875
1005.0,68.54511024071228,73.60406136295762,66.875
1006.0,68.54511024071228,73.60439955286732,66.875
1007.0,68.54511024071228,73.6047368248812,66.875
1008.0,68.54511024071228,73.60507318297387,66.875
1009.0,68.54511024071228,73.60540863109628,66.875
1010.0,68.54511024071228,73.60574317317601,66.875
1011.0,68.54511024071228,73.60607681311737,66.875
1012.0,68.54511024071228,73.6064095548016,66.875
1013.0,68.54511024071228,73.60674140208708,66.875
1014.0,68.54511024071228,73.60707235880939,66.875
1015.0,68.54511024071228,73.60740242878165,66.875
1016.0,68.54511024071228,73.60773161579459,66.875
1017.0,68.54511024071228,73.60805992361661,66.875
1018.0,68.54511024071228,73.60838735599421,66.875
1019.0,68.54511024071228,73.60871391665187,66.875
1020.0,68.54511024071228,73.60903960929242,66.875
1021.0,68.54511024071228,73.60936443759724,66.875
1022.0,68.54511024071228,73.60968840522605,66.875
1023.0,68.54511024071228,73.6100115158175,66.875
1024.0,68.54511024071228,73.61033377298922,66.875
1025.0,68.54511024071228,73.61065518033767,66.875
1026.0,68.54511024071228,73.6109757414388,66.875
1027.0,68.54511024071228,73.61129545984774,66.875
1028.0,68.54511024071228,73.61161433909929,66.875
1029.0,68.54511024071228,73.61193238270774,66.875
1030.0,68.54511024071228,73.61224959416747,66.875
1031.0,68.54511024071228,73.61256597695267,66.875
1032.0,68.54511024071228,73.61288153451756,66.875
1033.0,68.54511024071228,73.61319627029683,66.875
1034.0,68.54511024071228,73.61351018770556,66.875
1035.0,68.54511024071228,73.61382329013914,66.875
1036.0,68.54511024071228,73.61413558097401,66.875
1037.0,68.54511024071228,73.61444706356713,66.875
1038.0,68.54511024071228,73.61475774125661,66.875
1039.0,68.54511024071228,73.61506761736159,66.875
1040.0,68.54511024071228,73.61537669518252,66.875
1041.0,68.54511024071228,73.61568497800113,66.875
1042.0,68.54511024071228,73.61599246908084,66.875
1043.0,68.54511024071228,73.61629917166648,66.875
1044.0,68.54511024071228,73.61660508898483,66.875
1045.0,68.54511024071228,73.6169102242445,66.875
1046.0,68.54511024071228,73.61721458063622,66.875
1047.0,68.54511024071228,73.61751816133277,66.875
1048.0,68.54511024071228,73.6178209694893,66.875
1049.0,68.54511024071228,73.61812300824333,66.875
1050.0,68.54511024071228,73.61842428071499,66.875
1051.0,68.54511024071228,73.61872479000698,66.875
1052.0,68.54511024071228,73.61902453920482,66.875
1053.0,68.54511024071228,73.61932353137708,66.875
1054.0,68.54511024071228,73.61962176957513,66.875
1055.0,68.54511024071228,73.61991925683363,66.875
1056.0,68.54511024071228,73.62021599617051,66.875
1057.0,68.54511024071228,73.62051199058693,66.875
1058.0,68.54511024071228,73.62080724306784,66.875
1059.0,68.54511024071228,73.62110175658154,66.875
1060.0,68.54511024071228,73.62139553408024,66.875
1061.0,68.54511024071228,73.6216885784998,66.875
1062.0,68.54511024071228,73.62198089276022,66.875
1063.0,68.54511024071228,73.6222724797655,66.875
1064.0,68.54511024071228,73.62256334240384,66.875
1065.0,68.54511024071228,73.62285348354766,66.875
1066.0,68.54511024071228,73.62314290605387,66.875
1067.0,68.54511024071228,73.62343161276388,66.875
1068.0,68.54511024071228,73.62371960650366,66.875
1069.0,68.54511024071228,73.62400689008383,66.875
1070.0,68.54511024071228,73.62429346629999,66.875
1071.0,68.54511024071228,73.62457933793259,66.875
1072.0,68.54511024071228,73.62486450774715,66.875
1073.0,68.54511024071228,73.62514897849427,66.875
1074.0,68.54511024071228,73.62543275290973,66.875
1075.0,68.54511024071228,73.62571583371485,66.875
1076.0,68.54511024071228,73.62599822361624,66.875
1077.0,68.54511024071228,73.62627992530601,66.875
1078.0,68.54511024071228,73.62656094146199,66.875
1079.0,68.54511024071228,73.62684127474769,66.875
1080.0,68.54511024071228,73.62712092781253,66.875
1081.0,68.54511024071228,73.62739990329166,66.875
1082.0,68.54511024071228,73.62767820380652,66.875
1083.0,68.54511024071228,73.62795583196453,66.875
1084.0,68.54511024071228,73.6282327903592,66.875
1085.0,68.54511024071228,73.62850908157053,66.875
1086.0,68.54511024071228,73.62878470816479,66.875
1087.0,68.54511024071228,73.6290596726948,66.875
1088.0,68.54511024071228,73.62933397769997,66.875
1089.0,68.54511024071228,73.62960762570621,66.875
1090.0,68.54511024071228,73.62988061922644,66.875
1091.0,68.54511024071228,73.63015296076023,66.875
1092.0,68.54511024071228,73.63042465279408,66.875
1093.0,68.54511024071228,73.6306956978017,66.875
1094.0,68.54511024071228,73.63096609824356,66.875
1095.0,68.54511024071228,73.63123585656773,66.875
1096.0,68.54511024071228,73.63150497520917,66.875
1097.0,68.54511024071228,73.63177345659044,66.875
1098.0,68.54511024071228,73.63204130312141,66.875
1099.0,68.54511024071228,73.6323085171996,66.875
1100.0,68.54511024071228,73.63257510121001,66.875
1101.0,68.54511024071228,73.63284105752543,66.875
1102.0,68.54511024071228,73.63310638850628,66.875
1103.0,68.54511024071228,73.63337109650092,66.875
1104.0,68.54511024071228,73.63363518384573,66.875
1105.0,68.54511024071228,73.63389865286489,66.875
1106.0,68.54511024071228,73.6341615058707,66.875
1107.0,68.54511024071228,73.6344237451638,66.875
1108.0,68.54511024071228,73.63468537303298,66.875
1109.0,68.54511024071228,73.63494639175521,66.875
1110.0,68.54511024071228,73.63520680359598,66.875
1111.0,68.54511024071228,73.63546661080927,66.875
1112.0,68.54511024071228,73.63572581563746,66.875
1113.0,68.54511024071228,73.63598442031171,66.875
1114.0,68.54511024071228,73.63624242705185,66.875
1115.0,68.54511024071228,73.63649983806629,66.875
1116.0,68.54511024071228,73.6367566555525,66.875
1117.0,68.54511024071228,73.63701288169669,66.875
1118.0,68.54511024071228,73.63726851867408,66.875
1119.0,68.54511024071228,73.637523568649,66.875
1120.0,68.54511024071228,73.63777803377492,66.875
1121.0,68.54511024071228,73.63803191619435,66.875
1122.0,68.54511024071228,73.63828521803917,66.875
1123.0,68.54511024071228,73.63853794143057,66.875
1124.0,68.54511024071228,73.63879008847913,66.875
1125.0,68.54511024071228,73.63904166128485,66.875
1126.0,68.54511024071228,73.63929266193729,66.875
1127.0,68.54511024071228,73.63954309251555,66.875
1128.0,68.54511024071228,73.63979295508848,66.875
1129.0,68.54511024071228,73.64004225171462,66.875
1130.0,68.54511024071228,73.64029098444229,66.875
1131.0,68.54511024071228,73.64053915530957,66.875
1132.0,68.54511024071228,73.64078676634465,66.875
1133.0,68.54511024071228,73.64103381956555,66.875
1134.0,68.54511024071228,73.64128031698033,66.875
1135.0,68.54511024071228,73.64152626058726,66.875
1136.0,68.54511024071228,73.64177165237469,66.875
1137.0,68.54511024071228,73.64201649432127,66.875
1138.0,68.54511024071228,73.64226078839586,66.875
1139.0,68.54511024071228,73.64250453655772,66.875
1140.0,68.54511024071228,73.64274774075646,66.875
1141.0,68.54511024071228,73.64299040293226,66.875
1142.0,68.54511024071228,73.64323252501573,66.875
1143.0,68.54511024071228,73.64347410892823,66.875
1144.0,68.54511024071228,73.64371515658148,66.875
1145.0,68.54511024071228,73.64395566987822,66.875
1146.0,68.54511024071228,73.64419565071165,66.875
1147.0,68.54511024071228,73.64443510096609,66.875
1148.0,68.54511024071228,73.64467402251655,66.875
1149.0,68.54511024071228,73.644912417229,66.875
1150.0,68.54511024071228,73.64515028696034,66.875
1151.0,68.54511024071228,73.64538763355867,66.875
1152.0,68.54511024071228,73.64562445886305,66.875
1153.0,68.54511024071228,73.64586076470373,66.875
1154.0,68.54511024071228,73.64609655290222,66.875
1155.0,68.54511024071228,73.64633182527116,66.875
1156.0,68.54511024071228,73.64656658361473,66.875
1157.0,68.54511024071228,73.64680082972804,66.875
1158.0,68.54511024071228,73.64703456539824,66.875
1159.0,68.54511024071228,73.64726779240344,66.875
1160.0,68.54511024071228,73.64750051251343,66.875
1161.0,68.54511024071228,73.64773272748964,66.875
1162.0,68.54511024071228,73.64796443908514,66.875
1163.0,68.54511024071228,73.64819564904445,66.875
1164.0,68.54511024071228,73.64842635910408,66.875
1165.0,68.54511024071228,73.64865657099215,66.875
1166.0,68.54511024071228,73.64888628642878,66.875
1167.0,68.54511024071228,73.64911550712573,66.875
1168.0,68.54511024071228,73.64934423478675,66.875
1169.0,68.54511024071228,73.64957247110776,66.875
1170.0,68.54511024071228,73.64980021777644,66.875
1171.0,68.54511024071228,73.65002747647263,66.875
1172.0,68.54511024071228,73.65025424886835,66.875
1173.0,68.54511024071228,73.65048053662774,66.875
1174.0,68.54511024071228,73.65070634140702,66.875
1175.0,68.54511024071228,73.6509316648549,66.875
1176.0,68.54511024071228,73.65115650861219,66.875
1177.0,68.54511024071228,73.65138087431215,66.875
1178.0,68.54511024071228,73.65160476358032,66.875
1179.0,68.54511024071228,73.65182817803488,66.875
1180.0,68.54511024071228,73.65205111928628,66.875
1181.0,68.54511024071228,73.6522735889376,66.875
1182.0,68.54511024071228,73.65249558858451,66.875
1183.0,68.54511024071228,73.6527171198152,66.875
1184.0,68.54511024071228,73.65293818421056,66.875
1185.0,68.54511024071228,73.6531587833442,66.875
1186.0,68.54511024071228,73.65337891878245,66.875
1187.0,68.54511024071228,73.65359859208438,66.875
1188.0,68.54511024071228,73.65381780480205,66.875
1189.0,68.54511024071228,73.65403655848023,66.875
1190.0,68.54511024071228,73.65425485465657,66.875
1191.0,68.54511024071228,73.65447269486181,66.875
1192.0,68.54511024071228,73.6546900806196,66.875
1193.0,68.54511024071228,73.65490701344667,66.875
1194.0,68.54511024071228,73.65512349485276,66.875
1195.0,68.54511024071228,73.65533952634075,66.875
1196.0,68.54511024071228,73.6555551094067,66.875
1197.0,68.54511024071228,73.65577024553978,66.875
1198.0,68.54511024071228,73.65598493622262,66.875
1199.0,68.54511024071228,73.65619918293073,66.875
1200.0,68.54511024071228,73.65641298713335,66.875
