"tick","donation-normed-big","donation-big group","donation-valued-big"
1.0,65.51971008032282,50.011252969133636,50.0
2.0,65.51971008032282,50.00626100444096,50.0
3.0,65.51971008032282,50.009391506661444,50.0
4.0,65.51971008032282,50.01252200888192,50.0
5.0,65.51971008032282,50.0138658714342,50.0
6.0,65.51971008032282,50.0392263220736,50.0
7.0,65.51971008032282,50.10816317420821,50.0
8.0,65.51971008032282,50.295552966676865,50.0
9.0,65.51971008032282,50.80493123438316,50.0
10.0,65.51971008032282,52.14055049678732,50.0
11.0,65.51971008032282,52.18662028677987,50.0
12.0,65.51971008032282,52.22680407063405,50.0
13.0,65.51971008032282,52.2622571224886,50.0
14.0,65.51971008032282,52.2938403092254,50.0
15.0,65.51971008032282,52.32221002280154,50.0
16.0,65.51971008032282,52.3478766653605,50.0
17.0,65.51971008032282,52.37124390775877,50.0
18.0,65.51971008032282,52.39263577094019,50.0
19.0,65.51971008032282,52.41231575618567,50.0
20.0,65.51971008032282,52.43050064360979,50.0
21.0,65.51971008032282,52.44737063054829,50.0
22.0,65.51971008032282,52.46307690452136,50.0
23.0,65.51971008032282,52.477747384272774,50.0
24.0,65.51971008032282,52.49149113057838,50.0
25.0,65.51971008032282,52.50440177638453,50.0
26.0,65.51971008032282,52.51656022395849,50.0
27.0,65.51971008032282,52.52803678724959,50.0
28.0,65.51971008032282,52.53889290947157,50.0
29.0,65.51971008032282,52.5491825519845,50.0
30.0,65.51971008032282,52.55895332632157,50.0
31.0,65.51971008032282,52.56824742367575,50.0
32.0,65.51971008032282,52.577102383325304,50.0
33.0,65.51971008032282,52.585551731975286,50.0
34.0,65.51971008032282,52.593625518882746,50.0
35.0,65.51971008032282,52.60135076626541,50.0
36.0,65.51971008032282,52.60875185040056,50.0
37.0,65.51971008032282,52.615850825676475,50.0
38.0,65.51971008032282,52.622667701421285,50.0
39.0,65.51971008032282,52.62922067943238,50.0
40.0,65.51971008032282,52.63552635863399,50.0
41.0,65.51971008032282,52.64159991210757,50.0
42.0,65.51971008032282,52.64745524079673,50.0
43.0,65.51971008032282,52.65310510743432,50.0
44.0,65.51971008032282,52.65856125363026,50.0
45.0,65.51971008032282,52.66383450256675,50.0
46.0,65.51971008032282,52.668934849345746,50.0
47.0,65.51971008032282,52.673871540706116,50.0
48.0,65.51971008032282,52.67865314555736,50.0
49.0,65.51971008032282,52.68328761755486,50.0
50.0,65.51971008032282,52.68778235075638,50.0
51.0,65.51971008032282,52.69214422924622,50.0
52.0,59.53570607162366,52.69637967148463,50.0
53.0,55.062869463688855,52.691548436451484,50.0
54.0,55.062869463688855,52.689549717627735,50.0
55.0,55.062869463688855,52.68744140159475,50.0
56.0,55.062869463688855,52.685228403261476,50.0
57.0,55.062869463688855,52.68802112722851,50.0
58.0,55.062869463688855,52.62040227944315,50.0
59.0,55.062869463688855,52.45077227632156,50.0
60.0,55.062869463688855,51.98357104735461,50.0
61.0,55.062869463688855,50.70764189137635,50.0
62.0,55.062869463688855,46.646082143475226,50.0
63.0,55.062869463688855,47.05913082301901,50.0
64.0,55.062869463688855,46.98913111887665,50.0
65.0,55.062869463688855,46.927075213015634,50.0
66.0,55.062869463688855,46.871591926078274,50.0
67.0,55.062869463688855,46.82161716861829,50.0
68.0,54.82139107588248,46.7763114799903,50.0
69.0,54.82139107588248,46.734261426061664,50.0
70.0,54.82139107588248,46.6956636077983,50.0
71.0,54.82139107588248,46.66007105691079,50.0
72.0,54.82139107588248,46.627113295711354,50.0
73.0,54.82139107588248,46.596903534648504,50.0
74.0,54.82139107588248,46.56306857519148,50.0
75.0,54.82139107588248,46.5207531532354,50.0
76.0,54.82139107588248,46.45203185011039,50.0
77.0,54.82139107588248,46.308531884570264,50.0
78.0,54.82139107588248,45.28266267238169,50.0
79.0,54.82139107588248,45.250906089857835,50.0
80.0,54.82139107588248,45.22166521751026,50.0
81.0,54.82139107588248,45.194570355837755,50.0
82.0,54.82139107588248,45.16933262703546,50.0
83.0,54.82139107588248,45.145721084210656,50.0
84.0,54.82139107588248,45.12354753860109,50.0
85.0,54.82139107588248,45.10265615793808,50.0
86.0,54.555975050161166,45.08291612529618,50.0
87.0,54.555975050161166,45.06483326207591,50.0
88.0,54.555975050161166,45.04769528445949,50.0
89.0,54.555975050161166,45.0314196460219,50.0
90.0,54.555975050161166,45.01593432152806,50.0
91.0,54.555975050161166,45.00082393124487,50.0
92.0,54.555975050161166,44.99111764660063,50.0
93.0,54.555975050161166,44.99062044446088,50.0
94.0,54.555975050161166,45.0140440266894,50.0
95.0,54.555975050161166,45.10145984346394,50.0
96.0,54.29726657898761,45.35220643205157,50.0
97.0,54.29726657898761,45.34852272800344,50.0
98.0,54.29726657898761,45.34411817426751,50.0
99.0,54.29726657898761,45.33919358019071,50.0
100.0,54.29726657898761,45.333894064723125,50.0
101.0,54.29726657898761,45.32876240839915,50.0
102.0,53.28327659404328,45.317583268936424,50.0
103.0,53.03079478228652,45.2953572580475,50.0
104.0,51.810445812782284,45.24477096806173,50.0
105.0,51.343332919453196,45.11452464463661,50.0
106.0,51.343332919453196,44.782529664814476,50.0
107.0,51.343332919453196,44.76531852866979,50.0
108.0,51.343332919453196,44.747001620381425,50.0
109.0,51.343332919453196,44.73122773867404,50.0
110.0,51.343332919453196,44.70615187903762,50.0
111.0,51.343332919453196,44.65989126649219,50.0
112.0,51.343332919453196,44.56003833548144,50.0
113.0,50.91920314219952,44.62859391494378,50.0
114.0,50.70333461614976,44.14926081432054,50.0
115.0,50.70333461614976,44.06646815019951,50.0
116.0,50.70333461614976,44.04739372629411,50.0
117.0,50.70333461614976,44.030122027537175,50.0
118.0,50.70333461614976,44.01366139587734,50.0
119.0,50.70333461614976,44.007434289332764,50.0
120.0,50.70333461614976,44.02380236139975,50.0
121.0,50.70333461614976,44.095392406274385,50.0
122.0,50.70333461614976,44.31534472772508,50.0
123.0,50.70333461614976,44.91807413539696,50.0
124.0,50.70333461614976,45.180849902454895,50.0
125.0,50.70333461614976,45.19382230320327,50.0
126.0,50.70333461614976,45.204360541317534,50.0
127.0,50.53243451501132,45.21297147468815,50.0
128.0,50.53243451501132,45.22065136661426,50.0
129.0,50.375494071971396,45.227068949766874,50.0
130.0,50.375494071971396,45.23306560129848,50.0
131.0,50.375494071971396,45.23819730785087,50.0
132.0,50.375494071971396,45.24225042244276,50.0
133.0,50.375494071971396,45.25043595312344,50.0
134.0,50.375494071971396,45.266357207725875,50.0
135.0,50.375494071971396,45.30998630041671,50.0
136.0,50.375494071971396,45.425470601915386,50.0
137.0,50.375494071971396,45.7273040913369,50.0
138.0,50.375494071971396,45.8377001783755,50.0
139.0,50.375494071971396,46.11003661559668,50.0
140.0,50.375494071971396,46.126267262205715,50.0
141.0,50.375494071971396,46.14037846240414,50.0
142.0,50.375494071971396,46.15275175838808,50.0
143.0,50.375494071971396,46.163678468925305,50.0
144.0,50.375494071971396,46.173385728295244,50.0
145.0,50.375494071971396,46.18205381027028,50.0
146.0,50.375494071971396,46.189828007155356,50.0
147.0,50.375494071971396,46.19682698972831,50.0
148.0,50.375494071971396,46.203148825212615,50.0
149.0,50.375494071971396,46.208875396312436,50.0
150.0,50.375494071971396,46.21407570373393,50.0
151.0,50.375494071971396,46.21880837330622,50.0
152.0,50.375494071971396,46.22312358623654,50.0
153.0,50.375494071971396,46.227064584204136,50.0
154.0,50.375494071971396,46.23066885650887,50.0
155.0,50.375494071971396,46.23396908628943,50.0
156.0,50.375494071971396,46.23699391195283,50.0
157.0,50.375494071971396,46.239768545301146,50.0
158.0,50.375494071971396,46.24231527739101,50.0
159.0,50.375494071971396,46.24465389561289,50.0
160.0,50.375494071971396,46.24680202995113,50.0
161.0,50.375494071971396,46.24877544229677,50.0
162.0,50.375494071971396,46.25058826962321,50.0
163.0,50.375494071971396,46.25225322952184,50.0
164.0,50.375494071971396,46.25378179482863,50.0
165.0,50.375494071971396,46.255184342713974,50.0
166.0,50.375494071971396,46.25647028255301,50.0
167.0,50.375494071971396,46.25764816606864,50.0
168.0,50.375494071971396,46.25872578259003,50.0
169.0,50.375494071971396,46.25971024175269,50.0
170.0,50.375494071971396,46.26060804555565,50.0
171.0,50.375494071971396,46.26142515136028,50.0
172.0,50.375494071971396,46.2621670271479,50.0
173.0,50.375494071971396,46.26283870013646,50.0
174.0,50.375494071971396,46.263444799679675,50.0
175.0,50.375494071971396,46.263989595226235,50.0
176.0,50.375494071971396,46.26447702999672,50.0
177.0,50.375494071971396,46.2649107509372,50.0
178.0,50.375494071971396,46.26529413542465,50.0
179.0,50.375494071971396,46.26563031513252,50.0
180.0,50.375494071971396,46.265922197404045,50.0
181.0,50.375494071971396,46.26617248443495,50.0
182.0,50.375494071971396,46.266383690524385,50.0
183.0,50.375494071971396,46.26655815761909,50.0
184.0,50.375494071971396,46.26669806934513,50.0
185.0,50.375494071971396,46.26680546369779,50.0
186.0,50.375494071971396,46.26688224453692,50.0
187.0,50.375494071971396,46.26693019201794,50.0
188.0,50.375494071971396,46.266950972071875,50.0
189.0,50.375494071971396,46.26694614503448,50.0
190.0,50.375494071971396,46.2669171735121,50.0
191.0,50.375494071971396,46.26686542956255,50.0
192.0,50.375494071971396,46.26679220125942,50.0
193.0,50.375494071971396,46.26669869870046,50.0
194.0,50.375494071971396,46.26658605951476,50.0
195.0,50.375494071971396,46.266455353916264,50.0
196.0,50.375494071971396,46.26630758934714,50.0
197.0,50.375494071971396,46.26614371474862,50.0
198.0,50.375494071971396,46.26596462449414,50.0
199.0,50.375494071971396,46.265771162015255,50.0
200.0,50.375494071971396,46.26556412314771,50.0
201.0,50.375494071971396,46.26534425922289,50.0
202.0,50.375494071971396,46.265112279926306,50.0
203.0,50.375494071971396,46.26486885594361,50.0
204.0,50.375494071971396,46.264614621412136,50.0
205.0,50.375494071971396,46.26435017619441,50.0
206.0,50.375494071971396,46.264076087988165,50.0
207.0,50.375494071971396,46.26379289428659,50.0
208.0,50.375494071971396,46.26350110420096,50.0
209.0,50.375494071971396,46.2632012001565,50.0
210.0,50.375494071971396,46.26289363947168,50.0
211.0,50.375494071971396,46.26257885582997,50.0
212.0,50.375494071971396,46.262257260652845,50.0
213.0,50.375494071971396,46.261929244380894,50.0
214.0,50.375494071971396,46.26159517767056,50.0
215.0,50.375494071971396,46.26125541251285,50.0
216.0,50.375494071971396,46.2609102832795,50.0
217.0,50.375494071971396,46.260560107702084,50.0
218.0,50.375494071971396,46.260205187789296,50.0
219.0,50.375494071971396,46.25984581068605,50.0
220.0,50.375494071971396,46.25948224947965,50.0
221.0,50.375494071971396,46.25911476395569,50.0
222.0,50.375494071971396,46.258743601308154,50.0
223.0,50.375494071971396,46.25836899680601,50.0
224.0,50.375494071971396,46.25799117442013,50.0
225.0,50.375494071971396,46.2576103474127,50.0
226.0,50.375494071971396,46.257226718891765,50.0
227.0,50.375494071971396,46.25684048233317,50.0
228.0,50.375494071971396,46.256451822072535,50.0
229.0,50.375494071971396,46.25606091376869,50.0
230.0,50.375494071971396,46.25566792484025,50.0
231.0,50.375494071971396,46.2552730148782,50.0
232.0,50.375494071971396,46.25487633603438,50.0
233.0,50.375494071971396,46.25447803338912,50.0
234.0,50.375494071971396,46.254078245297784,50.0
235.0,50.375494071971396,46.25367710371875,50.0
236.0,50.375494071971396,46.25327473452325,50.0
237.0,50.375494071971396,46.25287125778847,50.0
238.0,50.375494071971396,46.252466788074834,50.0
239.0,50.375494071971396,46.25206143468859,50.0
240.0,50.375494071971396,46.25165530193053,50.0
241.0,50.375494071971396,46.25124848933104,50.0
242.0,50.375494071971396,46.25084109187389,50.0
243.0,50.375494071971396,46.25043320020735,50.0
244.0,50.375494071971396,46.250024900845176,50.0
245.0,50.375494071971396,46.24961627635669,50.0
246.0,50.375494071971396,46.249207405547814,50.0
247.0,50.375494071971396,46.24879836363229,50.0
248.0,50.375494071971396,46.24838922239477,50.0
249.0,50.375494071971396,46.24798005034569,50.0
250.0,50.375494071971396,46.247570912868134,50.0
251.0,50.375494071971396,46.24716187235783,50.0
252.0,50.375494071971396,46.246752988356164,50.0
253.0,50.375494071971396,46.24634431767649,50.0
254.0,50.375494071971396,46.24593591452483,50.0
255.0,50.375494071971396,46.24552783061399,50.0
256.0,50.375494071971396,46.24512011527306,50.0
257.0,50.375494071971396,46.24471281555116,50.0
258.0,50.375494071971396,46.24430597631628,50.0
259.0,50.375494071971396,46.243899640349774,50.0
260.0,50.375494071971396,46.24349384843614,50.0
261.0,50.375494071971396,46.243088639448786,50.0
262.0,50.375494071971396,46.242684050431706,50.0
263.0,50.375494071971396,46.24228011667753,50.0
264.0,50.375494071971396,46.24187687180178,50.0
265.0,50.375494071971396,46.24147434781407,50.0
266.0,50.375494071971396,46.24107257518565,50.0
267.0,50.375494071971396,46.240671582914274,50.0
268.0,50.375494071971396,46.24027139858609,50.0
269.0,50.375494071971396,46.239872048434464,50.0
270.0,50.375494071971396,46.2394735573965,50.0
271.0,50.375494071971396,46.23907594916707,50.0
272.0,50.375494071971396,46.238679246250136,50.0
273.0,50.375494071971396,46.238283470008255,50.0
274.0,50.375494071971396,46.237888640709684,50.0
275.0,50.375494071971396,46.237494777573204,50.0
276.0,50.375494071971396,46.237101898811666,50.0
277.0,50.375494071971396,46.23671002167282,50.0
278.0,50.375494071971396,46.23631916247932,50.0
279.0,50.375494071971396,46.235929336666054,50.0
280.0,50.375494071971396,46.23554055881664,50.0
281.0,50.375494071971396,46.23515284269804,50.0
282.0,50.375494071971396,46.234766201293766,50.0
283.0,50.375494071971396,46.23438064683564,50.0
284.0,50.375494071971396,46.233996190834446,50.0
285.0,50.375494071971396,46.233612844108904,50.0
286.0,50.375494071971396,46.23323061681384,50.0
287.0,50.375494071971396,46.232849518467106,50.0
288.0,50.375494071971396,46.23246955797496,50.0
289.0,50.375494071971396,46.23209074365718,50.0
290.0,50.375494071971396,46.231713083270535,50.0
291.0,50.375494071971396,46.23133658403133,50.0
292.0,50.375494071971396,46.23096125263758,50.0
293.0,50.375494071971396,46.230587095289515,50.0
294.0,50.375494071971396,46.2302141177099,50.0
295.0,50.375494071971396,46.22984232516313,50.0
296.0,50.375494071971396,46.22947172247393,50.0
297.0,50.375494071971396,46.22910231404472,50.0
298.0,50.375494071971396,46.22873410387308,50.0
299.0,50.375494071971396,46.22836709556778,50.0
300.0,50.375494071971396,46.22800129236465,50.0
301.0,50.375494071971396,46.22763669714168,50.0
302.0,50.375494071971396,46.227273312433404,50.0
303.0,50.375494071971396,46.226911140444976,50.0
304.0,50.375494071971396,46.22655018306545,50.0
305.0,50.375494071971396,46.22619044188065,50.0
306.0,50.375494071971396,46.22583191818559,50.0
307.0,50.375494071971396,46.225474612996244,50.0
308.0,50.375494071971396,46.225118527061156,50.0
309.0,50.375494071971396,46.22476366087222,50.0
310.0,50.375494071971396,46.22441001467532,50.0
311.0,50.375494071971396,46.224057588480555,50.0
312.0,50.375494071971396,46.22370638207185,50.0
313.0,50.375494071971396,46.223356395016516,50.0
314.0,50.375494071971396,46.2230076266741,50.0
315.0,50.375494071971396,46.22266007620519,50.0
316.0,50.375494071971396,46.22231374257975,50.0
317.0,50.375494071971396,46.22196862458522,50.0
318.0,50.375494071971396,46.22162472083399,50.0
319.0,50.375494071971396,46.22128202977132,50.0
320.0,50.375494071971396,46.22094054968193,50.0
321.0,50.375494071971396,46.22060027869733,50.0
322.0,50.375494071971396,46.22026121480229,50.0
323.0,50.375494071971396,46.21992335584126,50.0
324.0,50.375494071971396,46.21958669952442,50.0
325.0,50.375494071971396,46.21925124343369,50.0
326.0,50.375494071971396,46.218916985028386,50.0
327.0,50.375494071971396,46.21858392165071,50.0
328.0,50.375494071971396,46.21825205053112,50.0
329.0,50.375494071971396,46.21792136879317,50.0
330.0,50.375494071971396,46.217591873458645,50.0
331.0,50.375494071971396,46.21726356145212,50.0
332.0,50.375494071971396,46.21693642960563,50.0
333.0,50.375494071971396,46.21661047466284,50.0
334.0,50.375494071971396,46.21628569328349,50.0
335.0,50.375494071971396,46.21596208204721,50.0
336.0,50.375494071971396,46.21563963745753,50.0
337.0,50.375494071971396,46.215318355945705,50.0
338.0,50.375494071971396,46.21499823387425,50.0
339.0,50.375494071971396,46.21467926754033,50.0
340.0,50.375494071971396,46.21436145317929,50.0
341.0,50.375494071971396,46.21404478696778,50.0
342.0,50.375494071971396,46.21372926502695,50.0
343.0,50.375494071971396,46.2134148834252,50.0
344.0,50.375494071971396,46.21310163818157,50.0
345.0,50.375494071971396,46.212789525267866,50.0
346.0,50.375494071971396,46.21247854061186,50.0
347.0,50.375494071971396,46.21216868009959,50.0
348.0,50.375494071971396,46.21185993957797,50.0
349.0,50.375494071971396,46.21155231485714,50.0
350.0,50.375494071971396,46.21124580171266,50.0
351.0,50.375494071971396,46.210940395887945,50.0
352.0,50.375494071971396,46.21063609309624,50.0
353.0,50.375494071971396,46.21033288902266,50.0
354.0,50.375494071971396,46.21003077932623,50.0
355.0,50.375494071971396,46.20972975964192,50.0
356.0,50.375494071971396,46.20942982558208,50.0
357.0,50.375494071971396,46.20913097273866,50.0
358.0,50.375494071971396,46.20883319668463,50.0
359.0,50.375494071971396,46.20853649297573,50.0
360.0,50.375494071971396,46.20824085715192,50.0
361.0,50.375494071971396,46.20794628473907,50.0
362.0,50.375494071971396,46.20765277125031,50.0
363.0,50.375494071971396,46.207360312187426,50.0
364.0,50.375494071971396,46.20706890304217,50.0
365.0,50.375494071971396,46.20677853929776,50.0
366.0,50.375494071971396,46.206489216429915,50.0
367.0,50.375494071971396,46.20620092990807,50.0
368.0,50.375494071971396,46.20591367519672,50.0
369.0,50.375494071971396,46.205627447756285,50.0
370.0,50.375494071971396,46.20534224304432,50.0
371.0,50.375494071971396,46.205058056516535,50.0
372.0,50.375494071971396,46.20477488362777,50.0
373.0,50.375494071971396,46.204492719832864,50.0
374.0,50.375494071971396,46.20421156058776,50.0
375.0,50.375494071971396,46.20393140135013,50.0
376.0,50.375494071971396,46.203652237580336,50.0
377.0,50.375494071971396,46.20337406474237,50.0
378.0,50.375494071971396,46.20309687830436,50.0
379.0,50.375494071971396,46.202820673739566,50.0
380.0,50.375494071971396,46.20254544652687,50.0
381.0,50.375494071971396,46.202271192151656,50.0
382.0,50.375494071971396,46.2019979061063,50.0
383.0,50.375494071971396,46.201725583891,50.0
384.0,50.375494071971396,46.20145422101413,50.0
385.0,50.375494071971396,46.20118381299302,50.0
386.0,50.375494071971396,46.20091435535452,50.0
387.0,50.375494071971396,46.20064584363524,50.0
388.0,50.375494071971396,46.20037827338245,50.0
389.0,50.375494071971396,46.20011164015429,50.0
390.0,50.375494071971396,46.199845939520394,50.0
391.0,50.375494071971396,46.199581167062206,50.0
392.0,50.375494071971396,46.19931731837356,50.0
393.0,50.375494071971396,46.1990543890609,50.0
394.0,50.375494071971396,46.19879237474374,50.0
395.0,50.375494071971396,46.19853127105523,50.0
396.0,50.375494071971396,46.19827107364221,50.0
397.0,50.375494071971396,46.19801177816562,50.0
398.0,50.375494071971396,46.19775338030103,50.0
399.0,50.375494071971396,46.197495875738646,50.0
400.0,50.375494071971396,46.19723926018383,50.0
401.0,50.375494071971396,46.19698352935726,50.0
402.0,50.375494071971396,46.19672867899527,50.0
403.0,50.375494071971396,46.19647470484994,50.0
404.0,50.375494071971396,46.19622160268957,50.0
405.0,50.375494071971396,46.19596936829868,50.0
406.0,50.375494071971396,46.195717997478404,50.0
407.0,50.375494071971396,46.195467486046546,50.0
408.0,50.375494071971396,46.19521782983784,50.0
409.0,50.375494071971396,46.194969024704164,50.0
410.0,50.375494071971396,46.19472106651458,50.0
411.0,50.375494071971396,46.1944739511556,50.0
412.0,50.375494071971396,46.19422767453139,50.0
413.0,50.375494071971396,46.1939822325637,50.0
414.0,50.375494071971396,46.19373762119223,50.0
415.0,50.375494071971396,46.193493836374536,50.0
416.0,50.375494071971396,46.19325087408632,50.0
417.0,50.375494071971396,46.193008730321424,50.0
418.0,50.375494071971396,46.19276740109202,50.0
419.0,50.375494071971396,46.1925268824286,50.0
420.0,50.375494071971396,46.192287170380055,50.0
421.0,50.375494071971396,46.192048261013916,50.0
422.0,50.375494071971396,46.19181015041619,50.0
423.0,50.375494071971396,46.19157283469156,50.0
424.0,50.375494071971396,46.19133630996347,50.0
425.0,50.375494071971396,46.19110057237406,50.0
426.0,50.375494071971396,46.19086561808431,50.0
427.0,50.375494071971396,46.190631443273986,50.0
428.0,50.375494071971396,46.190398044141794,50.0
429.0,50.375494071971396,46.190165416905295,50.0
430.0,50.375494071971396,46.18993355780087,50.0
431.0,50.375494071971396,46.18970246308409,50.0
432.0,50.375494071971396,46.18947212902918,50.0
433.0,50.375494071971396,46.189242551929546,50.0
434.0,50.375494071971396,46.18901372809742,50.0
435.0,50.375494071971396,46.18878565386409,50.0
436.0,50.375494071971396,46.188558325579656,50.0
437.0,50.375494071971396,46.1883317396134,50.0
438.0,50.375494071971396,46.18810589235332,50.0
439.0,50.375494071971396,46.18788078020643,50.0
440.0,50.375494071971396,46.18765639959864,50.0
441.0,50.375494071971396,46.18743274697472,50.0
442.0,50.375494071971396,46.18720981879839,50.0
443.0,50.375494071971396,46.186987611551956,50.0
444.0,50.375494071971396,46.18676612173684,50.0
445.0,50.375494071971396,46.186545345873014,50.0
446.0,50.375494071971396,46.18632528049921,50.0
447.0,50.375494071971396,46.186105922172906,50.0
448.0,50.375494071971396,46.1858872674701,50.0
449.0,50.375494071971396,46.185669312985624,50.0
450.0,50.375494071971396,46.18545205533258,50.0
451.0,50.375494071971396,46.185235491142784,50.0
452.0,50.375494071971396,46.18501961706641,50.0
453.0,50.375494071971396,46.18480442977204,50.0
454.0,50.375494071971396,46.18458992594669,50.0
455.0,50.375494071971396,46.184376102295545,50.0
456.0,50.375494071971396,46.18416295554211,50.0
457.0,50.375494071971396,46.183950482428024,50.0
458.0,50.375494071971396,46.18373867971305,50.0
459.0,50.375494071971396,46.183527544175035,50.0
460.0,50.375494071971396,46.18331707260975,50.0
461.0,50.375494071971396,46.183107261830926,50.0
462.0,50.375494071971396,46.182898108670194,50.0
463.0,50.375494071971396,46.182689609976855,50.0
464.0,50.375494071971396,46.182481762617954,50.0
465.0,50.375494071971396,46.182274563478295,50.0
466.0,50.375494071971396,46.182068009460146,50.0
467.0,50.375494071971396,46.18186209748334,50.0
468.0,50.375494071971396,46.18165682448506,50.0
469.0,50.375494071971396,46.181452187419886,50.0
470.0,50.375494071971396,46.18124818325972,50.0
471.0,50.375494071971396,46.18104480899361,50.0
472.0,50.375494071971396,46.18084206162771,50.0
473.0,50.375494071971396,46.180639938185315,50.0
474.0,50.375494071971396,46.180438435706584,50.0
475.0,50.375494071971396,46.18023755124863,50.0
476.0,50.375494071971396,46.18003728188537,50.0
477.0,50.375494071971396,46.17983762470745,50.0
478.0,50.375494071971396,46.17963857682208,50.0
479.0,50.375494071971396,46.17944013535318,50.0
480.0,50.375494071971396,46.179242297441164,50.0
481.0,50.375494071971396,46.179045060242636,50.0
482.0,50.375494071971396,46.17884842093075,50.0
483.0,50.375494071971396,46.17865237669483,50.0
484.0,50.375494071971396,46.17845692474029,50.0
485.0,50.375494071971396,46.17826206228871,50.0
486.0,50.375494071971396,46.178067786577635,50.0
487.0,50.375494071971396,46.177874094860485,50.0
488.0,50.375494071971396,46.17768098440653,50.0
489.0,50.375494071971396,46.17748845250078,50.0
490.0,50.375494071971396,46.1772964964439,50.0
491.0,50.375494071971396,46.177105113552045,50.0
492.0,50.375494071971396,46.176914301157076,50.0
493.0,50.375494071971396,46.176724056606,50.0
494.0,50.375494071971396,46.17653437726126,50.0
495.0,50.375494071971396,46.1763452605005,50.0
496.0,50.375494071971396,46.17615670371659,50.0
497.0,50.375494071971396,46.17596870431737,50.0
498.0,50.375494071971396,46.175781259725646,50.0
499.0,50.375494071971396,46.17559436737923,50.0
500.0,50.375494071971396,46.175408024730686,50.0
501.0,50.375494071971396,46.175222229247176,50.0
502.0,50.375494071971396,46.175036978410695,50.0
503.0,50.375494071971396,46.174852269717675,50.0
504.0,50.375494071971396,46.17466810067911,50.0
505.0,50.375494071971396,46.174484468820246,50.0
506.0,50.375494071971396,46.174301371680734,50.0
507.0,50.375494071971396,46.17411880681446,50.0
508.0,50.375494071971396,46.17393677178934,50.0
509.0,50.375494071971396,46.17375526418746,50.0
510.0,50.375494071971396,46.173574281604765,50.0
511.0,50.375494071971396,46.17339382165117,50.0
512.0,50.375494071971396,46.17321388195037,50.0
513.0,50.375494071971396,46.173034460139746,50.0
514.0,50.375494071971396,46.1728555538703,50.0
515.0,50.375494071971396,46.17267716080674,50.0
516.0,50.375494071971396,46.17249927862704,50.0
517.0,50.375494071971396,46.172321905022635,50.0
518.0,50.375494071971396,46.17214503769841,50.0
519.0,50.375494071971396,46.171968674372266,50.0
520.0,50.375494071971396,46.17179281277539,50.0
521.0,50.375494071971396,46.171617450651965,50.0
522.0,50.375494071971396,46.171442585759245,50.0
523.0,50.375494071971396,46.171268215867286,50.0
524.0,50.375494071971396,46.17109433875903,50.0
525.0,50.375494071971396,46.17092095223021,50.0
526.0,50.375494071971396,46.170748054089124,50.0
527.0,50.375494071971396,46.170575642156734,50.0
528.0,50.375494071971396,46.17040371426649,50.0
529.0,50.375494071971396,46.170232268264286,50.0
530.0,50.375494071971396,46.170061302008406,50.0
531.0,50.375494071971396,46.16989081336929,50.0
532.0,50.375494071971396,46.169720800229754,50.0
533.0,50.375494071971396,46.16955126048464,50.0
534.0,50.375494071971396,46.16938219204077,50.0
535.0,50.375494071971396,46.169213592817144,50.0
536.0,50.375494071971396,46.16904546074442,50.0
537.0,50.375494071971396,46.16887779376529,50.0
538.0,50.375494071971396,46.16871058983406,50.0
539.0,50.375494071971396,46.168543846916755,50.0
540.0,50.375494071971396,46.168377562991026,50.0
541.0,50.375494071971396,46.16821173604594,50.0
542.0,50.375494071971396,46.16804636408223,50.0
543.0,50.375494071971396,46.167881445111746,50.0
544.0,50.375494071971396,46.16771697715789,50.0
545.0,50.375494071971396,46.16755295825513,50.0
546.0,50.375494071971396,46.16738938644914,50.0
547.0,50.375494071971396,46.16722625979673,50.0
548.0,50.375494071971396,46.1670635763657,50.0
549.0,50.375494071971396,46.16690133423481,50.0
550.0,50.375494071971396,46.16673953149371,50.0
551.0,50.375494071971396,46.16657816624281,50.0
552.0,50.375494071971396,46.166417236593325,50.0
553.0,50.375494071971396,46.16625674066716,50.0
554.0,50.375494071971396,46.166096676596716,50.0
555.0,50.375494071971396,46.165937042525016,50.0
556.0,50.375494071971396,46.165777836605514,50.0
557.0,50.375494071971396,46.165619057002154,50.0
558.0,50.375494071971396,46.1654607018891,50.0
559.0,50.375494071971396,46.16530276945086,50.0
560.0,50.375494071971396,46.16514525788204,50.0
561.0,50.375494071971396,46.16498816538751,50.0
562.0,50.375494071971396,46.16483149018215,50.0
563.0,50.375494071971396,46.164675230490836,50.0
564.0,50.375494071971396,46.164519384548434,50.0
565.0,50.375494071971396,46.16436395059961,50.0
566.0,50.375494071971396,46.16420892689893,50.0
567.0,50.375494071971396,46.1640543117106,50.0
568.0,50.375494071971396,46.16390010330862,50.0
569.0,50.375494071971396,46.16374629997655,50.0
570.0,50.375494071971396,46.163592900007544,50.0
571.0,50.375494071971396,46.16343990170427,50.0
572.0,50.375494071971396,46.16328730337874,50.0
573.0,50.375494071971396,46.16313510335247,50.0
574.0,50.375494071971396,46.16298329995624,50.0
575.0,50.375494071971396,46.162831891530026,50.0
576.0,50.375494071971396,46.16268087642307,50.0
577.0,50.375494071971396,46.16253025299377,50.0
578.0,50.375494071971396,46.16238001960954,50.0
579.0,50.375494071971396,46.16223017464685,50.0
580.0,50.375494071971396,46.16208071649108,50.0
581.0,50.375494071971396,46.1619316435366,50.0
582.0,50.375494071971396,46.161782954186535,50.0
583.0,50.375494071971396,46.1616346468529,50.0
584.0,50.375494071971396,46.16148671995636,50.0
585.0,50.375494071971396,46.161339171926215,50.0
586.0,50.375494071971396,46.16119200120052,50.0
587.0,50.375494071971396,46.16104520622576,50.0
588.0,50.375494071971396,46.160898785457015,50.0
589.0,50.375494071971396,46.1607527373578,50.0
590.0,50.375494071971396,46.16060706039997,50.0
591.0,50.375494071971396,46.16046175306374,50.0
592.0,50.375494071971396,46.16031681383777,50.0
593.0,50.375494071971396,46.16017224121869,50.0
594.0,50.375494071971396,46.160028033711505,50.0
595.0,50.375494071971396,46.15988418982926,50.0
596.0,50.375494071971396,46.15974070809319,50.0
597.0,50.375494071971396,46.15959758703237,50.0
598.0,50.375494071971396,46.15945482518402,50.0
599.0,50.375494071971396,46.159312421093176,50.0
600.0,50.375494071971396,46.15917037331281,50.0
601.0,50.375494071971396,46.15902868040371,50.0
602.0,50.375494071971396,46.15888734093434,50.0
603.0,50.375494071971396,46.158746353481035,50.0
604.0,50.375494071971396,46.158605716627655,50.0
605.0,50.375494071971396,46.15846542896576,50.0
606.0,50.375494071971396,46.1583254890945,50.0
607.0,50.375494071971396,46.15818589562049,50.0
608.0,50.375494071971396,46.15804664715785,50.0
609.0,50.375494071971396,46.15790774232811,50.0
610.0,50.375494071971396,46.157769179760194,50.0
611.0,50.375494071971396,46.15763095809034,50.0
612.0,50.375494071971396,46.15749307596213,50.0
613.0,50.375494071971396,46.157355532026294,50.0
614.0,50.375494071971396,46.157218324940786,50.0
615.0,50.375494071971396,46.15708145337073,50.0
616.0,50.375494071971396,46.156944915988355,50.0
617.0,50.375494071971396,46.15680871147289,50.0
618.0,50.375494071971396,46.15667283851069,50.0
619.0,50.375494071971396,46.15653729579481,50.0
620.0,50.375494071971396,46.15640208202561,50.0
621.0,50.375494071971396,46.156267195910004,50.0
622.0,50.375494071971396,46.15613263616188,50.0
623.0,50.375494071971396,46.15599840150188,50.0
624.0,50.375494071971396,46.15586449065739,50.0
625.0,50.375494071971396,46.155730902362585,50.0
626.0,50.375494071971396,46.1555976353581,50.0
627.0,50.375494071971396,46.155464688391405,50.0
628.0,50.375494071971396,46.15533206021641,50.0
629.0,50.375494071971396,46.15519974959353,50.0
630.0,50.375494071971396,46.155067755289835,50.0
631.0,50.375494071971396,46.154936076078734,50.0
632.0,50.375494071971396,46.154804710739995,50.0
633.0,50.375494071971396,46.15467365805986,50.0
634.0,50.375494071971396,46.15454291683087,50.0
635.0,50.375494071971396,46.154412485851836,50.0
636.0,50.375494071971396,46.154282363927784,50.0
637.0,50.375494071971396,46.15415254987001,50.0
638.0,50.375494071971396,46.154023042495936,50.0
639.0,50.375494071971396,46.153893840629216,50.0
640.0,50.375494071971396,46.15376494309941,50.0
641.0,50.375494071971396,46.153636348742296,50.0
642.0,50.375494071971396,46.15350805639961,50.0
643.0,50.375494071971396,46.15338006491905,50.0
644.0,50.375494071971396,46.153252373154274,50.0
645.0,50.375494071971396,46.153124979964794,50.0
646.0,50.375494071971396,46.15299788421612,50.0
647.0,50.375494071971396,46.15287108477945,50.0
648.0,50.375494071971396,46.15274458053182,50.0
649.0,50.375494071971396,46.15261837035604,50.0
650.0,50.375494071971396,46.15249245314066,50.0
651.0,50.375494071971396,46.15236682777986,50.0
652.0,50.375494071971396,46.152241493173435,50.0
653.0,50.375494071971396,46.152116448226934,50.0
654.0,50.375494071971396,46.15199169185134,50.0
655.0,50.375494071971396,46.1518672229633,50.0
656.0,50.375494071971396,46.1517430404849,50.0
657.0,50.375494071971396,46.15161914334369,50.0
658.0,50.375494071971396,46.15149553047264,50.0
659.0,50.375494071971396,46.15137220081023,50.0
660.0,50.375494071971396,46.15124915330025,50.0
661.0,50.375494071971396,46.151126386891775,50.0
662.0,50.375494071971396,46.15100390053932,50.0
663.0,50.375494071971396,46.15088169320256,50.0
664.0,50.375494071971396,46.15075976384648,50.0
665.0,50.375494071971396,46.15063811144118,50.0
666.0,50.375494071971396,46.150516734962025,50.0
667.0,50.375494071971396,46.15039563338955,50.0
668.0,50.375494071971396,46.15027480570929,50.0
669.0,50.375494071971396,46.15015425091194,50.0
670.0,50.375494071971396,46.15003396799329,50.0
671.0,50.375494071971396,46.149913955954005,50.0
672.0,50.375494071971396,46.1497942137998,50.0
673.0,50.375494071971396,46.149674740541506,50.0
674.0,50.375494071971396,46.149555535194615,50.0
675.0,50.375494071971396,46.149436596779715,50.0
676.0,50.375494071971396,46.14931792432211,50.0
677.0,50.375494071971396,46.14919951685212,50.0
678.0,50.375494071971396,46.149081373404734,50.0
679.0,50.375494071971396,46.14896349301977,50.0
680.0,50.375494071971396,46.148845874741745,50.0
681.0,50.375494071971396,46.14872851761997,50.0
682.0,50.375494071971396,46.148611420708384,50.0
683.0,50.375494071971396,46.1484945830657,50.0
684.0,50.375494071971396,46.14837800375505,50.0
685.0,50.375494071971396,46.148261681844424,50.0
686.0,50.375494071971396,46.14814561640622,50.0
687.0,50.375494071971396,46.148029806517435,50.0
688.0,50.375494071971396,46.14791425125961,50.0
689.0,50.375494071971396,46.14779894971876,50.0
690.0,50.375494071971396,46.1476839009853,50.0
691.0,50.375494071971396,46.14756910415427,50.0
692.0,50.375494071971396,46.14745455832496,50.0
693.0,50.375494071971396,46.147340262601055,50.0
694.0,50.375494071971396,46.14722621609074,50.0
695.0,50.375494071971396,46.147112417906364,50.0
696.0,50.375494071971396,46.146998867164704,50.0
697.0,50.375494071971396,46.14688556298671,50.0
698.0,50.375494071971396,46.14677250449772,50.0
699.0,50.375494071971396,46.14665969082728,50.0
700.0,50.375494071971396,46.14654712110898,50.0
701.0,50.375494071971396,46.14643479448082,50.0
702.0,50.375494071971396,46.14632271008479,50.0
703.0,50.375494071971396,46.14621086706711,50.0
704.0,50.375494071971396,46.14609926457802,50.0
705.0,50.375494071971396,46.145987901771946,50.0
706.0,50.375494071971396,46.145876777807224,50.0
707.0,50.375494071971396,46.14576589184643,50.0
708.0,50.375494071971396,46.14565524305599,50.0
709.0,50.375494071971396,46.14554483060633,50.0
710.0,50.375494071971396,46.14543465367188,50.0
711.0,50.375494071971396,46.14532471143103,50.0
712.0,50.375494071971396,46.14521500306602,50.0
713.0,50.375494071971396,46.145105527763,50.0
714.0,50.375494071971396,46.14499628471203,50.0
715.0,50.375494071971396,46.144887273107,50.0
716.0,50.375494071971396,46.14477849214559,50.0
717.0,50.375494071971396,46.144669941029306,50.0
718.0,50.375494071971396,46.14456161896344,50.0
719.0,50.375494071971396,46.14445352515706,50.0
720.0,50.375494071971396,46.144345658822864,50.0
721.0,50.375494071971396,46.14423801917736,50.0
722.0,50.375494071971396,46.144130605440814,50.0
723.0,50.375494071971396,46.14402341683692,50.0
724.0,50.375494071971396,46.14391645259328,50.0
725.0,50.375494071971396,46.14380971194096,50.0
726.0,50.375494071971396,46.143703194114735,50.0
727.0,50.375494071971396,46.14359689835281,50.0
728.0,50.375494071971396,46.14349082389717,50.0
729.0,50.375494071971396,46.143384969993136,50.0
730.0,50.375494071971396,46.143279335889744,50.0
731.0,50.375494071971396,46.143173920839295,50.0
732.0,50.375494071971396,46.14306872409778,50.0
733.0,50.375494071971396,46.14296374492455,50.0
734.0,50.375494071971396,46.14285898258245,50.0
735.0,50.375494071971396,46.14275443633769,50.0
736.0,50.375494071971396,46.142650105459914,50.0
737.0,50.375494071971396,46.142545989222114,50.0
738.0,50.375494071971396,46.14244208690071,50.0
739.0,50.375494071971396,46.1423383977754,50.0
740.0,50.375494071971396,46.14223492112917,50.0
741.0,50.375494071971396,46.142131656248466,50.0
742.0,50.375494071971396,46.142028602422826,50.0
743.0,50.375494071971396,46.1419257589452,50.0
744.0,50.375494071971396,46.14182312511173,50.0
745.0,50.375494071971396,46.14172070022177,50.0
746.0,50.375494071971396,46.141618483577915,50.0
747.0,50.375494071971396,46.141516474485904,50.0
748.0,50.375494071971396,46.14141467225472,50.0
749.0,50.375494071971396,46.141313076196404,50.0
750.0,50.375494071971396,46.14121168562626,50.0
751.0,50.375494071971396,46.141110499862634,50.0
752.0,50.375494071971396,46.14100951822695,50.0
753.0,50.375494071971396,46.14090874004376,50.0
754.0,50.375494071971396,46.14080816464065,50.0
755.0,50.375494071971396,46.14070779134833,50.0
756.0,50.375494071971396,46.14060761950047,50.0
757.0,50.375494071971396,46.14050764843373,50.0
758.0,50.375494071971396,46.14040787748785,50.0
759.0,50.375494071971396,46.14030830600548,50.0
760.0,50.375494071971396,46.14020893333226,50.0
761.0,50.375494071971396,46.14010975881679,50.0
762.0,50.375494071971396,46.14001078181063,50.0
763.0,50.375494071971396,46.13991200166812,50.0
764.0,50.375494071971396,46.139813417746645,50.0
765.0,50.375494071971396,46.13971502940643,50.0
766.0,50.375494071971396,46.13961683601053,50.0
767.0,50.375494071971396,46.139518836924836,50.0
768.0,50.375494071971396,46.139421031518125,50.0
769.0,50.375494071971396,46.139323419162,50.0
770.0,50.375494071971396,46.139225999230824,50.0
771.0,50.375494071971396,46.139128771101724,50.0
772.0,50.375494071971396,46.13903173415463,50.0
773.0,50.375494071971396,46.13893488777225,50.0
774.0,50.375494071971396,46.138838231339975,50.0
775.0,50.375494071971396,46.13874176424597,50.0
776.0,50.375494071971396,46.138645485881085,50.0
777.0,50.375494071971396,46.13854939563886,50.0
778.0,50.375494071971396,46.138453492915545,50.0
779.0,50.375494071971396,46.13835777710998,50.0
780.0,50.375494071971396,46.13826224762377,50.0
781.0,50.375494071971396,46.13816690386101,50.0
782.0,50.375494071971396,46.13807174522854,50.0
783.0,50.375494071971396,46.137976771135726,50.0
784.0,50.375494071971396,46.137881980994635,50.0
785.0,50.375494071971396,46.137787374219705,50.0
786.0,50.375494071971396,46.13769295022818,50.0
787.0,50.375494071971396,46.13759870843965,50.0
788.0,50.375494071971396,46.13750464827637,50.0
789.0,50.375494071971396,46.137410769163075,50.0
790.0,50.375494071971396,46.137317070526976,50.0
791.0,50.375494071971396,46.1372235517978,50.0
792.0,50.375494071971396,46.13713021240781,50.0
793.0,50.375494071971396,46.1370370517916,50.0
794.0,50.375494071971396,46.13694406938637,50.0
795.0,50.375494071971396,46.136851264631616,50.0
796.0,50.375494071971396,46.136758636969354,50.0
797.0,50.375494071971396,46.13666618584403,50.0
798.0,50.375494071971396,46.136573910702396,50.0
799.0,50.375494071971396,46.13648181099369,50.0
800.0,50.375494071971396,46.13638988616945,50.0
801.0,50.375494071971396,46.13629813568357,50.0
802.0,50.375494071971396,46.13620655899234,50.0
803.0,50.375494071971396,46.13611515555438,50.0
804.0,50.375494071971396,46.136023924830575,50.0
805.0,50.375494071971396,46.135932866284236,50.0
806.0,50.375494071971396,46.13584197938085,50.0
807.0,50.375494071971396,46.13575126358821,50.0
808.0,50.375494071971396,46.13566071837647,50.0
809.0,50.375494071971396,46.13557034321796,50.0
810.0,50.375494071971396,46.13548013758726,50.0
811.0,50.375494071971396,46.135390100961224,50.0
812.0,50.375494071971396,46.13530023281893,50.0
813.0,50.375494071971396,46.13521053264161,50.0
814.0,50.375494071971396,46.135120999912786,50.0
815.0,50.375494071971396,46.13503163411804,50.0
816.0,50.375494071971396,46.134942434745334,50.0
817.0,50.375494071971396,46.13485340128459,50.0
818.0,50.375494071971396,46.13476453322795,50.0
819.0,50.375494071971396,46.13467583006978,50.0
820.0,50.375494071971396,46.134587291306495,50.0
821.0,50.375494071971396,46.13449891643661,50.0
822.0,50.375494071971396,46.13441070496086,50.0
823.0,50.375494071971396,46.134322656381904,50.0
824.0,50.375494071971396,46.13423477020467,50.0
825.0,50.375494071971396,46.13414704593602,50.0
826.0,50.375494071971396,46.13405948308499,50.0
827.0,50.375494071971396,46.13397208116257,50.0
828.0,50.375494071971396,46.1338848396819,50.0
829.0,50.375494071971396,46.133797758158,50.0
830.0,50.375494071971396,46.13371083610808,50.0
831.0,50.375494071971396,46.13362407305129,50.0
832.0,50.375494071971396,46.13353746850867,50.0
833.0,50.375494071971396,46.13345102200347,50.0
834.0,50.375494071971396,46.13336473306075,50.0
835.0,50.375494071971396,46.13327860120757,50.0
836.0,50.375494071971396,46.133192625973024,50.0
837.0,50.375494071971396,46.13310680688804,50.0
838.0,50.375494071971396,46.13302114348557,50.0
839.0,50.375494071971396,46.13293563530044,50.0
840.0,50.375494071971396,46.132850281869466,50.0
841.0,50.375494071971396,46.1327650827313,50.0
842.0,50.375494071971396,46.13268003742649,50.0
843.0,50.375494071971396,46.13259514549754,50.0
844.0,50.375494071971396,46.13251040648874,50.0
845.0,50.375494071971396,46.13242581994637,50.0
846.0,50.375494071971396,46.132341385418464,50.0
847.0,50.375494071971396,46.1322571024549,50.0
848.0,50.375494071971396,46.132172970607485,50.0
849.0,50.375494071971396,46.132088989429796,50.0
850.0,50.375494071971396,46.1320051584772,50.0
851.0,50.375494071971396,46.131921477306975,50.0
852.0,50.375494071971396,46.13183794547809,50.0
853.0,50.375494071971396,46.131754562551386,50.0
854.0,50.375494071971396,46.13167132808944,50.0
855.0,50.375494071971396,46.13158824165667,50.0
856.0,50.375494071971396,46.131505302819136,50.0
857.0,50.375494071971396,46.131422511144805,50.0
858.0,50.375494071971396,46.131339866203284,50.0
859.0,50.375494071971396,46.13125736756593,50.0
860.0,50.375494071971396,46.13117501480584,50.0
861.0,50.375494071971396,46.1310928074979,50.0
862.0,50.375494071971396,46.13101074521863,50.0
863.0,50.375494071971396,46.13092882754626,50.0
864.0,50.375494071971396,46.13084705406071,50.0
865.0,50.375494071971396,46.13076542434361,50.0
866.0,50.375494071971396,46.13068393797823,50.0
867.0,50.375494071971396,46.13060259454961,50.0
868.0,50.375494071971396,46.13052139364436,50.0
869.0,50.375494071971396,46.13044033485073,50.0
870.0,50.375494071971396,46.130359417758626,50.0
871.0,50.375494071971396,46.130278641959684,50.0
872.0,50.375494071971396,46.13019800704697,50.0
873.0,50.375494071971396,46.13011751261545,50.0
874.0,50.375494071971396,46.13003715826138,50.0
875.0,50.375494071971396,46.12995694358288,50.0
876.0,50.375494071971396,46.12987686817955,50.0
877.0,50.375494071971396,46.129796931652514,50.0
878.0,50.375494071971396,46.129717133604615,50.0
879.0,50.375494071971396,46.12963747364021,50.0
880.0,50.375494071971396,46.1295579513652,50.0
881.0,50.375494071971396,46.129478566387014,50.0
882.0,50.375494071971396,46.129399318314704,50.0
883.0,50.375494071971396,46.12932020675878,50.0
884.0,50.375494071971396,46.12924123133138,50.0
885.0,50.375494071971396,46.12916239164608,50.0
886.0,50.375494071971396,46.12908368731802,50.0
887.0,50.375494071971396,46.12900511796382,50.0
888.0,50.375494071971396,46.12892668320159,50.0
889.0,50.375494071971396,46.128848382651,50.0
890.0,50.375494071971396,46.12877021593317,50.0
891.0,50.375494071971396,46.1286921826707,50.0
892.0,50.375494071971396,46.128614282487554,50.0
893.0,50.375494071971396,46.12853651500941,50.0
894.0,50.375494071971396,46.12845887986317,50.0
895.0,50.375494071971396,46.12838137667734,50.0
896.0,50.375494071971396,46.128304005081695,50.0
897.0,50.375494071971396,46.128226764707655,50.0
898.0,50.375494071971396,46.128149655187954,50.0
899.0,50.375494071971396,46.12807267615668,50.0
900.0,50.375494071971396,46.127995827249556,50.0
901.0,50.375494071971396,46.12791910810344,50.0
902.0,50.375494071971396,46.12784251835678,50.0
903.0,50.375494071971396,46.12776605764939,50.0
904.0,50.375494071971396,46.12768972562241,50.0
905.0,50.375494071971396,46.12761352191842,50.0
906.0,50.375494071971396,46.12753744618134,50.0
907.0,50.375494071971396,46.12746149805648,50.0
908.0,50.375494071971396,46.12738567719045,50.0
909.0,50.375494071971396,46.12730998323134,50.0
910.0,50.375494071971396,46.127234415828454,50.0
911.0,50.375494071971396,46.1271589746325,50.0
912.0,50.375494071971396,46.12708365929554,50.0
913.0,50.375494071971396,46.127008469470944,50.0
914.0,50.375494071971396,46.12693340481332,50.0
915.0,50.375494071971396,46.12685846497876,50.0
916.0,50.375494071971396,46.12678364962453,50.0
917.0,50.375494071971396,46.12670895840926,50.0
918.0,50.375494071971396,46.1266343909928,50.0
919.0,50.375494071971396,46.126559947036455,50.0
920.0,50.375494071971396,46.126485626202594,50.0
921.0,50.375494071971396,46.12641142815506,50.0
922.0,50.375494071971396,46.12633735255883,50.0
923.0,50.375494071971396,46.12626339908021,50.0
924.0,50.375494071971396,46.12618956738682,50.0
925.0,50.375494071971396,46.126115857147326,50.0
926.0,50.375494071971396,46.126042268031924,50.0
927.0,50.375494071971396,46.12596879971185,50.0
928.0,50.375494071971396,46.125895451859655,50.0
929.0,50.375494071971396,46.12582222414908,50.0
930.0,50.375494071971396,46.12574911625512,50.0
931.0,50.375494071971396,46.12567612785398,50.0
932.0,50.375494071971396,46.12560325862303,50.0
933.0,50.375494071971396,46.125530508241006,50.0
934.0,50.375494071971396,46.125457876387614,50.0
935.0,50.375494071971396,46.12538536274389,50.0
936.0,50.375494071971396,46.1253129669921,50.0
937.0,50.375494071971396,46.12524068881558,50.0
938.0,50.375494071971396,46.125168527898936,50.0
939.0,50.375494071971396,46.125096483927905,50.0
940.0,50.375494071971396,46.125024556589324,50.0
941.0,50.375494071971396,46.12495274557134,50.0
942.0,50.375494071971396,46.12488105056317,50.0
943.0,50.375494071971396,46.12480947125515,50.0
944.0,50.375494071971396,46.12473800733876,50.0
945.0,50.375494071971396,46.124666658506776,50.0
946.0,50.375494071971396,46.12459542445292,50.0
947.0,50.375494071971396,46.124524304872104,50.0
948.0,50.375494071971396,46.12445329946044,50.0
949.0,50.375494071971396,46.12438240791503,50.0
950.0,50.375494071971396,46.12431162993416,50.0
951.0,50.375494071971396,46.124240965217226,50.0
952.0,50.375494071971396,46.12417041346468,50.0
953.0,50.375494071971396,46.124099974378225,50.0
954.0,50.375494071971396,46.12402964766038,50.0
955.0,50.375494071971396,46.12395943301503,50.0
956.0,50.375494071971396,46.12388933014698,50.0
957.0,50.375494071971396,46.123819338762125,50.0
958.0,50.375494071971396,46.12374945856755,50.0
959.0,50.375494071971396,46.12367968927123,50.0
960.0,50.375494071971396,46.12361003058236,50.0
961.0,50.375494071971396,46.12354048221108,50.0
962.0,50.375494071971396,46.12347104386868,50.0
963.0,50.375494071971396,46.123401715267406,50.0
964.0,50.375494071971396,46.12333249612056,50.0
965.0,50.375494071971396,46.12326338614259,50.0
966.0,50.375494071971396,46.123194385048826,50.0
967.0,50.375494071971396,46.12312549255575,50.0
968.0,50.375494071971396,46.123056708380794,50.0
969.0,50.375494071971396,46.12298803224246,50.0
970.0,50.375494071971396,46.122919463860136,50.0
971.0,50.375494071971396,46.12285100295445,50.0
972.0,50.375494071971396,46.12278264924682,50.0
973.0,50.375494071971396,46.12271440245981,50.0
974.0,50.375494071971396,46.12264626231688,50.0
975.0,50.375494071971396,46.122578228542544,50.0
976.0,50.375494071971396,46.122510300862245,50.0
977.0,50.375494071971396,46.12244247900248,50.0
978.0,50.375494071971396,46.12237476269069,50.0
979.0,50.375494071971396,46.122307151655264,50.0
980.0,50.375494071971396,46.12223964562559,50.0
981.0,50.375494071971396,46.12217224433206,50.0
982.0,50.375494071971396,46.122104947505925,50.0
983.0,50.375494071971396,46.12203775487946,50.0
984.0,50.375494071971396,46.12197066618593,50.0
985.0,50.375494071971396,46.12190368115944,50.0
986.0,50.375494071971396,46.12183679953511,50.0
987.0,50.375494071971396,46.121770021049,50.0
988.0,50.375494071971396,46.12170334543808,50.0
989.0,50.375494071971396,46.121636772440304,50.0
990.0,50.375494071971396,46.12157030179445,50.0
991.0,50.375494071971396,46.1215039332403,50.0
992.0,50.375494071971396,46.121437666518524,50.0
993.0,50.375494071971396,46.121371501370696,50.0
994.0,50.375494071971396,46.12130543753941,50.0
995.0,50.375494071971396,46.12123947476799,50.0
996.0,50.375494071971396,46.121173612800774,50.0
997.0,50.375494071971396,46.12110785138293,50.0
998.0,50.375494071971396,46.12104219026061,50.0
999.0,50.375494071971396,46.12097662918074,50.0
1000.0,50.375494071971396,46.120911167891265,50.0
1001.0,50.375494071971396,46.120845806140906,50.0
1002.0,50.375494071971396,46.12078054367933,50.0
1003.0,50.375494071971396,46.12071538025701,50.0
1004.0,50.375494071971396,46.12065031562533,50.0
1005.0,50.375494071971396,46.12058534953657,50.0
1006.0,50.375494071971396,46.1205204817438,50.0
1007.0,50.375494071971396,46.12045571200102,50.0
1008.0,50.375494071971396,46.120391040063005,50.0
1009.0,50.375494071971396,46.12032646568545,50.0
1010.0,50.375494071971396,46.12026198862487,50.0
1011.0,50.375494071971396,46.12019760863865,50.0
1012.0,50.375494071971396,46.12013332548498,50.0
1013.0,50.375494071971396,46.1200691389229,50.0
1014.0,50.375494071971396,46.12000504871228,50.0
1015.0,50.375494071971396,46.119941054613804,50.0
1016.0,50.375494071971396,46.119877156389016,50.0
1017.0,50.375494071971396,46.11981335380024,50.0
1018.0,50.375494071971396,46.11974964661071,50.0
1019.0,50.375494071971396,46.11968603458426,50.0
1020.0,50.375494071971396,46.11962251748584,50.0
1021.0,50.375494071971396,46.11955909508096,50.0
1022.0,50.375494071971396,46.11949576713603,50.0
1023.0,50.375494071971396,46.11943253341826,50.0
1024.0,50.375494071971396,46.119369393695635,50.0
1025.0,50.375494071971396,46.119306347736945,50.0
1026.0,50.375494071971396,46.11924339531179,50.0
1027.0,50.375494071971396,46.1191805361905,50.0
1028.0,50.375494071971396,46.11911777014424,50.0
1029.0,50.375494071971396,46.11905509694495,50.0
1030.0,50.375494071971396,46.11899251636532,50.0
1031.0,50.375494071971396,46.11893002817883,50.0
1032.0,50.375494071971396,46.11886763215975,50.0
1033.0,50.375494071971396,46.118805328083056,50.0
1034.0,50.375494071971396,46.11874311572452,50.0
1035.0,50.375494071971396,46.118680994860696,50.0
1036.0,50.375494071971396,46.1186189652689,50.0
1037.0,50.375494071971396,46.11855702672714,50.0
1038.0,50.375494071971396,46.11849517901419,50.0
1039.0,50.375494071971396,46.1184334219096,50.0
1040.0,50.375494071971396,46.11837175519371,50.0
1041.0,50.375494071971396,46.118310178647455,50.0
1042.0,50.375494071971396,46.11824869205267,50.0
1043.0,50.375494071971396,46.11818729519178,50.0
1044.0,50.375494071971396,46.118125987848074,50.0
1045.0,50.375494071971396,46.11806476980547,50.0
1046.0,50.375494071971396,46.11800364084864,50.0
1047.0,50.375494071971396,46.117942600762994,50.0
1048.0,50.375494071971396,46.11788164933462,50.0
1049.0,50.375494071971396,46.117820786350364,50.0
1050.0,50.375494071971396,46.117760011597795,50.0
1051.0,50.375494071971396,46.117699324865114,50.0
1052.0,50.375494071971396,46.11763872594128,50.0
1053.0,50.375494071971396,46.117578214616046,50.0
1054.0,50.375494071971396,46.11751779067965,50.0
1055.0,50.375494071971396,46.11745745392321,50.0
1056.0,50.375494071971396,46.11739720413844,50.0
1057.0,50.375494071971396,46.11733704111786,50.0
1058.0,50.375494071971396,46.11727696465448,50.0
1059.0,50.375494071971396,46.117216974542224,50.0
1060.0,50.375494071971396,46.117157070575566,50.0
1061.0,50.375494071971396,46.11709725254965,50.0
1062.0,50.375494071971396,46.11703752026034,50.0
1063.0,50.375494071971396,46.11697787350416,50.0
1064.0,50.375494071971396,46.116918312078326,50.0
1065.0,50.375494071971396,46.11685883578071,50.0
1066.0,50.375494071971396,46.11679944440983,50.0
1067.0,50.375494071971396,46.116740137764886,50.0
1068.0,50.375494071971396,46.1166809156457,50.0
1069.0,50.375494071971396,46.11662177785286,50.0
1070.0,50.375494071971396,46.11656272418744,50.0
1071.0,50.375494071971396,46.11650375445136,50.0
1072.0,50.375494071971396,46.116444868446955,50.0
1073.0,50.375494071971396,46.11638606597749,50.0
1074.0,50.375494071971396,46.1163273468466,50.0
1075.0,50.375494071971396,46.11626871085872,50.0
1076.0,50.375494071971396,46.11621015781891,50.0
1077.0,50.375494071971396,46.11615168753281,50.0
1078.0,50.375494071971396,46.11609329980673,50.0
1079.0,50.375494071971396,46.116034994447645,50.0
1080.0,50.375494071971396,46.11597677126305,50.0
1081.0,50.375494071971396,46.115918630061174,50.0
1082.0,50.375494071971396,46.115860570650796,50.0
1083.0,50.375494071971396,46.11580259284131,50.0
1084.0,50.375494071971396,46.115744696442874,50.0
1085.0,50.375494071971396,46.11568688126607,50.0
1086.0,50.375494071971396,46.115629147122185,50.0
1087.0,50.375494071971396,46.11557149382309,50.0
1088.0,50.375494071971396,46.115513921181254,50.0
1089.0,50.375494071971396,46.11545642900983,50.0
1090.0,50.375494071971396,46.11539901712248,50.0
1091.0,50.375494071971396,46.115341685333476,50.0
1092.0,50.375494071971396,46.11528443345776,50.0
1093.0,50.375494071971396,46.115227261310764,50.0
1094.0,50.375494071971396,46.115170168708644,50.0
1095.0,50.375494071971396,46.115113155467995,50.0
1096.0,50.375494071971396,46.11505622140609,50.0
1097.0,50.375494071971396,46.11499936634076,50.0
1098.0,50.375494071971396,46.114942590090465,50.0
1099.0,50.375494071971396,46.11488589247422,50.0
1100.0,50.375494071971396,46.114829273311564,50.0
1101.0,50.375494071971396,46.11477273242266,50.0
1102.0,50.375494071971396,46.114716269628275,50.0
1103.0,50.375494071971396,46.11465988474968,50.0
1104.0,50.375494071971396,46.11460357760871,50.0
1105.0,50.375494071971396,46.11454734802788,50.0
1106.0,50.375494071971396,46.11449119583018,50.0
1107.0,50.375494071971396,46.1144351208391,50.0
1108.0,50.375494071971396,46.114379122878816,50.0
1109.0,50.375494071971396,46.11432320177402,50.0
1110.0,50.375494071971396,46.11426735734988,50.0
1111.0,50.375494071971396,46.11421158943229,50.0
1112.0,50.375494071971396,46.11415589784748,50.0
1113.0,50.375494071971396,46.11410028242241,50.0
1114.0,50.375494071971396,46.11404474298446,50.0
1115.0,50.375494071971396,46.11398927936165,50.0
1116.0,50.375494071971396,46.113933891382466,50.0
1117.0,50.375494071971396,46.113878578875955,50.0
1118.0,50.375494071971396,46.113823341671754,50.0
1119.0,50.375494071971396,46.113768179599965,50.0
1120.0,50.375494071971396,46.11371309249122,50.0
1121.0,50.375494071971396,46.113658080176776,50.0
1122.0,50.375494071971396,46.113603142488294,50.0
1123.0,50.375494071971396,46.113548279258055,50.0
1124.0,50.375494071971396,46.11349349031882,50.0
1125.0,50.375494071971396,46.113438775503894,50.0
1126.0,50.375494071971396,46.11338413464705,50.0
1127.0,50.375494071971396,46.1133295675827,50.0
1128.0,50.375494071971396,46.11327507414564,50.0
1129.0,50.375494071971396,46.11322065417124,50.0
1130.0,50.375494071971396,46.113166307495376,50.0
1131.0,50.375494071971396,46.11311203395442,50.0
1132.0,50.375494071971396,46.11305783338529,50.0
1133.0,50.375494071971396,46.113003705625395,50.0
1134.0,50.375494071971396,46.112949650512604,50.0
1135.0,50.375494071971396,46.112895667885326,50.0
1136.0,50.375494071971396,46.11284175758253,50.0
1137.0,50.375494071971396,46.11278791944355,50.0
1138.0,50.375494071971396,46.11273415330825,50.0
1139.0,50.375494071971396,46.11268045901714,50.0
1140.0,50.375494071971396,46.112626836411046,50.0
1141.0,50.375494071971396,46.11257328533132,50.0
1142.0,50.375494071971396,46.11251980561987,50.0
1143.0,50.375494071971396,46.112466397119015,50.0
1144.0,50.375494071971396,46.112413059671624,50.0
1145.0,50.375494071971396,46.11235979312097,50.0
1146.0,50.375494071971396,46.1123065973109,50.0
1147.0,50.375494071971396,46.1122534720857,50.0
1148.0,50.375494071971396,46.112200417290026,50.0
1149.0,50.375494071971396,46.1121474327692,50.0
1150.0,50.375494071971396,46.112094518368956,50.0
1151.0,50.375494071971396,46.112041673935366,50.0
1152.0,50.375494071971396,46.111988899315115,50.0
1153.0,50.375494071971396,46.11193619435535,50.0
1154.0,50.375494071971396,46.111883558903614,50.0
1155.0,50.375494071971396,46.11183099280798,50.0
1156.0,50.375494071971396,46.111778495916916,50.0
1157.0,50.375494071971396,46.1117260680794,50.0
1158.0,50.375494071971396,46.11167370914484,50.0
1159.0,50.375494071971396,46.111621418963146,50.0
1160.0,50.375494071971396,46.111569197384625,50.0
1161.0,50.375494071971396,46.111517044260104,50.0
1162.0,50.375494071971396,46.11146495944079,50.0
1163.0,50.375494071971396,46.1114129427784,50.0
1164.0,50.375494071971396,46.11136099412501,50.0
1165.0,50.375494071971396,46.11130911333329,50.0
1166.0,50.375494071971396,46.11125730025621,50.0
1167.0,50.375494071971396,46.1112055547473,50.0
1168.0,50.375494071971396,46.11115387666041,50.0
1169.0,50.375494071971396,46.111102265849915,50.0
1170.0,50.375494071971396,46.11105072217062,50.0
1171.0,50.375494071971396,46.11099924547775,50.0
1172.0,50.375494071971396,46.110947835626945,50.0
1173.0,50.375494071971396,46.11089649247434,50.0
1174.0,50.375494071971396,46.11084521587639,50.0
1175.0,50.375494071971396,46.110794005690146,50.0
1176.0,50.375494071971396,46.11074286177293,50.0
1177.0,50.375494071971396,46.11069178398256,50.0
1178.0,50.375494071971396,46.11064077217731,50.0
1179.0,50.375494071971396,46.110589826215744,50.0
1180.0,50.375494071971396,46.110538945957046,50.0
1181.0,50.375494071971396,46.11048813126065,50.0
1182.0,50.375494071971396,46.1104373819865,50.0
1183.0,50.375494071971396,46.11038669799493,50.0
1184.0,50.375494071971396,46.11033607914668,50.0
1185.0,50.375494071971396,46.11028552530289,50.0
1186.0,50.375494071971396,46.1102350363252,50.0
1187.0,50.375494071971396,46.110184612075535,50.0
1188.0,50.375494071971396,46.11013425241629,50.0
1189.0,50.375494071971396,46.110083957210286,50.0
1190.0,50.375494071971396,46.11003372632073,50.0
1191.0,50.375494071971396,46.10998355961125,50.0
1192.0,50.375494071971396,46.10993345694581,50.0
1193.0,50.375494071971396,46.10988341818884,50.0
1194.0,50.375494071971396,46.109833443205204,50.0
1195.0,50.375494071971396,46.10978353186005,50.0
1196.0,50.375494071971396,46.10973368401901,50.0
1197.0,50.375494071971396,46.10968389954809,50.0
1198.0,50.375494071971396,46.1096341783137,50.0
1199.0,50.375494071971396,46.10958452018257,50.0
1200.0,50.375494071971396,46.109534925021954,50.0
1201.0,50.375494071971396,46.10948539269941,50.0
1202.0,50.375494071971396,46.109435923082884,50.0
1203.0,50.375494071971396,46.1093865160407,50.0
1204.0,50.375494071971396,46.1093371714416,50.0
1205.0,50.375494071971396,46.10928788915466,50.0
1206.0,50.375494071971396,46.109238669049475,50.0
1207.0,50.375494071971396,46.10918951099581,50.0
1208.0,50.375494071971396,46.109140414863965,50.0
1209.0,50.375494071971396,46.1090913805246,50.0
1210.0,50.375494071971396,46.109042407848655,50.0
1211.0,50.375494071971396,46.10899349670761,50.0
1212.0,50.375494071971396,46.10894464697309,50.0
1213.0,50.375494071971396,46.10889585851732,50.0
1214.0,50.375494071971396,46.108847131212784,50.0
1215.0,50.375494071971396,46.10879846493233,50.0
1216.0,50.375494071971396,46.108749859549185,50.0
1217.0,50.375494071971396,46.10870131493702,50.0
1218.0,50.375494071971396,46.10865283096972,50.0
1219.0,50.375494071971396,46.108604407521646,50.0
1220.0,50.375494071971396,46.10855604446749,50.0
1221.0,50.375494071971396,46.10850774168237,50.0
1222.0,50.375494071971396,46.108459499041615,50.0
1223.0,50.375494071971396,46.108411316421034,50.0
1224.0,50.375494071971396,46.1083631936968,50.0
1225.0,50.375494071971396,46.10831513074533,50.0
1226.0,50.375494071971396,46.10826712744349,50.0
1227.0,50.375494071971396,46.108219183668496,50.0
1228.0,50.375494071971396,46.10817129929788,50.0
1229.0,50.375494071971396,46.10812347420954,50.0
1230.0,50.375494071971396,46.10807570828178,50.0
1231.0,50.375494071971396,46.108028001393116,50.0
1232.0,50.375494071971396,46.10798035342254,50.0
1233.0,50.375494071971396,46.10793276424932,50.0
1234.0,50.375494071971396,46.10788523375308,50.0
1235.0,50.375494071971396,46.10783776181383,50.0
1236.0,50.375494071971396,46.10779034831193,50.0
1237.0,50.375494071971396,46.107742993127886,50.0
1238.0,50.375494071971396,46.1076956961429,50.0
1239.0,50.375494071971396,46.10764845723814,50.0
1240.0,50.375494071971396,46.10760127629538,50.0
1241.0,50.375494071971396,46.10755415319659,50.0
1242.0,50.375494071971396,46.10750708782409,50.0
1243.0,50.375494071971396,46.10746008006063,50.0
1244.0,50.375494071971396,46.10741312978915,50.0
1245.0,50.375494071971396,46.10736623689305,50.0
1246.0,50.375494071971396,46.107319401255985,50.0
1247.0,50.375494071971396,46.10727262276194,50.0
1248.0,50.375494071971396,46.107225901295244,50.0
1249.0,50.375494071971396,46.107179236740535,50.0
1250.0,50.375494071971396,46.10713262898286,50.0
1251.0,50.375494071971396,46.10708607790743,50.0
1252.0,50.375494071971396,46.10703958339994,50.0
1253.0,50.375494071971396,46.10699314534631,50.0
1254.0,50.375494071971396,46.10694676363276,50.0
1255.0,50.375494071971396,46.10690043814594,50.0
1256.0,50.375494071971396,46.10685416877274,50.0
1257.0,50.375494071971396,46.106807955400384,50.0
1258.0,50.375494071971396,46.10676179791639,50.0
1259.0,50.375494071971396,46.1067156962086,50.0
1260.0,50.375494071971396,46.10666965016524,50.0
1261.0,50.375494071971396,46.106623659674725,50.0
1262.0,50.375494071971396,46.106577724625865,50.0
1263.0,50.375494071971396,46.10653184490773,50.0
1264.0,50.375494071971396,46.10648602040978,50.0
1265.0,50.375494071971396,46.106440251021716,50.0
1266.0,50.375494071971396,46.106394536633516,50.0
1267.0,50.375494071971396,46.10634887713556,50.0
1268.0,50.375494071971396,46.10630327241847,50.0
1269.0,50.375494071971396,46.10625772237315,50.0
1270.0,50.375494071971396,46.10621222689089,50.0
1271.0,50.375494071971396,46.106166785863174,50.0
1272.0,50.375494071971396,46.10612139918188,50.0
1273.0,50.375494071971396,46.10607606673919,50.0
1274.0,50.375494071971396,46.10603078842745,50.0
1275.0,50.375494071971396,46.105985564139424,50.0
1276.0,50.375494071971396,46.10594039376819,50.0
1277.0,50.375494071971396,46.10589527720704,50.0
1278.0,50.375494071971396,46.105850214349594,50.0
1279.0,50.375494071971396,46.10580520508975,50.0
1280.0,50.375494071971396,46.10576024932177,50.0
1281.0,50.375494071971396,46.1057153469401,50.0
1282.0,50.375494071971396,46.10567049783951,50.0
1283.0,50.375494071971396,46.10562570191515,50.0
1284.0,50.375494071971396,46.10558095906239,50.0
1285.0,50.375494071971396,46.10553626917676,50.0
1286.0,50.375494071971396,46.10549163215427,50.0
1287.0,50.375494071971396,46.105447047891175,50.0
1288.0,50.375494071971396,46.10540251628392,50.0
1289.0,50.375494071971396,46.10535803722934,50.0
1290.0,50.375494071971396,46.10531361062445,50.0
1291.0,50.375494071971396,46.10526923636666,50.0
1292.0,50.375494071971396,46.10522491435358,50.0
1293.0,50.375494071971396,46.10518064448313,50.0
1294.0,50.375494071971396,46.10513642665345,50.0
1295.0,50.375494071971396,46.10509226076309,50.0
1296.0,50.375494071971396,46.10504814671068,50.0
1297.0,50.375494071971396,46.10500408439536,50.0
1298.0,50.375494071971396,46.10496007371633,50.0
1299.0,50.375494071971396,46.10491611457318,50.0
1300.0,50.375494071971396,46.104872206865714,50.0
1301.0,50.375494071971396,46.10482835049411,50.0
1302.0,50.375494071971396,46.10478454535871,50.0
1303.0,50.375494071971396,46.10474079136016,50.0
1304.0,50.375494071971396,46.10469708839935,50.0
1305.0,50.375494071971396,46.10465343637751,50.0
1306.0,50.375494071971396,46.104609835196065,50.0
1307.0,50.375494071971396,46.10456628475674,50.0
1308.0,50.375494071971396,46.104522784961475,50.0
1309.0,50.375494071971396,46.104479335712576,50.0
1310.0,50.375494071971396,46.1044359369125,50.0
1311.0,50.375494071971396,46.104392588464066,50.0
1312.0,50.375494071971396,46.10434929027027,50.0
1313.0,50.375494071971396,46.104306042234356,50.0
1314.0,50.375494071971396,46.10426284425999,50.0
1315.0,50.375494071971396,46.10421969625088,50.0
1316.0,50.375494071971396,46.104176598111145,50.0
1317.0,50.375494071971396,46.10413354974512,50.0
1318.0,50.375494071971396,46.10409055105729,50.0
1319.0,50.375494071971396,46.10404760195259,50.0
1320.0,50.375494071971396,46.10400470233607,50.0
1321.0,50.375494071971396,46.103961852113066,50.0
1322.0,50.375494071971396,46.103919051189166,50.0
1323.0,50.375494071971396,46.10387629947025,50.0
1324.0,50.375494071971396,46.10383359686242,50.0
1325.0,50.375494071971396,46.103790943271925,50.0
1326.0,50.375494071971396,46.10374833860549,50.0
1327.0,50.375494071971396,46.10370578276986,50.0
1328.0,50.375494071971396,46.10366327567215,50.0
1329.0,50.375494071971396,46.1036208172197,50.0
1330.0,50.375494071971396,46.10357840732012,50.0
1331.0,50.375494071971396,46.10353604588121,50.0
1332.0,50.375494071971396,46.10349373281103,50.0
1333.0,50.375494071971396,46.10345146801792,50.0
1334.0,50.375494071971396,46.10340925141039,50.0
1335.0,50.375494071971396,46.103367082897286,50.0
1336.0,50.375494071971396,46.10332496238766,50.0
1337.0,50.375494071971396,46.10328288979076,50.0
1338.0,50.375494071971396,46.103240865016076,50.0
1339.0,50.375494071971396,46.103198887973385,50.0
1340.0,50.375494071971396,46.103156958572676,50.0
1341.0,50.375494071971396,46.10311507672419,50.0
1342.0,50.375494071971396,46.103073242338425,50.0
1343.0,50.375494071971396,46.103031455326004,50.0
1344.0,50.375494071971396,46.10298971559787,50.0
1345.0,50.375494071971396,46.10294802306529,50.0
1346.0,50.375494071971396,46.10290637763953,50.0
1347.0,50.375494071971396,46.10286477923235,50.0
1348.0,50.375494071971396,46.10282322775551,50.0
1349.0,50.375494071971396,46.102781723121126,50.0
1350.0,50.375494071971396,46.10274026524158,50.0
1351.0,50.375494071971396,46.102698854029356,50.0
1352.0,50.375494071971396,46.10265748939724,50.0
1353.0,50.375494071971396,46.10261617125826,50.0
1354.0,50.375494071971396,46.10257489952568,50.0
1355.0,50.375494071971396,46.10253367411291,50.0
1356.0,50.375494071971396,46.10249249493364,50.0
1357.0,50.375494071971396,46.10245136190181,50.0
1358.0,50.375494071971396,46.10241027493151,50.0
1359.0,50.375494071971396,46.102369233937125,50.0
1360.0,50.375494071971396,46.10232823883322,50.0
1361.0,50.375494071971396,46.10228728953459,50.0
1362.0,50.375494071971396,46.102246385956285,50.0
1363.0,50.375494071971396,46.102205528013485,50.0
1364.0,50.375494071971396,46.1021647156217,50.0
1365.0,50.375494071971396,46.10212394869661,50.0
1366.0,50.375494071971396,46.10208322715405,50.0
1367.0,50.375494071971396,46.1020425509102,50.0
1368.0,50.375494071971396,46.102001919881296,50.0
1369.0,50.375494071971396,46.10196133398396,50.0
1370.0,50.375494071971396,46.101920793134965,50.0
1371.0,50.375494071971396,46.10188029725123,50.0
1372.0,50.375494071971396,46.10183984624993,50.0
1373.0,50.375494071971396,46.10179944004849,50.0
1374.0,50.375494071971396,46.10175907856451,50.0
1375.0,50.375494071971396,46.101718761715844,50.0
1376.0,50.375494071971396,46.101678489420486,50.0
1377.0,50.375494071971396,46.10163826159667,50.0
1378.0,50.375494071971396,46.10159807816288,50.0
1379.0,50.375494071971396,46.10155793903772,50.0
1380.0,50.375494071971396,46.10151784414015,50.0
1381.0,50.375494071971396,46.10147779338912,50.0
1382.0,50.375494071971396,46.10143778670403,50.0
1383.0,50.375494071971396,46.10139782400431,50.0
1384.0,50.375494071971396,46.10135790520962,50.0
1385.0,50.375494071971396,46.101318030239916,50.0
1386.0,50.375494071971396,46.101278199015276,50.0
1387.0,50.375494071971396,46.10123841145597,50.0
1388.0,50.375494071971396,46.10119866748256,50.0
1389.0,50.375494071971396,46.101158967015735,50.0
1390.0,50.375494071971396,46.10111930997636,50.0
1391.0,50.375494071971396,46.1010796962856,50.0
1392.0,50.375494071971396,46.10104012586472,50.0
1393.0,50.375494071971396,46.10100059863526,50.0
1394.0,50.375494071971396,46.10096111451889,50.0
1395.0,50.375494071971396,46.10092167343759,50.0
1396.0,50.375494071971396,46.10088227531336,50.0
1397.0,50.375494071971396,46.10084292006856,50.0
1398.0,50.375494071971396,46.100803607625664,50.0
1399.0,50.375494071971396,46.10076433790739,50.0
1400.0,50.375494071971396,46.10072511083658,50.0
1401.0,50.375494071971396,46.10068592633636,50.0
1402.0,50.375494071971396,46.10064678432994,50.0
1403.0,50.375494071971396,46.100607684740865,50.0
1404.0,50.375494071971396,46.100568627492706,50.0
1405.0,50.375494071971396,46.10052961250939,50.0
1406.0,50.375494071971396,46.10049063971486,50.0
1407.0,50.375494071971396,46.10045170903346,50.0
1408.0,50.375494071971396,46.10041282038953,50.0
1409.0,50.375494071971396,46.10037397370771,50.0
1410.0,50.375494071971396,46.10033516891277,50.0
1411.0,50.375494071971396,46.10029640592977,50.0
1412.0,50.375494071971396,46.10025768468377,50.0
1413.0,50.375494071971396,46.10021900510023,50.0
1414.0,50.375494071971396,46.10018036710462,50.0
1415.0,50.375494071971396,46.100141770622734,50.0
1416.0,50.375494071971396,46.10010321558046,50.0
1417.0,50.375494071971396,46.10006470190389,50.0
1418.0,50.375494071971396,46.10002622951932,50.0
1419.0,50.375494071971396,46.099987798353254,50.0
1420.0,50.375494071971396,46.09994940833224,50.0
1421.0,50.375494071971396,46.09991105938321,50.0
1422.0,50.375494071971396,46.09987275143315,50.0
1423.0,50.375494071971396,46.099834484409214,50.0
1424.0,50.375494071971396,46.09979625823887,50.0
1425.0,50.375494071971396,46.09975807284957,50.0
1426.0,50.375494071971396,46.0997199281691,50.0
1427.0,50.375494071971396,46.09968182412537,50.0
1428.0,50.375494071971396,46.09964376064647,50.0
1429.0,50.375494071971396,46.099605737660646,50.0
1430.0,50.375494071971396,46.09956775509637,50.0
1431.0,50.375494071971396,46.099529812882295,50.0
1432.0,50.375494071971396,46.09949191094714,50.0
1433.0,50.375494071971396,46.099454049219894,50.0
1434.0,50.375494071971396,46.09941622762976,50.0
1435.0,50.375494071971396,46.09937844610604,50.0
1436.0,50.375494071971396,46.09934070457818,50.0
1437.0,50.375494071971396,46.09930300297589,50.0
1438.0,50.375494071971396,46.09926534122903,50.0
1439.0,50.375494071971396,46.099227719267574,50.0
1440.0,50.375494071971396,46.0991901370217,50.0
1441.0,50.375494071971396,46.09915259442183,50.0
1442.0,50.375494071971396,46.09911509139842,50.0
1443.0,50.375494071971396,46.0990776278822,50.0
1444.0,50.375494071971396,46.099040203804016,50.0
1445.0,50.375494071971396,46.09900281909489,50.0
1446.0,50.375494071971396,46.09896547368606,50.0
1447.0,50.375494071971396,46.09892816750886,50.0
1448.0,50.375494071971396,46.09889090049487,50.0
1449.0,50.375494071971396,46.098853672575764,50.0
1450.0,50.375494071971396,46.09881648368337,50.0
1451.0,50.375494071971396,46.09877933374984,50.0
1452.0,50.375494071971396,46.09874222270726,50.0
1453.0,50.375494071971396,46.098705150488044,50.0
1454.0,50.375494071971396,46.09866811702468,50.0
1455.0,50.375494071971396,46.09863112224993,50.0
1456.0,50.375494071971396,46.098594166096625,50.0
1457.0,50.375494071971396,46.098557248497734,50.0
1458.0,50.375494071971396,46.098520369386485,50.0
1459.0,50.375494071971396,46.09848352869621,50.0
1460.0,50.375494071971396,46.09844672636043,50.0
1461.0,50.375494071971396,46.09840996231279,50.0
1462.0,50.375494071971396,46.098373236487106,50.0
1463.0,50.375494071971396,46.09833654881735,50.0
1464.0,50.375494071971396,46.09829989923769,50.0
1465.0,50.375494071971396,46.09826328768244,50.0
1466.0,50.375494071971396,46.09822671408601,50.0
1467.0,50.375494071971396,46.098190178383035,50.0
1468.0,50.375494071971396,46.09815368050828,50.0
1469.0,50.375494071971396,46.09811722039672,50.0
1470.0,50.375494071971396,46.09808079798342,50.0
1471.0,50.375494071971396,46.09804441320364,50.0
1472.0,50.375494071971396,46.098008065992715,50.0
1473.0,50.375494071971396,46.09797175628621,50.0
1474.0,50.375494071971396,46.097935484019914,50.0
1475.0,50.375494071971396,46.09789924912961,50.0
1476.0,50.375494071971396,46.09786305155127,50.0
1477.0,50.375494071971396,46.0978268912212,50.0
1478.0,50.375494071971396,46.0977907680756,50.0
1479.0,50.375494071971396,46.097754682050976,50.0
1480.0,50.375494071971396,46.09771863308396,50.0
1481.0,50.375494071971396,46.0976826211113,50.0
1482.0,50.375494071971396,46.09764664606995,50.0
1483.0,50.375494071971396,46.09761070789698,50.0
1484.0,50.375494071971396,46.09757480652957,50.0
1485.0,50.375494071971396,46.097538941905185,50.0
1486.0,50.375494071971396,46.09750311396121,50.0
1487.0,50.375494071971396,46.097467322635445,50.0
1488.0,50.375494071971396,46.097431567865634,50.0
1489.0,50.375494071971396,46.09739584958971,50.0
1490.0,50.375494071971396,46.0973601677459,50.0
1491.0,50.375494071971396,46.097324522272366,50.0
1492.0,50.375494071971396,46.09728891310751,50.0
1493.0,50.375494071971396,46.097253340189944,50.0
1494.0,50.375494071971396,46.09721780345834,50.0
1495.0,50.375494071971396,46.0971823028515,50.0
1496.0,50.375494071971396,46.09714683830841,50.0
1497.0,50.375494071971396,46.09711140976824,50.0
1498.0,50.375494071971396,46.097076017170274,50.0
1499.0,50.375494071971396,46.097040660453835,50.0
1500.0,50.375494071971396,46.097005339558564,50.0
1501.0,50.375494071971396,46.096970054424105,50.0
1502.0,50.375494071971396,46.096934804990354,50.0
1503.0,50.375494071971396,46.09689959119726,50.0
1504.0,50.375494071971396,46.0968644129849,50.0
1505.0,50.375494071971396,46.096829270293625,50.0
1506.0,50.375494071971396,46.09679416306374,50.0
1507.0,50.375494071971396,46.09675909123587,50.0
1508.0,50.375494071971396,46.09672405475068,50.0
1509.0,50.375494071971396,46.096689053548936,50.0
1510.0,50.375494071971396,46.09665408757166,50.0
1511.0,50.375494071971396,46.096619156759864,50.0
1512.0,50.375494071971396,46.096584261054886,50.0
1513.0,50.375494071971396,46.09654940039803,50.0
1514.0,50.375494071971396,46.09651457473082,50.0
1515.0,50.375494071971396,46.09647978399489,50.0
1516.0,50.375494071971396,46.09644502813205,50.0
1517.0,50.375494071971396,46.096410307084156,50.0
1518.0,50.375494071971396,46.09637562079332,50.0
1519.0,50.375494071971396,46.09634096920168,50.0
1520.0,50.375494071971396,46.09630635225155,50.0
1521.0,50.375494071971396,46.096271769885426,50.0
1522.0,50.375494071971396,46.09623722204587,50.0
1523.0,50.375494071971396,46.09620270867559,50.0
1524.0,50.375494071971396,46.09616822971742,50.0
1525.0,50.375494071971396,46.096133785114404,50.0
1526.0,50.375494071971396,46.09609937480959,50.0
1527.0,50.375494071971396,46.096064998746265,50.0
1528.0,50.375494071971396,46.096030656867796,50.0
1529.0,50.375494071971396,46.09599634911771,50.0
1530.0,50.375494071971396,46.095962075439594,50.0
1531.0,50.375494071971396,46.09592783577729,50.0
1532.0,50.375494071971396,46.09589363007462,50.0
1533.0,50.375494071971396,46.09585945827566,50.0
1534.0,50.375494071971396,46.095825320324536,50.0
1535.0,50.375494071971396,46.09579121616554,50.0
1536.0,50.375494071971396,46.095757145743065,50.0
1537.0,50.375494071971396,46.09572310900173,50.0
1538.0,50.375494071971396,46.09568910588613,50.0
1539.0,50.375494071971396,46.095655136341094,50.0
1540.0,50.375494071971396,46.095621200311484,50.0
1541.0,50.375494071971396,46.09558729774238,50.0
1542.0,50.375494071971396,46.09555342857899,50.0
1543.0,50.375494071971396,46.095519592766564,50.0
1544.0,50.375494071971396,46.09548579025055,50.0
1545.0,50.375494071971396,46.09545202097649,50.0
1546.0,50.375494071971396,46.09541828489004,50.0
1547.0,50.375494071971396,46.095384581937,50.0
1548.0,50.375494071971396,46.09535091206333,50.0
1549.0,50.375494071971396,46.095317275215024,50.0
1550.0,50.375494071971396,46.09528367133823,50.0
1551.0,50.375494071971396,46.0952501003793,50.0
1552.0,50.375494071971396,46.095216562284605,50.0
1553.0,50.375494071971396,46.09518305700068,50.0
1554.0,50.375494071971396,46.09514958447418,50.0
1555.0,50.375494071971396,46.09511614465186,50.0
1556.0,50.375494071971396,46.095082737480624,50.0
1557.0,50.375494071971396,46.095049362907524,50.0
1558.0,50.375494071971396,46.0950160208797,50.0
1559.0,50.375494071971396,46.09498271134428,50.0
1560.0,50.375494071971396,46.09494943424881,50.0
1561.0,50.375494071971396,46.09491618954066,50.0
1562.0,50.375494071971396,46.094882977167494,50.0
1563.0,50.375494071971396,46.094849797077046,50.0
1564.0,50.375494071971396,46.094816649217144,50.0
1565.0,50.375494071971396,46.09478353353577,50.0
1566.0,50.375494071971396,46.094750449980936,50.0
1567.0,50.375494071971396,46.09471739850092,50.0
1568.0,50.375494071971396,46.09468437904403,50.0
1569.0,50.375494071971396,46.094651391558706,50.0
1570.0,50.375494071971396,46.09461843599347,50.0
1571.0,50.375494071971396,46.094585512296995,50.0
1572.0,50.375494071971396,46.09455262041805,50.0
1573.0,50.375494071971396,46.09451976030552,50.0
1574.0,50.375494071971396,46.09448693190845,50.0
1575.0,50.375494071971396,46.09445413517592,50.0
1576.0,50.375494071971396,46.094421370057205,50.0
1577.0,50.375494071971396,46.09438863650167,50.0
1578.0,50.375494071971396,46.09435593445869,50.0
1579.0,50.375494071971396,46.09432326387796,50.0
1580.0,50.375494071971396,46.09429062470906,50.0
1581.0,50.375494071971396,46.094258016901854,50.0
1582.0,50.375494071971396,46.094225440406255,50.0
1583.0,50.375494071971396,46.09419289517226,50.0
1584.0,50.375494071971396,46.094160381150026,50.0
1585.0,50.375494071971396,46.09412789828978,50.0
1586.0,50.375494071971396,46.0940954465419,50.0
1587.0,50.375494071971396,46.094063025856855,50.0
1588.0,50.375494071971396,46.09403063618522,50.0
1589.0,50.375494071971396,46.09399827747767,50.0
1590.0,50.375494071971396,46.093965949685035,50.0
1591.0,50.375494071971396,46.09393365275816,50.0
1592.0,50.375494071971396,46.093901386648106,50.0
1593.0,50.375494071971396,46.093869151306016,50.0
1594.0,50.375494071971396,46.0938369466831,50.0
1595.0,50.375494071971396,46.093804772730685,50.0
1596.0,50.375494071971396,46.09377262940026,50.0
1597.0,50.375494071971396,46.09374051664329,50.0
1598.0,50.375494071971396,46.09370843441152,50.0
1599.0,50.375494071971396,46.0936763826567,50.0
1600.0,50.375494071971396,46.09364436133075,50.0
1601.0,50.375494071971396,46.09361237038555,50.0
1602.0,50.375494071971396,46.09358040977323,50.0
1603.0,50.375494071971396,46.09354847944603,50.0
1604.0,50.375494071971396,46.09351657935621,50.0
1605.0,50.375494071971396,46.09348470945617,50.0
1606.0,50.375494071971396,46.093452869698424,50.0
1607.0,50.375494071971396,46.09342106003557,50.0
1608.0,50.375494071971396,46.09338928042033,50.0
1609.0,50.375494071971396,46.09335753080553,50.0
1610.0,50.375494071971396,46.09332581114412,50.0
1611.0,50.375494071971396,46.093294121389036,50.0
1612.0,50.375494071971396,46.09326246149354,50.0
1613.0,50.375494071971396,46.09323083141076,50.0
1614.0,50.375494071971396,46.09319923109404,50.0
1615.0,50.375494071971396,46.093167660496874,50.0
1616.0,50.375494071971396,46.09313611957275,50.0
1617.0,50.375494071971396,46.0931046082753,50.0
1618.0,50.375494071971396,46.093073126558295,50.0
1619.0,50.375494071971396,46.093041674375556,50.0
1620.0,50.375494071971396,46.093010251681044,50.0
1621.0,50.375494071971396,46.092978858428744,50.0
1622.0,50.375494071971396,46.09294749457292,50.0
1623.0,50.375494071971396,46.092916160067674,50.0
1624.0,50.375494071971396,46.09288485486743,50.0
1625.0,50.375494071971396,46.09285357892657,50.0
1626.0,50.375494071971396,46.092822332199724,50.0
1627.0,50.375494071971396,46.09279111464143,50.0
1628.0,50.375494071971396,46.0927599262065,50.0
1629.0,50.375494071971396,46.092728766849696,50.0
1630.0,50.375494071971396,46.09269763652601,50.0
1631.0,50.375494071971396,46.09266653519045,50.0
1632.0,50.375494071971396,46.09263546279814,50.0
1633.0,50.375494071971396,46.09260441930426,50.0
1634.0,50.375494071971396,46.09257340466423,50.0
1635.0,50.375494071971396,46.09254241883342,50.0
1636.0,50.375494071971396,46.092511461767266,50.0
1637.0,50.375494071971396,46.0924805334215,50.0
1638.0,50.375494071971396,46.09244963375177,50.0
1639.0,50.375494071971396,46.09241876271382,50.0
1640.0,50.375494071971396,46.092387920263654,50.0
1641.0,50.375494071971396,46.09235710635719,50.0
1642.0,50.375494071971396,46.09232632095057,50.0
1643.0,50.375494071971396,46.09229556399987,50.0
1644.0,50.375494071971396,46.09226483546143,50.0
1645.0,50.375494071971396,46.09223413529163,50.0
1646.0,50.375494071971396,46.09220346344692,50.0
1647.0,50.375494071971396,46.09217281988384,50.0
1648.0,50.375494071971396,46.09214220455904,50.0
1649.0,50.375494071971396,46.092111617429254,50.0
1650.0,50.375494071971396,46.092081058451335,50.0
1651.0,50.375494071971396,46.09205052758215,50.0
1652.0,50.375494071971396,46.09202002477879,50.0
1653.0,50.375494071971396,46.091989549998345,50.0
1654.0,50.375494071971396,46.09195910319797,50.0
1655.0,50.375494071971396,46.091928684335,50.0
1656.0,50.375494071971396,46.09189829336681,50.0
1657.0,50.375494071971396,46.091867930250814,50.0
1658.0,50.375494071971396,46.091837594944685,50.0
1659.0,50.375494071971396,46.09180728740598,50.0
1660.0,50.375494071971396,46.091777007592455,50.0
1661.0,50.375494071971396,46.091746755462026,50.0
1662.0,50.375494071971396,46.0917165309725,50.0
1663.0,50.375494071971396,46.09168633408196,50.0
1664.0,50.375494071971396,46.091656164748535,50.0
1665.0,50.375494071971396,46.0916260229303,50.0
1666.0,50.375494071971396,46.091595908585646,50.0
1667.0,50.375494071971396,46.09156582167289,50.0
1668.0,50.375494071971396,46.091535762150485,50.0
1669.0,50.375494071971396,46.091505729976994,50.0
1670.0,50.375494071971396,46.09147572511103,50.0
1671.0,50.375494071971396,46.09144574751131,50.0
1672.0,50.375494071971396,46.09141579713664,50.0
1673.0,50.375494071971396,46.09138587394594,50.0
1674.0,50.375494071971396,46.091355977898125,50.0
1675.0,50.375494071971396,46.0913261089523,50.0
1676.0,50.375494071971396,46.09129626706767,50.0
1677.0,50.375494071971396,46.09126645220337,50.0
1678.0,50.375494071971396,46.09123666431879,50.0
1679.0,50.375494071971396,46.091206903373305,50.0
1680.0,50.375494071971396,46.09117716932644,50.0
1681.0,50.375494071971396,46.09114746213775,50.0
1682.0,50.375494071971396,46.0911177817669,50.0
1683.0,50.375494071971396,46.09108812817361,50.0
1684.0,50.375494071971396,46.09105850131778,50.0
1685.0,50.375494071971396,46.091028901159284,50.0
1686.0,50.375494071971396,46.09099932765812,50.0
1687.0,50.375494071971396,46.090969780774394,50.0
1688.0,50.375494071971396,46.09094026046826,50.0
1689.0,50.375494071971396,46.09091076669995,50.0
1690.0,50.375494071971396,46.090881299429824,50.0
1691.0,50.375494071971396,46.0908518586183,50.0
1692.0,50.375494071971396,46.090822444225864,50.0
1693.0,50.375494071971396,46.090793056213094,50.0
1694.0,50.375494071971396,46.09076369454067,50.0
1695.0,50.375494071971396,46.09073435916932,50.0
1696.0,50.375494071971396,46.09070505005987,50.0
1697.0,50.375494071971396,46.09067576717326,50.0
1698.0,50.375494071971396,46.09064651047042,50.0
1699.0,50.375494071971396,46.09061727991253,50.0
1700.0,50.375494071971396,46.09058807546061,50.0
1701.0,50.375494071971396,46.09055889707597,50.0
1702.0,50.375494071971396,46.09052974471993,50.0
1703.0,50.375494071971396,46.090500618353836,50.0
1704.0,50.375494071971396,46.09047151793919,50.0
1705.0,50.375494071971396,46.0904424434375,50.0
1706.0,50.375494071971396,46.09041339481048,50.0
1707.0,50.375494071971396,46.090384372019784,50.0
1708.0,50.375494071971396,46.09035537502723,50.0
1709.0,50.375494071971396,46.090326403794656,50.0
1710.0,50.375494071971396,46.09029745828406,50.0
1711.0,50.375494071971396,46.09026853845743,50.0
1712.0,50.375494071971396,46.090239644276856,50.0
1713.0,50.375494071971396,46.09021077570457,50.0
1714.0,50.375494071971396,46.090181932702784,50.0
1715.0,50.375494071971396,46.090153115233875,50.0
1716.0,50.375494071971396,46.09012432326024,50.0
1717.0,50.375494071971396,46.09009555674435,50.0
1718.0,50.375494071971396,46.09006681564886,50.0
1719.0,50.375494071971396,46.09003809993632,50.0
1720.0,50.375494071971396,46.09000940956952,50.0
1721.0,50.375494071971396,46.08998074451123,50.0
1722.0,50.375494071971396,46.08995210472427,50.0
1723.0,50.375494071971396,46.08992349017173,50.0
1724.0,50.375494071971396,46.08989490081652,50.0
1725.0,50.375494071971396,46.08986633662182,50.0
1726.0,50.375494071971396,46.08983779755075,50.0
1727.0,50.375494071971396,46.089809283566595,50.0
1728.0,50.375494071971396,46.08978079463268,50.0
1729.0,50.375494071971396,46.0897523307124,50.0
1730.0,50.375494071971396,46.08972389176929,50.0
1731.0,50.375494071971396,46.089695477766796,50.0
1732.0,50.375494071971396,46.08966708866869,50.0
1733.0,50.375494071971396,46.089638724438515,50.0
1734.0,50.375494071971396,46.08961038504018,50.0
1735.0,50.375494071971396,46.08958207043746,50.0
1736.0,50.375494071971396,46.089553780594315,50.0
1737.0,50.375494071971396,46.08952551547469,50.0
1738.0,50.375494071971396,46.08949727504274,50.0
1739.0,50.375494071971396,46.08946905926252,50.0
1740.0,50.375494071971396,46.08944086809829,50.0
1741.0,50.375494071971396,46.089412701514355,50.0
1742.0,50.375494071971396,46.08938455947504,50.0
1743.0,50.375494071971396,46.08935644194477,50.0
1744.0,50.375494071971396,46.08932834888811,50.0
1745.0,50.375494071971396,46.089300280269605,50.0
1746.0,50.375494071971396,46.08927223605389,50.0
1747.0,50.375494071971396,46.08924421620564,50.0
1748.0,50.375494071971396,46.08921622068974,50.0
1749.0,50.375494071971396,46.089188249471,50.0
1750.0,50.375494071971396,46.08916030251436,50.0
1751.0,50.375494071971396,46.08913237978481,50.0
1752.0,50.375494071971396,46.08910448124745,50.0
1753.0,50.375494071971396,46.089076606867394,50.0
1754.0,50.375494071971396,46.08904875660988,50.0
1755.0,50.375494071971396,46.0890209304402,50.0
1756.0,50.375494071971396,46.0889931283237,50.0
1757.0,50.375494071971396,46.08896535022579,50.0
1758.0,50.375494071971396,46.088937596111954,50.0
1759.0,50.375494071971396,46.08890986594777,50.0
1760.0,50.375494071971396,46.088882159698905,50.0
1761.0,50.375494071971396,46.08885447733096,50.0
1762.0,50.375494071971396,46.08882681880981,50.0
1763.0,50.375494071971396,46.088799184101276,50.0
1764.0,50.375494071971396,46.088771573171186,50.0
1765.0,50.375494071971396,46.088743985985616,50.0
1766.0,50.375494071971396,46.08871642251048,50.0
1767.0,50.375494071971396,46.088688882712056,50.0
1768.0,50.375494071971396,46.08866136655639,50.0
1769.0,50.375494071971396,46.08863387400979,50.0
1770.0,50.375494071971396,46.0886064050385,50.0
1771.0,50.375494071971396,46.088578959608974,50.0
1772.0,50.375494071971396,46.088551537687636,50.0
1773.0,50.375494071971396,46.08852413924102,50.0
1774.0,50.375494071971396,46.08849676423561,50.0
1775.0,50.375494071971396,46.08846941263819,50.0
1776.0,50.375494071971396,46.08844208441536,50.0
1777.0,50.375494071971396,46.08841477953398,50.0
1778.0,50.375494071971396,46.088387497960824,50.0
1779.0,50.375494071971396,46.088360239662855,50.0
1780.0,50.375494071971396,46.088333004607,50.0
1781.0,50.375494071971396,46.088305792760366,50.0
1782.0,50.375494071971396,46.08827860409003,50.0
1783.0,50.375494071971396,46.08825143856316,50.0
1784.0,50.375494071971396,46.08822429614699,50.0
1785.0,50.375494071971396,46.08819717680879,50.0
1786.0,50.375494071971396,46.088170080515994,50.0
1787.0,50.375494071971396,46.08814300723597,50.0
1788.0,50.375494071971396,46.088115956936264,50.0
1789.0,50.375494071971396,46.08808892958442,50.0
1790.0,50.375494071971396,46.08806192514803,50.0
1791.0,50.375494071971396,46.08803494359481,50.0
1792.0,50.375494071971396,46.088007984892535,50.0
1793.0,50.375494071971396,46.08798104900895,50.0
1794.0,50.375494071971396,46.08795413591197,50.0
1795.0,50.375494071971396,46.087927245569574,50.0
1796.0,50.375494071971396,46.087900377949694,50.0
1797.0,50.375494071971396,46.08787353302046,50.0
1798.0,50.375494071971396,46.08784671074999,50.0
1799.0,50.375494071971396,46.08781991110639,50.0
1800.0,50.375494071971396,46.08779313405802,50.0
1801.0,50.375494071971396,46.08776637957317,50.0
1802.0,50.375494071971396,46.08773964762019,50.0
1803.0,50.375494071971396,46.08771293816753,50.0
1804.0,50.375494071971396,46.08768625118372,50.0
1805.0,50.375494071971396,46.0876595866373,50.0
1806.0,50.375494071971396,46.087632944496875,50.0
1807.0,50.375494071971396,46.08760632473116,50.0
1808.0,50.375494071971396,46.0875797273089,50.0
1809.0,50.375494071971396,46.0875531521989,50.0
1810.0,50.375494071971396,46.08752659937002,50.0
1811.0,50.375494071971396,46.0875000687912,50.0
1812.0,50.375494071971396,46.08747356043146,50.0
1813.0,50.375494071971396,46.087447074259806,50.0
1814.0,50.375494071971396,46.08742061024533,50.0
1815.0,50.375494071971396,46.08739416835726,50.0
1816.0,50.375494071971396,46.08736774856481,50.0
1817.0,50.375494071971396,46.087341350837235,50.0
1818.0,50.375494071971396,46.08731497514393,50.0
1819.0,50.375494071971396,46.0872886214543,50.0
1820.0,50.375494071971396,46.08726228973778,50.0
1821.0,50.375494071971396,46.08723597996392,50.0
1822.0,50.375494071971396,46.08720969210234,50.0
1823.0,50.375494071971396,46.087183426122614,50.0
1824.0,50.375494071971396,46.087157181994506,50.0
1825.0,50.375494071971396,46.08713095968777,50.0
1826.0,50.375494071971396,46.08710475917222,50.0
1827.0,50.375494071971396,46.08707858041774,50.0
1828.0,50.375494071971396,46.08705242339425,50.0
1829.0,50.375494071971396,46.08702628807176,50.0
1830.0,50.375494071971396,46.08700017442029,50.0
1831.0,50.375494071971396,46.08697408241005,50.0
1832.0,50.375494071971396,46.08694801201114,50.0
1833.0,50.375494071971396,46.086921963193745,50.0
1834.0,50.375494071971396,46.08689593592824,50.0
1835.0,50.375494071971396,46.086869930184896,50.0
1836.0,50.375494071971396,46.08684394593417,50.0
1837.0,50.375494071971396,46.08681798314645,50.0
1838.0,50.375494071971396,46.08679204179233,50.0
1839.0,50.375494071971396,46.08676612184231,50.0
1840.0,50.375494071971396,46.08674022326704,50.0
1841.0,50.375494071971396,46.0867143460372,50.0
1842.0,50.375494071971396,46.086688490123535,50.0
1843.0,50.375494071971396,46.08666265549683,50.0
1844.0,50.375494071971396,46.08663684212792,50.0
1845.0,50.375494071971396,46.08661104998775,50.0
1846.0,50.375494071971396,46.08658527904727,50.0
1847.0,50.375494071971396,46.08655952927747,50.0
1848.0,50.375494071971396,46.08653380064946,50.0
1849.0,50.375494071971396,46.086508093134306,50.0
1850.0,50.375494071971396,46.08648240670325,50.0
1851.0,50.375494071971396,46.08645674132751,50.0
1852.0,50.375494071971396,46.08643109697838,50.0
1853.0,50.375494071971396,46.0864054736272,50.0
1854.0,50.375494071971396,46.0863798712454,50.0
1855.0,50.375494071971396,46.086354289804355,50.0
1856.0,50.375494071971396,46.08632872927569,50.0
1857.0,50.375494071971396,46.08630318963087,50.0
1858.0,50.375494071971396,46.08627767084159,50.0
1859.0,50.375494071971396,46.08625217287942,50.0
1860.0,50.375494071971396,46.08622669571619,50.0
1861.0,50.375494071971396,46.08620123932367,50.0
1862.0,50.375494071971396,46.0861758036736,50.0
1863.0,50.375494071971396,46.08615038873797,50.0
1864.0,50.375494071971396,46.08612499448866,50.0
1865.0,50.375494071971396,46.0860996208977,50.0
1866.0,50.375494071971396,46.08607426793711,50.0
1867.0,50.375494071971396,46.086048935578994,50.0
1868.0,50.375494071971396,46.086023623795526,50.0
1869.0,50.375494071971396,46.08599833255884,50.0
1870.0,50.375494071971396,46.08597306184128,50.0
1871.0,50.375494071971396,46.085947811615114,50.0
1872.0,50.375494071971396,46.08592258185266,50.0
1873.0,50.375494071971396,46.08589737252641,50.0
1874.0,50.375494071971396,46.08587218360879,50.0
1875.0,50.375494071971396,46.08584701507233,50.0
1876.0,50.375494071971396,46.08582186688959,50.0
1877.0,50.375494071971396,46.085796739033164,50.0
1878.0,50.375494071971396,46.085771631475744,50.0
1879.0,50.375494071971396,46.0857465441901,50.0
1880.0,50.375494071971396,46.08572147714892,50.0
1881.0,50.375494071971396,46.085696430325086,50.0
1882.0,50.375494071971396,46.08567140369146,50.0
1883.0,50.375494071971396,46.085646397220984,50.0
1884.0,50.375494071971396,46.085621410886596,50.0
1885.0,50.375494071971396,46.085596444661334,50.0
1886.0,50.375494071971396,46.085571498518334,50.0
1887.0,50.375494071971396,46.085546572430644,50.0
1888.0,50.375494071971396,46.08552166637153,50.0
1889.0,50.375494071971396,46.085496780314124,50.0
1890.0,50.375494071971396,46.085471914231775,50.0
1891.0,50.375494071971396,46.08544706809778,50.0
1892.0,50.375494071971396,46.08542224188554,50.0
1893.0,50.375494071971396,46.085397435568446,50.0
1894.0,50.375494071971396,46.08537264912004,50.0
1895.0,50.375494071971396,46.08534788251381,50.0
1896.0,50.375494071971396,46.08532313572332,50.0
1897.0,50.375494071971396,46.08529840872223,50.0
1898.0,50.375494071971396,46.085273701484134,50.0
1899.0,50.375494071971396,46.08524901398289,50.0
1900.0,50.375494071971396,46.08522434619215,50.0
1901.0,50.375494071971396,46.085199698085816,50.0
1902.0,50.375494071971396,46.08517506963772,50.0
1903.0,50.375494071971396,46.08515046082175,50.0
1904.0,50.375494071971396,46.08512587161194,50.0
1905.0,50.375494071971396,46.08510130198228,50.0
1906.0,50.375494071971396,46.085076751906826,50.0
1907.0,50.375494071971396,46.08505222135969,50.0
1908.0,50.375494071971396,46.08502771031502,50.0
1909.0,50.375494071971396,46.08500321874704,50.0
1910.0,50.375494071971396,46.08497874663,50.0
1911.0,50.375494071971396,46.08495429393822,50.0
1912.0,50.375494071971396,46.08492986064598,50.0
1913.0,50.375494071971396,46.084905446727745,50.0
1914.0,50.375494071971396,46.084881052157954,50.0
1915.0,50.375494071971396,46.084856676911095,50.0
1916.0,50.375494071971396,46.08483232096172,50.0
1917.0,50.375494071971396,46.08480798428434,50.0
1918.0,50.375494071971396,46.08478366685367,50.0
1919.0,50.375494071971396,46.08475936864432,50.0
1920.0,50.375494071971396,46.08473508963107,50.0
1921.0,50.375494071971396,46.08471082978869,50.0
1922.0,50.375494071971396,46.08468658909195,50.0
1923.0,50.375494071971396,46.08466236751576,50.0
1924.0,50.375494071971396,46.08463816503502,50.0
1925.0,50.375494071971396,46.08461398162469,50.0
1926.0,50.375494071971396,46.084589817259754,50.0
1927.0,50.375494071971396,46.08456567191528,50.0
1928.0,50.375494071971396,46.0845415455663,50.0
1929.0,50.375494071971396,46.08451743818802,50.0
1930.0,50.375494071971396,46.08449334975562,50.0
1931.0,50.375494071971396,46.084469280244335,50.0
1932.0,50.375494071971396,46.08444522962941,50.0
1933.0,50.375494071971396,46.08442119788616,50.0
1934.0,50.375494071971396,46.08439718498998,50.0
1935.0,50.375494071971396,46.084373190916246,50.0
1936.0,50.375494071971396,46.08434921564046,50.0
1937.0,50.375494071971396,46.08432525913811,50.0
1938.0,50.375494071971396,46.084301321384714,50.0
1939.0,50.375494071971396,46.08427740235585,50.0
1940.0,50.375494071971396,46.08425350202723,50.0
1941.0,50.375494071971396,46.08422962037441,50.0
1942.0,50.375494071971396,46.084205757373205,50.0
1943.0,50.375494071971396,46.08418191299935,50.0
1944.0,50.375494071971396,46.08415808722866,50.0
1945.0,50.375494071971396,46.08413428003698,50.0
1946.0,50.375494071971396,46.08411049140024,50.0
1947.0,50.375494071971396,46.08408672129435,50.0
1948.0,50.375494071971396,46.08406296969532,50.0
1949.0,50.375494071971396,46.084039236579116,50.0
1950.0,50.375494071971396,46.0840155219219,50.0
1951.0,50.375494071971396,46.08399182569973,50.0
1952.0,50.375494071971396,46.083968147888726,50.0
1953.0,50.375494071971396,46.08394448846517,50.0
1954.0,50.375494071971396,46.08392084740529,50.0
1955.0,50.375494071971396,46.08389722468537,50.0
1956.0,50.375494071971396,46.0838736202817,50.0
1957.0,50.375494071971396,46.08385003417068,50.0
1958.0,50.375494071971396,46.083826466328716,50.0
1959.0,50.375494071971396,46.08380291673232,50.0
1960.0,50.375494071971396,46.083779385357936,50.0
1961.0,50.375494071971396,46.083755872182095,50.0
1962.0,50.375494071971396,46.08373237718142,50.0
1963.0,50.375494071971396,46.083708900332525,50.0
1964.0,50.375494071971396,46.083685441612054,50.0
1965.0,50.375494071971396,46.08366200099674,50.0
1966.0,50.375494071971396,46.083638578463336,50.0
1967.0,50.375494071971396,46.08361517398864,50.0
1968.0,50.375494071971396,46.08359178754953,50.0
1969.0,50.375494071971396,46.0835684191228,50.0
1970.0,50.375494071971396,46.083545068685396,50.0
1971.0,50.375494071971396,46.083521736214294,50.0
1972.0,50.375494071971396,46.0834984216865,50.0
1973.0,50.375494071971396,46.08347512507905,50.0
1974.0,50.375494071971396,46.083451846369,50.0
1975.0,50.375494071971396,46.08342858553349,50.0
1976.0,50.375494071971396,46.0834053425497,50.0
1977.0,50.375494071971396,46.08338211739487,50.0
1978.0,50.375494071971396,46.08335891004615,50.0
1979.0,50.375494071971396,46.08333572048092,50.0
1980.0,50.375494071971396,46.08331254867646,50.0
1981.0,50.375494071971396,46.083289394610155,50.0
1982.0,50.375494071971396,46.0832662582594,50.0
1983.0,50.375494071971396,46.08324313960163,50.0
1984.0,50.375494071971396,46.08322003861439,50.0
1985.0,50.375494071971396,46.08319695527513,50.0
1986.0,50.375494071971396,46.08317388956149,50.0
1987.0,50.375494071971396,46.083150841451044,50.0
1988.0,50.375494071971396,46.083127810921475,50.0
1989.0,50.375494071971396,46.08310479795042,50.0
1990.0,50.375494071971396,46.0830818025156,50.0
1991.0,50.375494071971396,46.08305882459484,50.0
1992.0,50.375494071971396,46.08303586416592,50.0
1993.0,50.375494071971396,46.08301292120668,50.0
1994.0,50.375494071971396,46.08298999569501,50.0
1995.0,50.375494071971396,46.082967087608836,50.0
1996.0,50.375494071971396,46.08294419692616,50.0
1997.0,50.375494071971396,46.08292132362486,50.0
1998.0,50.375494071971396,46.082898467683115,50.0
1999.0,50.375494071971396,46.08287562907895,50.0
2000.0,50.375494071971396,46.08285280779045,50.0
