"tick","donation-normed-big","donation-big group","donation-valued-big"
1.0,63.15745767935101,50.005593152418975,50.0
2.0,63.15745767935101,50.00962263619801,50.0
3.0,63.15745767935101,50.01443395429701,50.0
4.0,63.15745767935101,50.01924527239602,50.0
5.0,63.15745767935101,50.021310675888806,50.0
6.0,63.15745767935101,50.060287551344125,50.0
7.0,63.15745767935101,50.166237683624445,50.0
8.0,63.15745767935101,50.45424000292484,50.0
9.0,63.15745767935101,51.23711147403314,50.0
10.0,63.15745767935101,53.289845724960855,50.0
11.0,63.15745767935101,53.360651109783284,50.0
12.0,63.15745767935101,53.42241019919688,50.0
13.0,63.15745767935101,53.4768985521956,50.0
14.0,63.15745767935101,53.52543924862983,50.0
15.0,63.15745767935101,53.56904110762213,50.0
16.0,63.15745767935101,53.6084885742544,50.0
17.0,63.15745767935101,53.64440205661486,50.0
18.0,63.15745767935101,53.67727954758832,50.0
19.0,63.15745767935101,53.70752602643772,50.0
20.0,63.15745767935101,53.735474665930646,50.0
21.0,63.15745767935101,53.76140241418657,50.0
22.0,63.15745767935101,53.78554163368312,50.0
23.0,63.15745767935101,53.80808892474946,50.0
24.0,63.15745767935101,53.829211904607384,50.0
25.0,63.15745767935101,53.8490544792047,50.0
26.0,63.15745767935101,53.867740988508444,50.0
27.0,63.15745767935101,53.88537949913322,50.0
28.0,63.15745767935101,53.90206444412062,50.0
29.0,63.15745767935101,53.91787875753362,50.0
30.0,63.15745767935101,53.9328956142864,50.0
31.0,63.15745767935101,53.947179858687036,50.0
32.0,63.15745767935101,53.96078918544271,50.0
33.0,63.15745767935101,53.97377512227369,50.0
34.0,63.15745767935101,53.98618385235582,50.0
35.0,63.15745767935101,53.99805690656044,50.0
36.0,63.15745767935101,54.00943174917156,50.0
37.0,63.15745767935101,54.020342275925366,50.0
38.0,63.15745767935101,54.03081923947298,50.0
39.0,63.15745767935101,54.04089061444306,50.0
40.0,63.15745767935101,54.05058191198337,50.0
41.0,63.15745767935101,54.05991645184139,50.0
42.0,63.15745767935101,54.06891559859603,50.0
43.0,63.15745767935101,54.0775989674921,50.0
44.0,63.15745767935101,54.08598460439459,50.0
45.0,63.15745767935101,54.0940891436224,50.0
46.0,63.15745767935101,54.101927946804985,50.0
47.0,63.15745767935101,54.10951522540071,50.0
48.0,63.15745767935101,54.11686414910139,50.0
49.0,63.15745767935101,54.123986942005025,50.0
50.0,63.15745767935101,54.13089496815534,50.0
51.0,63.15745767935101,54.13759880780973,50.0
52.0,57.879137558712706,54.14410832560074,50.0
53.0,57.16714331475871,54.148555447932786,50.0
54.0,57.16714331475871,54.15370975824343,50.0
55.0,57.16714331475871,54.15869562687941,50.0
56.0,57.16714331475871,54.16352060764171,50.0
57.0,57.16714331475871,54.16926319142361,50.0
58.0,57.16714331475871,54.1599521489809,50.0
59.0,57.16714331475871,54.13114804087651,50.0
60.0,57.16714331475871,54.04347659459768,50.0
61.0,57.16714331475871,53.79602463053016,50.0
62.0,57.16714331475871,53.14386454815897,50.0
63.0,57.0003572080634,53.49812999093246,50.0
64.0,57.0003572080634,53.49114781262853,50.0
65.0,57.0003572080634,53.48523087060914,50.0
66.0,57.0003572080634,53.48019322760985,50.0
67.0,57.0003572080634,53.475888238897156,50.0
68.0,57.0003572080634,53.472566458368156,50.0
69.0,57.0003572080634,53.46482479677806,50.0
70.0,57.0003572080634,53.448562119947084,50.0
71.0,57.0003572080634,53.408310259972076,50.0
72.0,57.0003572080634,53.302141963052385,50.0
73.0,57.0003572080634,53.026270091720846,50.0
74.0,57.0003572080634,53.015953134437275,50.0
75.0,57.0003572080634,53.00706317341497,50.0
76.0,57.0003572080634,52.99933576340783,50.0
77.0,57.0003572080634,52.99257084258778,50.0
78.0,57.0003572080634,52.98661358770654,50.0
79.0,57.0003572080634,52.98134186441802,50.0
80.0,57.0003572080634,52.97665773090529,50.0
81.0,57.0003572080634,52.972481523605325,50.0
82.0,57.0003572080634,52.9687476396511,50.0
83.0,57.0003572080634,52.96540146486877,50.0
84.0,57.0003572080634,52.962397093895675,50.0
85.0,57.0003572080634,52.95969560975925,50.0
86.0,57.0003572080634,52.957263766144415,50.0
87.0,57.0003572080634,52.955072964478745,50.0
88.0,57.0003572080634,52.95309845020162,50.0
89.0,57.0003572080634,52.95131867427183,50.0
90.0,57.0003572080634,52.94971478083716,50.0
91.0,57.0003572080634,52.94827019235311,50.0
92.0,57.0003572080634,52.94697027077958,50.0
93.0,57.0003572080634,52.94580203875471,50.0
94.0,57.0003572080634,52.94475394848341,50.0
95.0,57.0003572080634,52.94381568890316,50.0
96.0,57.0003572080634,52.94297802379689,50.0
97.0,57.0003572080634,52.94223265510749,50.0
98.0,57.0003572080634,52.94157210691397,50.0
99.0,57.0003572080634,52.94098962645478,50.0
100.0,57.0003572080634,52.94047909929826,50.0
101.0,57.0003572080634,52.94003497631984,50.0
102.0,57.0003572080634,52.93965221058337,50.0
103.0,57.0003572080634,52.93932620257148,50.0
104.0,57.0003572080634,52.939052752486944,50.0
105.0,57.0003572080634,52.93882801856824,50.0
106.0,57.0003572080634,52.93864848054214,50.0
107.0,57.0003572080634,52.93851090748092,50.0
108.0,57.0003572080634,52.93841232945019,50.0
109.0,57.0003572080634,52.93835001243059,50.0
110.0,57.0003572080634,52.93832143607667,50.0
111.0,57.0003572080634,52.938324273941646,50.0
112.0,57.0003572080634,52.938356375852784,50.0
113.0,57.0003572080634,52.93841575216704,50.0
114.0,57.0003572080634,52.938500559675795,50.0
115.0,56.84717257411817,52.93860908895922,50.0
116.0,56.84717257411817,52.938092628990695,50.0
117.0,56.84717257411817,52.93759682898164,50.0
118.0,56.84717257411817,52.93712031705928,50.0
119.0,56.84717257411817,52.9366618159431,50.0
120.0,56.84717257411817,52.93658946189253,50.0
121.0,56.84717257411817,52.93156821196456,50.0
122.0,56.84717257411817,52.91755370906518,50.0
123.0,56.84717257411817,52.87906682751819,50.0
124.0,56.84717257411817,52.77403266744722,50.0
125.0,56.84717257411817,52.498213458684,50.0
126.0,56.84717257411817,52.48897556376225,50.0
127.0,56.84717257411817,52.48096481987399,50.0
128.0,56.84717257411817,52.473941718143934,50.0
129.0,56.84717257411817,52.46772765154965,50.0
130.0,56.84717257411817,52.46218632145796,50.0
131.0,56.84717257411817,52.45721164504164,50.0
132.0,56.84717257411817,52.45271963735641,50.0
133.0,56.84717257411817,52.448642810828815,50.0
134.0,56.84717257411817,52.44492621855113,50.0
135.0,56.84717257411817,52.44152459990111,50.0
136.0,56.84717257411817,52.438400282917065,50.0
137.0,56.84717257411817,52.43552161712634,50.0
138.0,56.84717257411817,52.43286178518908,50.0
139.0,56.84717257411817,52.43039788963891,50.0
140.0,56.84717257411817,52.42811024245063,50.0
141.0,56.84717257411817,52.42598180622651,50.0
142.0,56.84717257411817,52.4239977501568,50.0
143.0,56.84717257411817,52.4221450938716,50.0
144.0,56.84717257411817,52.420412419316854,50.0
145.0,56.84717257411817,52.41878963579673,50.0
146.0,56.84717257411817,52.417267786949154,50.0
147.0,56.84717257411817,52.415838891075005,50.0
148.0,56.84717257411817,52.41449580820645,50.0
149.0,56.84717257411817,52.41323212876949,50.0
150.0,56.84717257411817,52.41204207980595,50.0
151.0,56.84717257411817,52.4109204455668,50.0
152.0,56.84717257411817,52.409862499938534,50.0
153.0,56.84717257411817,52.40886394866875,50.0
154.0,56.84717257411817,52.40792087975068,50.0
155.0,56.84717257411817,52.407029720634796,50.0
156.0,56.84717257411817,52.40618720118201,50.0
157.0,56.84717257411817,52.40539032146611,50.0
158.0,56.84717257411817,52.40463632369103,50.0
159.0,56.84717257411817,52.40392266761298,50.0
160.0,56.84717257411817,52.40324700896066,50.0
161.0,56.84717257411817,52.40260718042858,50.0
162.0,56.68767629322233,52.40200117488806,50.0
163.0,56.68767629322233,52.400771766464786,50.0
164.0,56.52821206848714,52.39957258947718,50.0
165.0,56.52821206848714,52.39913126493752,50.0
166.0,56.52821206848714,52.398717062857614,50.0
167.0,56.37519983780546,52.39870261334586,50.0
168.0,56.37519983780546,52.39302935327362,50.0
169.0,56.37519983780546,52.377840472485374,50.0
170.0,56.37519983780546,52.343470276496866,50.0
171.0,56.37519983780546,52.25186428896498,50.0
172.0,56.37519983780546,52.015273360556904,50.0
173.0,56.37519983780546,52.11864293638098,50.0
174.0,56.37519983780546,52.40660721270283,50.0
175.0,56.37519983780546,52.37038746244389,50.0
176.0,56.37519983780546,52.266211475324,50.0
177.0,56.37519983780546,51.988639474080244,50.0
178.0,56.37519983780546,51.980728106567945,50.0
179.0,56.37519983780546,51.97379624049714,50.0
180.0,56.37519983780546,51.96765243954496,50.0
181.0,56.37519983780546,51.96215474572917,50.0
182.0,56.37519983780546,51.95719526861114,50.0
183.0,56.37519983780546,51.9526902725664,50.0
184.0,56.37519983780546,51.94857358457962,50.0
185.0,56.37519983780546,51.94479208251576,50.0
186.0,56.37519983780546,51.94130252906087,50.0
187.0,56.37519983780546,51.938069300610906,50.0
188.0,56.37519983780546,51.935062726135996,50.0
189.0,56.37519983780546,51.93225785094826,50.0
190.0,56.37519983780546,51.9296335022774,50.0
191.0,56.37519983780546,51.92717157300691,50.0
192.0,56.37519983780546,51.92485646562493,50.0
193.0,56.37519983780546,51.9226746555376,50.0
194.0,56.37519983780546,51.92061434448435,50.0
195.0,56.37519983780546,51.91866518278833,50.0
196.0,56.37519983780546,51.916818044778694,50.0
197.0,56.37519983780546,51.915064845705224,50.0
198.0,56.37519983780546,51.91339839133731,50.0
199.0,56.37519983780546,51.91181225353513,50.0
200.0,56.37519983780546,51.91030066662684,50.0
201.0,56.37519983780546,51.908858440580055,50.0
202.0,56.37519983780546,51.907480887825926,50.0
203.0,56.37519983780546,51.90616376125467,50.0
204.0,56.37519983780546,51.904903201410654,50.0
205.0,56.37519983780546,51.9036956913059,50.0
206.0,56.37519983780546,51.90253801757926,50.0
207.0,56.37519983780546,51.90142723696699,50.0
208.0,56.37519983780546,51.90036064724237,50.0
209.0,56.37519983780546,51.89933576193169,50.0
210.0,56.37519983780546,51.89835028823706,50.0
211.0,56.37519983780546,51.89740210769193,50.0
212.0,56.37519983780546,51.896489259156304,50.0
213.0,56.37519983780546,51.89560992382152,50.0
214.0,56.37519983780546,51.894762411948,50.0
215.0,56.37519983780546,51.89394515110236,50.0
216.0,56.37519983780546,51.8931566756958,50.0
217.0,56.37519983780546,51.89239561765595,50.0
218.0,56.37519983780546,51.891660698088636,50.0
219.0,56.37519983780546,51.89095071980639,50.0
220.0,56.37519983780546,51.890264560618945,50.0
221.0,56.37519983780546,51.889601167294,50.0
222.0,56.37519983780546,51.88895955011063,50.0
223.0,56.37519983780546,51.88833877793651,50.0
224.0,56.37519983780546,51.88773797377048,50.0
225.0,56.37519983780546,51.887156310698245,50.0
226.0,56.37519983780546,51.88659300821711,50.0
227.0,56.37519983780546,51.88604732888927,50.0
228.0,56.37519983780546,51.88551857529009,50.0
229.0,56.37519983780546,51.885006087220056,50.0
230.0,56.37519983780546,51.884509239154205,50.0
231.0,56.37519983780546,51.88402743790492,50.0
232.0,56.37519983780546,51.88356012047711,50.0
233.0,56.37519983780546,51.88310675209744,50.0
234.0,56.37519983780546,51.88266682440063,50.0
235.0,56.37519983780546,51.88223985375824,50.0
236.0,56.37519983780546,51.881825379736895,50.0
237.0,56.37519983780546,51.88142296367375,50.0
238.0,56.37519983780546,51.88103218735932,50.0
239.0,56.37519983780546,51.88065265181727,50.0
240.0,56.37519983780546,51.88028397617384,50.0
241.0,56.37519983780546,51.87992579660795,50.0
242.0,56.37519983780546,51.87957776537621,50.0
243.0,56.37519983780546,51.879239549905954,50.0
244.0,56.37519983780546,51.8789108319509,50.0
245.0,56.37519983780546,51.87859130680407,50.0
246.0,56.37519983780546,51.87828068256409,50.0
247.0,56.37519983780546,51.87797867944955,50.0
248.0,56.37519983780546,51.87768502915867,50.0
249.0,56.37519983780546,51.87739947427018,50.0
250.0,56.37519983780546,51.8771217676823,50.0
251.0,56.37519983780546,51.87685167208745,50.0
252.0,56.37519983780546,51.876588959479285,50.0
253.0,56.37519983780546,51.87633341069021,50.0
254.0,56.37519983780546,51.876084814957046,50.0
255.0,56.37519983780546,51.87584296951268,50.0
256.0,56.37519983780546,51.87560767920206,50.0
257.0,56.37519983780546,51.87537875612055,50.0
258.0,56.37519983780546,51.875156019273476,50.0
259.0,56.37519983780546,51.87493929425507,50.0
260.0,56.37519983780546,51.87472841294564,50.0
261.0,56.37519983780546,51.87452321322567,50.0
262.0,56.37519983780546,51.874323538706065,50.0
263.0,56.37519983780546,51.87412923847273,50.0
264.0,56.37519983780546,51.873940166845465,50.0
265.0,56.37519983780546,51.87375618314956,50.0
266.0,56.37519983780546,51.87357715149966,50.0
267.0,56.37519983780546,51.8734029405949,50.0
268.0,56.37519983780546,51.873233423524866,50.0
269.0,56.37519983780546,51.87306847758538,50.0
270.0,56.37519983780546,51.87290798410388,50.0
271.0,56.37519983780546,51.87275182827344,50.0
272.0,56.37519983780546,51.87259989899532,50.0
273.0,56.37519983780546,51.872452088729105,50.0
274.0,56.37519983780546,51.87230829335033,50.0
275.0,56.37519983780546,51.87216841201509,50.0
276.0,56.37519983780546,51.87203234703099,50.0
277.0,56.37519983780546,51.87190000373442,50.0
278.0,56.37519983780546,51.871771290373566,50.0
279.0,56.37519983780546,51.871646117996974,50.0
280.0,56.37519983780546,51.87152440034722,50.0
281.0,56.37519983780546,51.871406053759415,50.0
282.0,56.37519983780546,51.8712909970646,50.0
283.0,56.37519983780546,51.87117915149723,50.0
284.0,56.37519983780546,51.87107044060702,50.0
285.0,56.37519983780546,51.870964790174455,50.0
286.0,56.37519983780546,51.870862128130405,50.0
287.0,56.37519983780546,51.87076238447893,50.0
288.0,56.37519983780546,51.870665491223555,50.0
289.0,56.37519983780546,51.8705713822967,50.0
290.0,56.37519983780546,51.87047999349229,50.0
291.0,56.37519983780546,51.8703912624008,50.0
292.0,56.37519983780546,51.87030512834755,50.0
293.0,56.37519983780546,51.87022153233314,50.0
294.0,56.37519983780546,51.87014041697661,50.0
295.0,56.37519983780546,51.87006172646083,50.0
296.0,56.37519983780546,51.86998540648015,50.0
297.0,56.37519983780546,51.86991140419007,50.0
298.0,56.37519983780546,51.869839668159074,50.0
299.0,56.37519983780546,51.86977014832229,50.0
300.0,56.37519983780546,51.869702795937016,50.0
301.0,56.37519983780546,51.86963756353991,50.0
302.0,56.37519983780546,51.86957440490602,50.0
303.0,56.37519983780546,51.86951327500916,50.0
304.0,56.37519983780546,51.869454129984064,50.0
305.0,56.37519983780546,51.86939692708973,50.0
306.0,56.37519983780546,51.86934162467437,50.0
307.0,56.37519983780546,51.86928818214153,50.0
308.0,56.37519983780546,51.86923655991757,50.0
309.0,56.37519983780546,51.86918671942019,50.0
310.0,56.37519983780546,51.869138623028434,50.0
311.0,56.37519983780546,51.869092234053355,50.0
312.0,56.37519983780546,51.86904751671014,50.0
313.0,56.37519983780546,51.869004436090954,50.0
314.0,56.37519983780546,51.86896295813902,50.0
315.0,56.37519983780546,51.86892304962334,50.0
316.0,56.37519983780546,51.86888467811455,50.0
317.0,56.37519983780546,51.86884781196143,50.0
318.0,56.37519983780546,51.86881242026848,50.0
319.0,56.37519983780546,51.868778472873906,50.0
320.0,56.37519983780546,51.86874594032878,50.0
321.0,56.37519983780546,51.86871479387661,50.0
322.0,56.37519983780546,51.868685005433775,50.0
323.0,56.37519983780546,51.86865654757044,50.0
324.0,56.37519983780546,51.8686293934924,50.0
325.0,56.37519983780546,51.8686035170232,50.0
326.0,56.37519983780546,51.86857889258718,50.0
327.0,56.37519983780546,51.86855549519272,50.0
328.0,56.37519983780546,51.86853330041643,50.0
329.0,56.37519983780546,51.86851228438745,50.0
330.0,56.37519983780546,51.86849242377265,50.0
331.0,56.37519983780546,51.868473695762034,50.0
332.0,56.37519983780546,51.86845607805464,50.0
333.0,56.37519983780546,51.868439548845124,50.0
334.0,56.37519983780546,51.868424086810386,50.0
335.0,56.37519983780546,51.86840967109701,50.0
336.0,56.37519983780546,51.86839628130882,50.0
337.0,56.37519983780546,51.86838389749494,50.0
338.0,56.37519983780546,51.868372500138214,50.0
339.0,56.37519983780546,51.868362070143924,50.0
340.0,56.37519983780546,51.86835258882907,50.0
341.0,56.37519983780546,51.86834403791157,50.0
342.0,56.37519983780546,51.868336399500244,50.0
343.0,56.37519983780546,51.86832965608477,50.0
344.0,56.37519983780546,51.8683237905261,50.0
345.0,56.37519983780546,51.86831878604712,50.0
346.0,56.37519983780546,51.868314626223615,50.0
347.0,56.37519983780546,51.8683112949754,50.0
348.0,56.37519983780546,51.86830877655791,50.0
349.0,56.37519983780546,51.86830705555378,50.0
350.0,56.37519983780546,51.86830611686493,50.0
351.0,56.37519983780546,51.86830594570466,50.0
352.0,56.37519983780546,51.86830652759019,50.0
353.0,56.37519983780546,51.86830784833513,50.0
354.0,56.37519983780546,51.86830989404249,50.0
355.0,56.37519983780546,51.86831265109761,50.0
356.0,56.37519983780546,51.86831610616146,50.0
357.0,56.37519983780546,51.86832024616409,50.0
358.0,56.37519983780546,51.86832505829824,50.0
359.0,56.37519983780546,51.868330530013125,50.0
360.0,56.37519983780546,51.868336649008405,50.0
361.0,56.37519983780546,51.86834340322835,50.0
362.0,56.37519983780546,51.868350780856126,50.0
363.0,56.37519983780546,51.86835877030822,50.0
364.0,56.37519983780546,51.86836736022914,50.0
365.0,56.37519983780546,51.868376539486015,50.0
366.0,56.37519983780546,51.86838629716371,50.0
367.0,56.37519983780546,51.868396622559565,50.0
368.0,56.37519983780546,51.86840750517893,50.0
369.0,56.37519983780546,51.868418934730066,50.0
370.0,56.37519983780546,51.868430901119844,50.0
371.0,56.37519983780546,51.86844339444922,50.0
372.0,56.37519983780546,51.8684564050088,50.0
373.0,56.37519983780546,51.868469923274795,50.0
374.0,56.37519983780546,51.868483939904635,50.0
375.0,56.37519983780546,51.86849844573324,50.0
376.0,56.37519983780546,51.86851343176894,50.0
377.0,56.37519983780546,51.86852888918973,50.0
378.0,56.37519983780546,51.868544809339525,50.0
379.0,56.37519983780546,51.86856118372462,50.0
380.0,56.37519983780546,51.86857800401004,50.0
381.0,56.37519983780546,51.868595262016214,50.0
382.0,56.37519983780546,51.868612949715676,50.0
383.0,56.37519983780546,51.86863105922963,50.0
384.0,56.37519983780546,51.86864958282484,50.0
385.0,56.37519983780546,51.86866851291068,50.0
386.0,56.37519983780546,51.868687842035925,50.0
387.0,56.37519983780546,51.86870756288579,50.0
388.0,56.37519983780546,51.868727668279256,50.0
389.0,56.37519983780546,51.868748151165995,50.0
390.0,56.37519983780546,51.8687690046239,50.0
391.0,56.37519983780546,51.86879022185615,50.0
392.0,56.37519983780546,51.86881179618891,50.0
393.0,56.37519983780546,51.86883372106846,50.0
394.0,56.37519983780546,51.86885599005895,50.0
395.0,56.37519983780546,51.868878596839835,50.0
396.0,56.37519983780546,51.868901535203655,50.0
397.0,56.37519983780546,51.868924799053595,50.0
398.0,56.37519983780546,51.868948382401285,50.0
399.0,56.37519983780546,51.868972279364584,50.0
400.0,56.37519983780546,51.868996484165486,50.0
401.0,56.37519983780546,51.86902099112792,50.0
402.0,56.37519983780546,51.869045794675834,50.0
403.0,56.37519983780546,51.869070889331056,50.0
404.0,56.37519983780546,51.869096269711406,50.0
405.0,56.37519983780546,51.86912193052881,50.0
406.0,56.37519983780546,51.8691478665874,50.0
407.0,56.37519983780546,51.86917407278169,50.0
408.0,56.37519983780546,51.869200544094824,50.0
409.0,56.37519983780546,51.869227275596735,50.0
410.0,56.37519983780546,51.869254262442674,50.0
411.0,56.37519983780546,51.869281499871235,50.0
412.0,56.37519983780546,51.86930898320298,50.0
413.0,56.37519983780546,51.8693367078387,50.0
414.0,56.37519983780546,51.869364669258026,50.0
415.0,56.37519983780546,51.869392863017694,50.0
416.0,56.37519983780546,51.86942128475023,50.0
417.0,56.37519983780546,51.869449930162425,50.0
418.0,56.37519983780546,51.86947879503395,50.0
419.0,56.37519983780546,51.869507875215895,50.0
420.0,56.37519983780546,51.86953716662954,50.0
421.0,56.37519983780546,51.86956666526488,50.0
422.0,56.37519983780546,51.86959636717946,50.0
423.0,56.37519983780546,51.86962626849697,50.0
424.0,56.37519983780546,51.86965636540613,50.0
425.0,56.37519983780546,51.86968665415941,50.0
426.0,56.37519983780546,51.869717131071795,50.0
427.0,56.37519983780546,51.8697477925197,50.0
428.0,56.37519983780546,51.86977863493983,50.0
429.0,56.37519983780546,51.86980965482798,50.0
430.0,56.37519983780546,51.86984084873804,50.0
431.0,56.37519983780546,51.869872213280786,50.0
432.0,56.37519983780546,51.86990374512308,50.0
433.0,56.37519983780546,51.86993544098658,50.0
434.0,56.37519983780546,51.869967297646895,50.0
435.0,56.37519983780546,51.869999311932524,50.0
436.0,56.37519983780546,51.870031480724,50.0
437.0,56.37519983780546,51.87006380095277,50.0
438.0,56.37519983780546,51.870096269600516,50.0
439.0,56.37519983780546,51.87012888369799,50.0
440.0,56.37519983780546,51.870161640324326,50.0
441.0,56.37519983780546,51.8701945366061,50.0
442.0,56.37519983780546,51.87022756971648,50.0
443.0,56.37519983780546,51.870260736874386,50.0
444.0,56.37519983780546,51.87029403534369,50.0
445.0,56.37519983780546,51.87032746243245,50.0
446.0,56.37519983780546,51.87036101549204,50.0
447.0,56.37519983780546,51.870394691916516,50.0
448.0,56.37519983780546,51.87042848914177,50.0
449.0,56.37519983780546,51.87046240464474,50.0
450.0,56.37519983780546,51.87049643594286,50.0
451.0,56.37519983780546,51.87053058059321,50.0
452.0,56.37519983780546,51.87056483619188,50.0
453.0,56.37519983780546,51.87059920037331,50.0
454.0,56.37519983780546,51.87063367080957,50.0
455.0,56.37519983780546,51.87066824520973,50.0
456.0,56.37519983780546,51.87070292131926,50.0
457.0,56.37519983780546,51.87073769691933,50.0
458.0,56.37519983780546,51.870772569826286,50.0
459.0,56.37519983780546,51.87080753789096,50.0
460.0,56.37519983780546,51.87084259899813,50.0
461.0,56.37519983780546,51.870877751065926,50.0
462.0,56.37519983780546,51.87091299204528,50.0
463.0,56.37519983780546,51.87094831991935,50.0
464.0,56.37519983780546,51.87098373270294,50.0
465.0,56.37519983780546,51.87101922844205,50.0
466.0,56.37519983780546,51.871054805213284,50.0
467.0,56.37519983780546,51.87109046112334,50.0
468.0,56.37519983780546,51.871126194308516,50.0
469.0,56.37519983780546,51.87116200293428,50.0
470.0,56.37519983780546,51.871197885194626,50.0
471.0,56.37519983780546,51.87123383931171,50.0
472.0,56.37519983780546,51.871269863535424,50.0
473.0,56.37519983780546,51.871305956142784,50.0
474.0,56.37519983780546,51.87134211543763,50.0
475.0,56.37519983780546,51.871378339750095,50.0
476.0,56.37519983780546,51.87141462743621,50.0
477.0,56.37519983780546,51.871450976877455,50.0
478.0,56.37519983780546,51.871487386480325,50.0
479.0,56.37519983780546,51.87152385467596,50.0
480.0,56.37519983780546,51.871560379919785,50.0
481.0,56.37519983780546,51.87159696069095,50.0
482.0,56.37519983780546,51.871633595492135,50.0
483.0,56.37519983780546,51.87167028284902,50.0
484.0,56.37519983780546,51.871707021309994,50.0
485.0,56.37519983780546,51.87174380944576,50.0
486.0,56.37519983780546,51.87178064584901,50.0
487.0,56.37519983780546,51.87181752913399,50.0
488.0,56.37519983780546,51.87185445793622,50.0
489.0,56.37519983780546,51.87189143091216,50.0
490.0,56.37519983780546,51.871928446738806,50.0
491.0,56.37519983780546,51.87196550411342,50.0
492.0,56.37519983780546,51.872002601753195,50.0
493.0,56.37519983780546,51.87203973839494,50.0
494.0,56.37519983780546,51.872076912794746,50.0
495.0,56.37519983780546,51.87211412372766,50.0
496.0,56.37519983780546,51.87215136998749,50.0
497.0,56.37519983780546,51.8721886503864,50.0
498.0,56.37519983780546,51.872225963754644,50.0
499.0,56.37519983780546,51.87226330894029,50.0
500.0,56.37519983780546,51.87230068480898,50.0
501.0,56.37519983780546,51.87233809024358,50.0
502.0,56.37519983780546,51.87237552414394,50.0
503.0,56.37519983780546,51.87241298542667,50.0
504.0,56.37519983780546,51.872450473024855,50.0
505.0,56.37519983780546,51.872487985887695,50.0
506.0,56.37519983780546,51.872525522980474,50.0
507.0,56.37519983780546,51.87256308328407,50.0
508.0,56.37519983780546,51.87260066579489,50.0
509.0,56.37519983780546,51.8726382695245,50.0
510.0,56.37519983780546,51.87267589349957,50.0
511.0,56.37519983780546,51.87271353676141,50.0
512.0,56.37519983780546,51.87275119836591,50.0
513.0,56.37519983780546,51.87278887738324,50.0
514.0,56.37519983780546,51.87282657289773,50.0
515.0,56.37519983780546,51.872864284007505,50.0
516.0,56.37519983780546,51.87290200982433,50.0
517.0,56.37519983780546,51.872939749473524,50.0
518.0,56.37519983780546,51.87297750209355,50.0
519.0,56.37519983780546,51.87301526683598,50.0
520.0,56.37519983780546,51.873053042865195,50.0
521.0,56.37519983780546,51.873090829358226,50.0
522.0,56.37519983780546,51.8731286255046,50.0
523.0,56.37519983780546,51.87316643050606,50.0
524.0,56.37519983780546,51.87320424357648,50.0
525.0,56.37519983780546,51.8732420639416,50.0
526.0,56.37519983780546,51.87327989083898,50.0
527.0,56.37519983780546,51.873317723517516,50.0
528.0,56.37519983780546,51.873355561237766,50.0
529.0,56.37519983780546,51.873393403271244,50.0
530.0,56.37519983780546,51.87343124890062,50.0
531.0,56.37519983780546,51.87346909741943,50.0
532.0,56.37519983780546,51.87350694813189,50.0
533.0,56.37519983780546,51.87354480035278,50.0
534.0,56.37519983780546,51.8735826534073,50.0
535.0,56.37519983780546,51.8736205066308,50.0
536.0,56.37519983780546,51.87365835936888,50.0
537.0,56.37519983780546,51.87369621097689,50.0
538.0,56.37519983780546,51.87373406082011,50.0
539.0,56.37519983780546,51.8737719082734,50.0
540.0,56.37519983780546,51.87380975272115,50.0
541.0,56.37519983780546,51.87384759355711,50.0
542.0,56.37519983780546,51.87388543018425,50.0
543.0,56.37519983780546,51.873923262014635,50.0
544.0,56.37519983780546,51.87396108846928,50.0
545.0,56.37519983780546,51.87399890897808,50.0
546.0,56.37519983780546,51.87403672297957,50.0
547.0,56.37519983780546,51.87407452992084,50.0
548.0,56.37519983780546,51.8741123292575,50.0
549.0,56.37519983780546,51.87415012045344,50.0
550.0,56.37519983780546,51.87418790298076,50.0
551.0,56.37519983780546,51.87422567631959,50.0
552.0,56.37519983780546,51.87426343995817,50.0
553.0,56.37519983780546,51.874301193392455,50.0
554.0,56.37519983780546,51.87433893612615,50.0
555.0,56.37519983780546,51.87437666767066,50.0
556.0,56.37519983780546,51.874414387544896,50.0
557.0,56.37519983780546,51.87445209527506,50.0
558.0,56.37519983780546,51.87448979039482,50.0
559.0,56.37519983780546,51.87452747244492,50.0
560.0,56.37519983780546,51.87456514097326,50.0
561.0,56.37519983780546,51.874602795534685,50.0
562.0,56.37519983780546,51.874640435691006,50.0
563.0,56.37519983780546,51.87467806101074,50.0
564.0,56.37519983780546,51.874715671069154,50.0
565.0,56.37519983780546,51.87475326544808,50.0
566.0,56.37519983780546,51.874790843735916,50.0
567.0,56.37519983780546,51.87482840552742,50.0
568.0,56.37519983780546,51.87486595042364,50.0
569.0,56.37519983780546,51.87490347803195,50.0
570.0,56.37519983780546,51.87494098796586,50.0
571.0,56.37519983780546,51.87497847984482,50.0
572.0,56.37519983780546,51.875015953294394,50.0
573.0,56.37519983780546,51.87505340794592,50.0
574.0,56.37519983780546,51.87509084343664,50.0
575.0,56.37519983780546,51.87512825940945,50.0
576.0,56.37519983780546,51.8751656555129,50.0
577.0,56.37519983780546,51.87520303140113,50.0
578.0,56.37519983780546,51.87524038673371,50.0
579.0,56.37519983780546,51.875277721175685,50.0
580.0,56.37519983780546,51.8753150343974,50.0
581.0,56.37519983780546,51.87535232607442,50.0
582.0,56.37519983780546,51.87538959588758,50.0
583.0,56.37519983780546,51.875426843522696,50.0
584.0,56.37519983780546,51.875464068670794,50.0
585.0,56.37519983780546,51.87550127102768,50.0
586.0,56.37519983780546,51.875538450294236,50.0
587.0,56.37519983780546,51.87557560617605,50.0
588.0,56.37519983780546,51.87561273838352,50.0
589.0,56.37519983780546,51.87564984663174,50.0
590.0,56.37519983780546,51.87568693064045,50.0
591.0,56.37519983780546,51.875723990133885,50.0
592.0,56.37519983780546,51.87576102484094,50.0
593.0,56.37519983780546,51.87579803449477,50.0
594.0,56.37519983780546,51.87583501883306,50.0
595.0,56.37519983780546,51.87587197759767,50.0
596.0,56.37519983780546,51.875908910534875,50.0
597.0,56.37519983780546,51.87594581739504,50.0
598.0,56.37519983780546,51.87598269793273,50.0
599.0,56.37519983780546,51.87601955190655,50.0
600.0,56.37519983780546,51.8760563790792,50.0
601.0,56.37519983780546,51.87609317921728,50.0
602.0,56.37519983780546,51.87612995209136,50.0
603.0,56.37519983780546,51.87616669747587,50.0
604.0,56.37519983780546,51.876203415149035,50.0
605.0,56.37519983780546,51.876240104892865,50.0
606.0,56.37519983780546,51.876276766493056,50.0
607.0,56.37519983780546,51.876313399738955,50.0
608.0,56.37519983780546,51.876350004423564,50.0
609.0,56.37519983780546,51.87638658034341,50.0
610.0,56.37519983780546,51.876423127298516,50.0
611.0,56.37519983780546,51.87645964509238,50.0
612.0,56.37519983780546,51.87649613353197,50.0
613.0,56.37519983780546,51.87653259242749,50.0
614.0,56.37519983780546,51.87656902159263,50.0
615.0,56.37519983780546,51.87660542084422,50.0
616.0,56.37519983780546,51.8766417900024,50.0
617.0,56.37519983780546,51.876678128890454,50.0
618.0,56.37519983780546,51.87671443733486,50.0
619.0,56.37519983780546,51.87675071516519,50.0
620.0,56.37519983780546,51.87678696221399,50.0
621.0,56.37519983780546,51.876823178316954,50.0
622.0,56.37519983780546,51.87685936331267,50.0
623.0,56.37519983780546,51.87689551704268,50.0
624.0,56.37519983780546,51.876931639351426,50.0
625.0,56.37519983780546,51.876967730086214,50.0
626.0,56.37519983780546,51.87700378909718,50.0
627.0,56.37519983780546,51.87703981623721,50.0
628.0,56.37519983780546,51.87707581136195,50.0
629.0,56.37519983780546,51.877111774329755,50.0
630.0,56.37519983780546,51.87714770500165,50.0
631.0,56.37519983780546,51.877183603241306,50.0
632.0,56.37519983780546,51.87721946891495,50.0
633.0,56.37519983780546,51.87725530189142,50.0
634.0,56.37519983780546,51.87729110204206,50.0
635.0,56.37519983780546,51.87732686924069,50.0
636.0,56.37519983780546,51.87736260336365,50.0
637.0,56.37519983780546,51.87739830428967,50.0
638.0,56.37519983780546,51.87743397189982,50.0
639.0,56.37519983780546,51.87746960607762,50.0
640.0,56.37519983780546,51.8775052067089,50.0
641.0,56.37519983780546,51.87754077368177,50.0
642.0,56.37519983780546,51.87757630688662,50.0
643.0,56.37519983780546,51.87761180621607,50.0
644.0,56.37519983780546,51.877647271564946,50.0
645.0,56.37519983780546,51.877682702830256,50.0
646.0,56.37519983780546,51.87771809991118,50.0
647.0,56.37519983780546,51.87775346270897,50.0
648.0,56.37519983780546,51.87778879112703,50.0
649.0,56.37519983780546,51.87782408507077,50.0
650.0,56.37519983780546,51.87785934444768,50.0
651.0,56.37519983780546,51.8778945691672,50.0
652.0,56.37519983780546,51.87792975914086,50.0
653.0,56.37519983780546,51.87796491428202,50.0
654.0,56.37519983780546,51.878000034506044,50.0
655.0,56.37519983780546,51.87803511973015,50.0
656.0,56.37519983780546,51.87807016987352,50.0
657.0,56.37519983780546,51.8781051848571,50.0
658.0,56.37519983780546,51.87814016460368,50.0
659.0,56.37519983780546,51.8781751090379,50.0
660.0,56.37519983780546,51.87821001808612,50.0
661.0,56.37519983780546,51.87824489167648,50.0
662.0,56.37519983780546,51.878279729738885,50.0
663.0,56.37519983780546,51.87831453220486,50.0
664.0,56.37519983780546,51.878349299007716,50.0
665.0,56.37519983780546,51.87838403008239,50.0
666.0,56.37519983780546,51.87841872536538,50.0
667.0,56.37519983780546,51.87845338479493,50.0
668.0,56.37519983780546,51.87848800831083,50.0
669.0,56.37519983780546,51.878522595854406,50.0
670.0,56.37519983780546,51.87855714736859,50.0
671.0,56.37519983780546,51.87859166279781,50.0
672.0,56.37519983780546,51.87862614208803,50.0
673.0,56.37519983780546,51.87866058518669,50.0
674.0,56.37519983780546,51.87869499204277,50.0
675.0,56.37519983780546,51.87872936260655,50.0
676.0,56.37519983780546,51.878763696829914,50.0
677.0,56.37519983780546,51.87879799466605,50.0
678.0,56.37519983780546,51.87883225606958,50.0
679.0,56.37519983780546,51.8788664809965,50.0
680.0,56.37519983780546,51.878900669404175,50.0
681.0,56.37519983780546,51.87893482125123,50.0
682.0,56.37519983780546,51.878968936497785,50.0
683.0,56.37519983780546,51.87900301510505,50.0
684.0,56.37519983780546,51.87903705703569,50.0
685.0,56.37519983780546,51.879071062253544,50.0
686.0,56.37519983780546,51.87910503072374,50.0
687.0,56.37519983780546,51.87913896241265,50.0
688.0,56.37519983780546,51.87917285728782,50.0
689.0,56.37519983780546,51.87920671531804,50.0
690.0,56.37519983780546,51.8792405364733,50.0
691.0,56.37519983780546,51.879274320724655,50.0
692.0,56.37519983780546,51.87930806804448,50.0
693.0,56.37519983780546,51.87934177840612,50.0
694.0,56.37519983780546,51.8793754517842,50.0
695.0,56.37519983780546,51.879409088154304,50.0
696.0,56.37519983780546,51.879442687493224,50.0
697.0,56.37519983780546,51.879476249778754,50.0
698.0,56.37519983780546,51.87950977498979,50.0
699.0,56.37519983780546,51.87954326310629,50.0
700.0,56.37519983780546,51.879576714109206,50.0
701.0,56.37519983780546,51.87961012798054,50.0
702.0,56.37519983780546,51.87964350470328,50.0
703.0,56.37519983780546,51.87967684426144,50.0
704.0,56.37519983780546,51.879710146639994,50.0
705.0,56.37519983780546,51.879743411824826,50.0
706.0,56.37519983780546,51.8797766398029,50.0
707.0,56.37519983780546,51.87980983056201,50.0
708.0,56.37519983780546,51.87984298409094,50.0
709.0,56.37519983780546,51.87987610037931,50.0
710.0,56.37519983780546,51.87990917941777,50.0
711.0,56.37519983780546,51.879942221197766,50.0
712.0,56.37519983780546,51.879975225711625,50.0
713.0,56.37519983780546,51.880008192952545,50.0
714.0,56.37519983780546,51.88004112291467,50.0
715.0,56.37519983780546,51.88007401559281,50.0
716.0,56.37519983780546,51.88010687098277,50.0
717.0,56.37519983780546,51.88013968908109,50.0
718.0,56.37519983780546,51.88017246988514,50.0
719.0,56.37519983780546,51.88020521339307,50.0
720.0,56.37519983780546,51.88023791960386,50.0
721.0,56.37519983780546,51.880270588517185,50.0
722.0,56.37519983780546,51.880303220133584,50.0
723.0,56.37519983780546,51.88033581445426,50.0
724.0,56.37519983780546,51.88036837148127,50.0
725.0,56.37519983780546,51.88040089121725,50.0
726.0,56.37519983780546,51.88043337366572,50.0
727.0,56.37519983780546,51.88046581883074,50.0
728.0,56.37519983780546,51.88049822671731,50.0
729.0,56.37519983780546,51.88053059733086,50.0
730.0,56.37519983780546,51.88056293067765,50.0
731.0,56.37519983780546,51.88059522676466,50.0
732.0,56.37519983780546,51.8806274855994,50.0
733.0,56.37519983780546,51.880659707190134,50.0
734.0,56.37519983780546,51.88069189154572,50.0
735.0,56.37519983780546,51.880724038675694,50.0
736.0,56.37519983780546,51.8807561485902,50.0
737.0,56.37519983780546,51.88078822129999,50.0
738.0,56.37519983780546,51.88082025681641,50.0
739.0,56.37519983780546,51.88085225515151,50.0
740.0,56.37519983780546,51.88088421631782,50.0
741.0,56.37519983780546,51.88091614032848,50.0
742.0,56.37519983780546,51.880948027197235,50.0
743.0,56.37519983780546,51.8809798769384,50.0
744.0,56.37519983780546,51.88101168956684,50.0
745.0,56.37519983780546,51.88104346509793,50.0
746.0,56.37519983780546,51.88107520354769,50.0
747.0,56.37519983780546,51.88110690493256,50.0
748.0,56.37519983780546,51.881138569269616,50.0
749.0,56.37519983780546,51.881170196576356,50.0
750.0,56.37519983780546,51.88120178687089,50.0
751.0,56.37519983780546,51.88123334017177,50.0
752.0,56.37519983780546,51.88126485649805,50.0
753.0,56.37519983780546,51.88129633586931,50.0
754.0,56.37519983780546,51.88132777830559,50.0
755.0,56.37519983780546,51.88135918382742,50.0
756.0,56.37519983780546,51.88139055245581,50.0
757.0,56.37519983780546,51.88142188421215,50.0
758.0,56.37519983780546,51.88145317911846,50.0
759.0,56.37519983780546,51.881484437197045,50.0
760.0,56.37519983780546,51.88151565847074,50.0
761.0,56.37519983780546,51.881546842962784,50.0
762.0,56.37519983780546,51.88157799069688,50.0
763.0,56.37519983780546,51.88160910169711,50.0
764.0,56.37519983780546,51.88164017598804,50.0
765.0,56.37519983780546,51.88167121359454,50.0
766.0,56.37519983780546,51.88170221454202,50.0
767.0,56.37519983780546,51.88173317885619,50.0
768.0,56.37519983780546,51.88176410656321,50.0
769.0,56.37519983780546,51.88179499768958,50.0
770.0,56.37519983780546,51.88182585226225,50.0
771.0,56.37519983780546,51.88185667030849,50.0
772.0,56.37519983780546,51.88188745185596,50.0
773.0,56.37519983780546,51.88191819693266,50.0
774.0,56.37519983780546,51.88194890556701,50.0
775.0,56.37519983780546,51.881979577787725,50.0
776.0,56.37519983780546,51.882010213623914,50.0
777.0,56.37519983780546,51.88204081310498,50.0
778.0,56.37519983780546,51.882071376260704,50.0
779.0,56.37519983780546,51.88210190312121,50.0
780.0,56.37519983780546,51.8821323937169,50.0
781.0,56.37519983780546,51.882162848078536,50.0
782.0,56.37519983780546,51.882193266237174,50.0
783.0,56.37519983780546,51.88222364822423,50.0
784.0,56.37519983780546,51.88225399407141,50.0
785.0,56.37519983780546,51.88228430381065,50.0
786.0,56.37519983780546,51.88231457747428,50.0
787.0,56.37519983780546,51.88234481509489,50.0
788.0,56.37519983780546,51.88237501670535,50.0
789.0,56.37519983780546,51.88240518233883,50.0
790.0,56.37519983780546,51.882435312028775,50.0
791.0,56.37519983780546,51.882465405808865,50.0
792.0,56.37519983780546,51.882495463713134,50.0
793.0,56.37519983780546,51.88252548577581,50.0
794.0,56.37519983780546,51.882555472031406,50.0
795.0,56.37519983780546,51.88258542251473,50.0
796.0,56.37519983780546,51.88261533726077,50.0
797.0,56.37519983780546,51.882645216304816,50.0
798.0,56.37519983780546,51.88267505968241,50.0
799.0,56.37519983780546,51.88270486742928,50.0
800.0,56.37519983780546,51.88273463958149,50.0
