"tick","donation-normed-big","donation-big group","donation-valued-big"
1.0,25.0,71.53078117781288,95.0
2.0,25.0,95.0,95.0
3.0,25.0,95.0,95.0
4.0,25.0,95.0,95.0
5.0,25.0,95.0,95.0
6.0,25.0,95.0,95.0
7.0,25.0,95.0,95.0
8.0,25.0,95.0,95.0
9.0,25.0,95.0,95.0
10.0,25.0,95.0,95.0
11.0,25.0,95.0,95.0
12.0,25.0,95.0,95.0
13.0,25.0,95.0,95.0
14.0,25.0,95.0,95.0
15.0,25.0,95.0,95.0
16.0,25.0,95.0,95.0
17.0,25.0,95.0,95.0
18.0,25.0,95.0,95.0
19.0,25.0,95.0,95.0
20.0,25.0,95.0,95.0
21.0,25.0,95.0,95.0
22.0,25.0,95.0,95.0
23.0,25.0,95.0,95.0
24.0,25.0,95.0,95.0
25.0,25.0,95.0,95.0
26.0,25.0,95.0,95.0
27.0,25.0,95.0,95.0
28.0,25.0,95.0,95.0
29.0,25.0,95.0,95.0
30.0,25.0,95.0,95.0
31.0,25.0,95.0,95.0
32.0,25.0,95.0,95.0
33.0,25.0,95.0,95.0
34.0,25.0,95.0,95.0
35.0,25.0,95.0,95.0
36.0,25.0,95.0,95.0
37.0,25.0,95.0,95.0
38.0,25.0,95.0,95.0
39.0,25.0,95.0,95.0
40.0,25.0,95.0,95.0
41.0,25.0,95.0,95.0
42.0,25.0,95.0,95.0
43.0,25.0,95.0,95.0
44.0,25.0,95.0,95.0
45.0,25.0,95.0,95.0
46.0,25.0,95.0,95.0
47.0,25.0,95.0,95.0
48.0,25.0,95.0,95.0
49.0,25.0,95.0,95.0
50.0,25.0,95.0,95.0
51.0,25.0,95.0,95.0
52.0,60.1,95.0,95.0
53.0,92.49983724489795,94.99870000000001,95.0
54.0,92.49983724489795,94.99619983724484,95.0
55.0,92.49983724489795,94.99369967448978,95.0
56.0,92.49983724489795,94.99119951173478,95.0
57.0,92.49983724489795,94.98944128474744,95.0
58.0,92.49983724489795,94.978394673955,95.0
59.0,92.49983724489795,94.94004473275403,95.0
60.0,92.49983724489795,94.8357987844649,95.0
61.0,92.49983724489795,94.55242891754004,95.0
62.0,92.49983724489795,93.80250392118464,95.0
63.0,92.49983724489795,93.27132677975156,95.0
64.0,92.49983724489795,93.23697760587419,95.0
65.0,92.49983724489795,93.20684951730908,95.0
66.0,92.49983724489795,93.18014211726279,95.0
67.0,92.49983724489795,93.15625278999488,95.0
68.0,92.49983724489795,93.1347179357812,95.0
69.0,92.49983724489795,93.1151742462207,95.0
70.0,92.49983724489795,93.09733240736615,95.0
71.0,92.49983724489795,93.08095877314976,95.0
72.0,92.49983724489795,93.06586230119878,95.0
73.0,92.49983724489795,93.05188505265188,95.0
74.0,92.49983724489795,93.03889516051846,95.0
75.0,92.49983724489795,93.02678154230321,95.0
76.0,92.49983724489795,93.01544986735273,95.0
77.0,92.49983724489795,93.00481944142236,95.0
78.0,92.49983724489795,92.99482077159803,95.0
79.0,92.49983724489795,92.98539364261421,95.0
80.0,92.49983724489795,92.97648558226385,95.0
81.0,92.49983724489795,92.96805062615682,95.0
82.0,92.49983724489795,92.9600483151597,95.0
83.0,92.49983724489795,92.95244287541506,95.0
84.0,92.49983724489795,92.94520254289493,95.0
85.0,92.49983724489795,92.93829900330535,95.0
86.0,92.49983724489795,92.93170692475674,95.0
87.0,92.49983724489795,92.92540356556806,95.0
88.0,92.49983724489795,92.91936844333284,95.0
89.0,92.49983724489795,92.91358305424522,95.0
90.0,92.49983724489795,92.9080306339083,95.0
91.0,92.49983724489795,92.90269595256541,95.0
92.0,92.49983724489795,92.89756513904901,95.0
93.0,92.49983724489795,92.89262552880436,95.0
94.0,92.49983724489795,92.8878655321916,95.0
95.0,92.49983724489795,92.88327451994239,95.0
96.0,92.49983724489795,92.87884272319299,95.0
97.0,92.49983724489795,92.87456114594937,95.0
98.0,92.49983724489795,92.87042148819748,95.0
99.0,92.49983724489795,92.8664160781617,95.0
100.0,92.49983724489795,92.86253781245362,95.0
101.0,92.49983724489795,92.8587801030446,95.0
102.0,92.49983724489795,92.85513683016396,95.0
103.0,92.49983724489795,92.85160230035366,95.0
104.0,92.49983724489795,92.84817120902733,95.0
105.0,92.49983724489795,92.84483860697057,95.0
106.0,92.49983724489795,92.84159987030328,95.0
107.0,92.49983724489795,92.83845067348797,95.0
108.0,92.49983724489795,92.83538696502565,95.0
109.0,92.49983724489795,92.83240494552925,95.00000000000001
110.0,92.49983724489795,92.8295010479033,95.0
111.0,92.49983724489795,92.82667191939659,95.0
112.0,92.49983724489795,92.82391440532014,95.0
113.0,92.49983724489795,92.82122553425238,95.0
114.0,92.49983724489795,92.81860250457315,95.0
115.0,92.49983724489795,92.81604267218754,95.0
116.0,92.49983724489795,92.81354353931711,95.0
117.0,92.49983724489795,92.81110274425166,95.0
118.0,92.49983724489795,92.80871805196401,95.0
119.0,92.49983724489795,92.8063873455045,95.0
120.0,92.49983724489795,92.8041086180995,95.0
121.0,92.49983724489795,92.80187996588649,95.0
122.0,92.49983724489795,92.79969958122614,95.0
123.0,92.49983724489795,92.79756574653875,95.0
124.0,92.49983724489795,92.79547682861526,95.0
125.0,92.49983724489795,92.79343127336298,95.0
126.0,92.49983724489795,92.79142760094415,95.0
127.0,92.49983724489795,92.78946440127616,95.0
128.0,92.49983724489795,92.78754032985978,95.0
129.0,92.49983724489795,92.78565410390844,95.0
130.0,92.49983724489795,92.78380449875358,95.0
131.0,92.49983724489795,92.7819903445021,95.0
132.0,92.49983724489795,92.78021052292624,95.0
133.0,92.49983724489795,92.77846396456599,95.0
134.0,92.49983724489795,92.77674964602886,95.0
135.0,92.49983724489795,92.77506658746861,95.0
136.0,92.49983724489795,92.7734138502323,95.0
137.0,92.49983724489795,92.77179053465919,95.0
138.0,92.49983724489795,92.77019577802307,95.0
139.0,92.49983724489795,92.76862875260498,95.0
140.0,92.49983724489795,92.76708866388817,95.0
141.0,92.49983724489795,92.76557474886424,95.0
142.0,92.49983724489795,92.76408627444569,95.0
143.0,92.49983724489795,92.7626225359727,95.0
144.0,92.49983724489795,92.76118285581228,95.0
145.0,92.49983724489795,92.7597665820395,95.0
146.0,92.49983724489795,92.7583730871971,95.0
147.0,92.49983724489795,92.75700176712706,95.0
148.0,92.49983724489795,92.75565203987007,95.0
149.0,92.49983724489795,92.75432334462754,95.0
150.0,92.49983724489795,92.75301514078262,95.0
151.0,92.49983724489795,92.75172690697595,95.0
152.0,92.49983724489795,92.75045814023231,95.0
153.0,92.49983724489795,92.74920835513547,95.0
154.0,92.49983724489795,92.74797708304803,95.0
155.0,92.49983724489795,92.74676387137295,95.0
156.0,92.49983724489795,92.74556828285421,95.0
157.0,92.49983724489795,92.74438989491496,95.0
158.0,92.49983724489795,92.74322829902978,95.0
159.0,92.49983724489795,92.74208310012979,95.0
160.0,92.49983724489795,92.74095391603743,95.0
161.0,92.49983724489795,92.73984037693167,95.0
162.0,92.49983724489795,92.73874212483784,95.0
163.0,92.49983724489795,92.73765881314533,95.0
164.0,92.49983724489795,92.73659010614693,95.0
165.0,92.49983724489795,92.7355356786022,95.0
166.0,92.49983724489795,92.7344952153217,95.0
167.0,92.49983724489795,92.73346841077098,95.0
168.0,92.49983724489795,92.73245496869347,95.0
169.0,92.49983724489795,92.73145460175154,95.0
170.0,92.49983724489795,92.73046703118429,95.0
171.0,92.49983724489795,92.72949198648107,95.0
172.0,92.49983724489795,92.72852920506983,95.0
173.0,92.49983724489795,92.72757843202093,95.0
174.0,92.49983724489795,92.72663941976253,95.0
175.0,92.49983724489795,92.72571192781034,95.0
176.0,92.49983724489795,92.72479572250886,95.0
177.0,92.49983724489795,92.72389057678367,95.0
178.0,92.49983724489795,92.72299626990558,95.0
179.0,92.49983724489795,92.72211258726391,95.0
180.0,92.49983724489795,92.72123932015062,95.0
181.0,92.49983724489795,92.72037626555279,95.0
182.0,92.49983724489795,92.71952322595467,95.0
183.0,92.49983724489795,92.71868000914745,95.0
184.0,92.49983724489795,92.71784642804774,95.0
185.0,92.49983724489795,92.71702230052284,95.0
186.0,92.49983724489795,92.71620744922362,95.0
187.0,92.49983724489795,92.71540170142424,95.0
188.0,92.49983724489795,92.71460488886831,95.0
189.0,92.49983724489795,92.71381684762153,95.0
190.0,92.49983724489795,92.71303741792941,95.0
191.0,92.49983724489795,92.71226644408176,95.0
192.0,92.49983724489795,92.71150377428182,95.0
193.0,92.49983724489795,92.71074926052071,95.0
194.0,92.49983724489795,92.71000275845668,95.0
195.0,92.49983724489795,92.70926412729925,95.0
196.0,92.49983724489795,92.70853322969751,95.0
197.0,92.49983724489795,92.70780993163298,95.0
198.0,92.49983724489795,92.70709410231632,95.0
199.0,92.49983724489795,92.70638561408786,95.0
200.0,92.49983724489795,92.70568434232207,95.0
201.0,92.49983724489795,92.70499016533566,95.0
202.0,92.49983724489795,92.70430296429834,95.0
203.0,92.49983724489795,92.70362262314791,95.0
204.0,92.49983724489795,92.70294902850789,95.0
205.0,92.49983724489795,92.70228206960746,95.0
206.0,92.49983724489795,92.7016216382059,95.0
207.0,92.49983724489795,92.70096762851819,95.0
208.0,92.49983724489795,92.70031993714402,95.0
209.0,92.49983724489795,92.69967846299882,95.0
210.0,92.49983724489795,92.6990431072482,95.0
211.0,92.49983724489795,92.6984137732431,95.0
212.0,92.49983724489795,92.69779036645873,95.0
213.0,92.49983724489795,92.69717279443474,95.0
214.0,92.49983724489795,92.69656096671703,95.0
215.0,92.49983724489795,92.69595479480306,95.0
216.0,92.49983724489795,92.69535419208755,95.0
217.0,92.49983724489795,92.69475907381033,95.0
218.0,92.49983724489795,92.69416935700669,95.0
219.0,92.49983724489795,92.69358496045795,95.0
220.0,92.49983724489795,92.6930058046453,95.0
221.0,92.49983724489795,92.69243181170391,95.0
222.0,92.49983724489795,92.69186290537903,95.0
223.0,92.49983724489795,92.6912990109834,95.0
224.0,92.49983724489795,92.69074005535614,95.0
225.0,92.49983724489795,92.69018596682275,95.0
226.0,92.49983724489795,92.68963667515688,95.0
227.0,92.49983724489795,92.68909211154228,95.0
228.0,92.49983724489795,92.68855220853726,95.0
229.0,92.49983724489795,92.688016900039,95.0
230.0,92.49983724489795,92.68748612125039,95.0
231.0,92.49983724489795,92.68695980864587,95.0
232.0,92.49983724489795,92.68643789994064,95.0
233.0,92.49983724489795,92.68592033405912,95.0
234.0,92.49983724489795,92.68540705110503,95.0
235.0,92.49983724489795,92.68489799233217,95.0
236.0,92.49983724489795,92.68439310011654,95.0
237.0,92.49983724489795,92.68389231792845,95.0
238.0,92.49983724489795,92.68339559030613,95.0
239.0,92.49983724489795,92.68290286283042,95.0
240.0,92.49983724489795,92.6824140820986,95.0
241.0,92.49983724489795,92.68192919570141,95.0
242.0,92.49983724489795,92.68144815219837,95.0
243.0,92.49983724489795,92.68097090109526,95.0
244.0,92.49983724489795,92.68049739282225,95.0
245.0,92.49983724489795,92.68002757871145,95.0
246.0,92.49983724489795,92.67956141097667,95.0
247.0,92.49983724489795,92.67909884269257,95.0
248.0,92.49983724489795,92.6786398277748,95.0
249.0,92.49983724489795,92.67818432096094,95.0
250.0,92.49983724489795,92.6777322777918,95.0
251.0,92.49983724489795,92.67728365459274,95.0
252.0,92.49983724489795,92.67683840845649,95.0
253.0,92.49983724489795,92.67639649722558,95.0
254.0,92.49983724489795,92.67595787947567,95.0
255.0,92.49983724489795,92.67552251449926,95.0
256.0,92.49983724489795,92.67509036228974,95.0
257.0,92.49983724489795,92.67466138352607,95.0
258.0,92.49983724489795,92.67423553955767,95.0
259.0,92.49983724489795,92.67381279238965,95.0
260.0,92.49983724489795,92.67339310466903,95.0
261.0,92.49983724489795,92.67297643967024,95.0
262.0,92.49983724489795,92.67256276128214,95.0
263.0,92.49983724489795,92.67215203399492,95.0
264.0,92.49983724489795,92.67174422288652,95.0
265.0,92.49983724489795,92.67133929361104,95.0
266.0,92.49983724489795,92.67093721238635,95.0
267.0,92.49983724489795,92.67053794598182,95.0
268.0,92.49983724489795,92.6701414617074,95.0
269.0,92.49983724489795,92.66974772740201,95.0
270.0,92.49983724489795,92.66935671142272,95.0
271.0,92.49983724489795,92.66896838263379,95.0
272.0,92.49983724489795,92.66858271039676,95.0
273.0,92.49983724489795,92.66819966455986,95.0
274.0,92.49983724489795,92.66781921544825,95.0
275.0,92.49983724489795,92.66744133385458,95.0
276.0,92.49983724489795,92.66706599102918,95.0
277.0,92.49983724489795,92.66669315867101,95.0
278.0,92.49983724489795,92.66632280891899,95.0
279.0,92.49983724489795,92.66595491434283,95.0
280.0,92.49983724489795,92.66558944793475,95.0
281.0,92.49983724489795,92.66522638310103,95.0
282.0,92.49983724489795,92.66486569365395,95.0
283.0,92.49983724489795,92.66450735380391,95.0
284.0,92.49983724489795,92.66415133815151,95.0
285.0,92.49983724489795,92.66379762168017,95.0
286.0,92.49983724489795,92.6634461797487,95.0
287.0,92.49983724489795,92.6630969880841,95.0
288.0,92.49983724489795,92.66275002277412,95.0
289.0,92.49983724489795,92.66240526026122,95.0
290.0,92.49983724489795,92.6620626773351,95.0
291.0,92.49983724489795,92.66172225112643,95.0
292.0,92.49983724489795,92.66138395910053,95.0
293.0,92.49983724489795,92.66104777905086,95.0
294.0,92.49983724489795,92.66071368909309,95.0
295.0,92.49983724489795,92.66038166765908,95.0
296.0,92.49983724489795,92.66005169349098,95.0
297.0,92.49983724489795,92.65972374563547,95.0
298.0,92.49983724489795,92.65939780343822,95.0
299.0,92.49983724489795,92.65907384653869,95.0
300.0,92.49983724489795,92.65875185486428,95.0
301.0,92.49983724489795,92.65843180862561,95.0
302.0,92.49983724489795,92.65811368831076,95.0
303.0,92.49983724489795,92.65779747468123,95.0
304.0,92.49983724489795,92.65748314876599,95.0
305.0,92.49983724489795,92.65717069185759,95.0
306.0,92.49983724489795,92.65686008550689,95.0
307.0,92.49983724489795,92.656551311519,95.0
308.0,92.49983724489795,92.65624435194803,95.0
309.0,92.49983724489795,92.6559391890936,95.0
310.0,92.49983724489795,92.65563580549596,95.0
311.0,92.49983724489795,92.65533418393191,95.0
312.0,92.49983724489795,92.65503430741099,95.0
313.0,92.49983724489795,92.6547361591712,95.0
314.0,92.49983724489795,92.65443972267468,95.0
315.0,92.49983724489795,92.65414498160472,95.0
316.0,92.49983724489795,92.65385191986141,95.0
317.0,92.49983724489795,92.653560521558,95.0
318.0,92.49983724489795,92.6532707710175,95.0
319.0,92.49983724489795,92.65298265276886,95.0
320.0,92.49983724489795,92.65269615154354,95.0
321.0,92.49983724489795,92.65241125227237,95.0
322.0,92.49983724489795,92.65212794008214,95.0
323.0,92.49983724489795,92.65184620029213,95.0
324.0,92.49983724489795,92.65156601841083,95.0
325.0,92.49983724489795,92.65128738013347,95.0
326.0,92.49983724489795,92.65101027133795,95.0
327.0,92.49983724489795,92.65073467808315,95.0
328.0,92.49983724489795,92.65046058660431,95.0
329.0,92.49983724489795,92.6501879833117,95.0
330.0,92.49983724489795,92.649916854787,95.0
331.0,92.49983724489795,92.64964718778045,95.0
332.0,92.49983724489795,92.64937896920847,95.0
333.0,92.49983724489795,92.64911218615113,95.0
334.0,92.49983724489795,92.64884682584876,95.0
335.0,92.49983724489795,92.64858287570041,95.0
336.0,92.49983724489795,92.6483203232605,95.0
337.0,92.49983724489795,92.64805915623674,95.0
338.0,92.49983724489795,92.64779936248786,95.0
339.0,92.49983724489795,92.64754093002074,95.0
340.0,92.49983724489795,92.6472838469885,95.0
341.0,92.49983724489795,92.64702810168825,95.0
342.0,92.49983724489795,92.6467736825585,95.0
343.0,92.49983724489795,92.64652057817722,95.0
344.0,92.49983724489795,92.64626877725978,95.0
345.0,92.49983724489795,92.6460182686564,95.0
346.0,92.49983724489795,92.64576904135055,95.0
347.0,92.49983724489795,92.64552108445683,95.0
348.0,92.49983724489795,92.64527438721862,95.0
349.0,92.49983724489795,92.64502893900655,95.0
350.0,92.49983724489795,92.64478472931636,95.0
351.0,92.49983724489795,92.64454174776711,95.0
352.0,92.49983724489795,92.64429998409915,95.0
353.0,92.49983724489795,92.64405942817243,95.0
354.0,92.49983724489795,92.64382006996487,95.0
355.0,92.49983724489795,92.64358189957031,95.0
356.0,92.49983724489795,92.6433449071968,95.0
357.0,92.49983724489795,92.64310908316529,95.0
358.0,92.49983724489795,92.64287441790735,95.0
359.0,92.49983724489795,92.64264090196444,95.0
360.0,92.49983724489795,92.64240852598532,95.0
361.0,92.49983724489795,92.64217728072485,95.0
362.0,92.49983724489795,92.64194715704302,95.0
363.0,92.49983724489795,92.6417181459023,95.0
364.0,92.49983724489795,92.6414902383673,95.0
365.0,92.49983724489795,92.64126342560256,95.0
366.0,92.49983724489795,92.64103769887143,95.0
367.0,92.49983724489795,92.64081304953419,95.0
368.0,92.49983724489795,92.6405894690476,95.0
369.0,92.49983724489795,92.64036694896257,95.0
370.0,92.49983724489795,92.64014548092341,95.0
371.0,92.49983724489795,92.63992505666614,95.0
372.0,92.49983724489795,92.63970566801773,95.0
373.0,92.49983724489795,92.63948730689394,95.0
374.0,92.49983724489795,92.639269965299,95.0
375.0,92.49983724489795,92.63905363532396,95.0
376.0,92.49983724489795,92.6388383091452,95.0
377.0,92.49983724489795,92.63862397902409,95.0
378.0,92.49983724489795,92.63841063730453,95.0
379.0,92.49983724489795,92.63819827641322,95.0
380.0,92.49983724489795,92.63798688885743,95.0
381.0,92.49983724489795,92.63777646722465,95.0
382.0,92.49983724489795,92.6375670041808,95.0
383.0,92.49983724489795,92.6373584924699,95.0
384.0,92.49983724489795,92.6371509249122,95.0
385.0,92.49983724489795,92.63694429440407,95.0
386.0,92.49983724489795,92.63673859391618,95.0
387.0,92.49983724489795,92.63653381649276,95.0
388.0,92.49983724489795,92.6363299552508,95.0
389.0,92.49983724489795,92.63612700337892,95.0
390.0,92.49983724489795,92.63592495413629,95.0
391.0,92.49983724489795,92.63572380085203,95.0
392.0,92.49983724489795,92.63552353692401,95.0
393.0,92.49983724489795,92.63532415581786,95.0
394.0,92.49983724489795,92.6351256510664,95.0
395.0,92.49983724489795,92.63492801626849,95.0
396.0,92.49983724489795,92.63473124508837,95.0
397.0,92.49983724489795,92.63453533125461,95.0
398.0,92.49983724489795,92.63434026855928,95.0
399.0,92.49983724489795,92.63414605085725,95.0
400.0,92.49983724489795,92.6339526720655,95.0
401.0,92.49983724489795,92.6337601261619,95.0
402.0,92.49983724489795,92.63356840718475,95.0
403.0,92.49983724489795,92.63337750923198,95.0
404.0,92.49983724489795,92.63318742646027,95.0
405.0,92.49983724489795,92.63299815308432,95.0
406.0,92.49983724489795,92.63280968337632,95.0
407.0,92.49983724489795,92.63262201166481,95.0
408.0,92.49983724489795,92.63243513233438,95.0
409.0,92.49983724489795,92.63224903982479,95.0
410.0,92.49983724489795,92.63206372863009,95.0
411.0,92.49983724489795,92.63187919329816,95.0
412.0,92.49983724489795,92.63169542843032,95.0
413.0,92.49983724489795,92.63151242867994,95.0
414.0,92.49983724489795,92.63133018875239,95.0
415.0,92.49983724489795,92.6311487034041,95.0
416.0,92.49983724489795,92.6309679674421,95.0
417.0,92.49983724489795,92.63078797572327,95.0
418.0,92.49983724489795,92.63060872315384,95.0
419.0,92.49983724489795,92.63043020468851,95.0
420.0,92.49983724489795,92.63025241533025,95.0
421.0,92.49983724489795,92.63007535012964,95.0
422.0,92.49983724489795,92.62989900418391,95.0
423.0,92.49983724489795,92.6297233726366,95.0
424.0,92.49983724489795,92.62954845067752,95.0
425.0,92.49983724489795,92.62937423354091,95.0
426.0,92.49983724489795,92.62920071650652,95.0
427.0,92.49983724489795,92.6290278948976,95.0
428.0,92.49983724489795,92.62885576408142,95.0
429.0,92.49983724489795,92.62868431946826,95.0
430.0,92.49983724489795,92.62851355651071,95.0
431.0,92.49983724489795,92.62834347070384,95.0
432.0,92.49983724489795,92.62817405758403,95.0
433.0,92.49983724489795,92.62800531272883,95.0
434.0,92.49983724489795,92.62783723175647,95.0
435.0,92.49983724489795,92.62766981032505,95.0
436.0,92.49983724489795,92.62750304413241,95.0
437.0,92.49983724489795,92.62733692891588,95.0
438.0,92.49983724489795,92.62717146045128,95.0
439.0,92.49983724489795,92.62700663455249,95.0
440.0,92.49983724489795,92.62684244707152,95.0
441.0,92.49983724489795,92.62667889389759,95.0
442.0,92.49983724489795,92.62651597095726,95.0
443.0,92.49983724489795,92.626353674213,95.0
444.0,92.49983724489795,92.62619199966406,95.0
445.0,92.49983724489795,92.62603094334477,95.0
446.0,92.49983724489795,92.62587050132524,95.0
447.0,92.49983724489795,92.62571066971023,95.0
448.0,92.49983724489795,92.62555144463892,95.0
449.0,92.49983724489795,92.62539282228482,95.0
450.0,92.49983724489795,92.62523479885496,95.0
451.0,92.49983724489795,92.62507737058993,95.0
452.0,92.49983724489795,92.62492053376297,95.0
453.0,92.49983724489795,92.62476428468008,95.0
454.0,92.49983724489795,92.62460861967953,95.0
455.0,92.49983724489795,92.62445353513132,95.0
456.0,92.49983724489795,92.62429902743706,95.0
457.0,92.49983724489795,92.62414509302951,95.0
458.0,92.49983724489795,92.62399172837208,95.0
459.0,92.49983724489795,92.62383892995888,95.0
460.0,92.49983724489795,92.6236866943139,95.0
461.0,92.49983724489795,92.62353501799122,95.0
462.0,92.49983724489795,92.62338389757417,95.0
463.0,92.49983724489795,92.62323332967513,95.0
464.0,92.49983724489795,92.62308331093574,95.0
465.0,92.49983724489795,92.62293383802586,95.0
466.0,92.49983724489795,92.62278490764339,95.0
467.0,92.49983724489795,92.62263651651442,95.0
468.0,92.49983724489795,92.62248866139251,95.0
469.0,92.49983724489795,92.62234133905845,95.0
470.0,92.49983724489795,92.62219454632032,95.0
471.0,92.49983724489795,92.6220482800125,95.0
472.0,92.49983724489795,92.6219025369962,95.0
473.0,92.49983724489795,92.62175731415842,95.0
474.0,92.49983724489795,92.62161260841222,95.0
475.0,92.49983724489795,92.62146841669613,95.0
476.0,92.49983724489795,92.62132473597421,95.0
477.0,92.49983724489795,92.6211815632353,95.00000000000001
478.0,92.49983724489795,92.6210388954933,95.0
479.0,92.49983724489795,92.62089672978627,95.0
480.0,92.49983724489795,92.62075506317686,95.0
481.0,92.49983724489795,92.62061389275154,95.0
482.0,92.49983724489795,92.62047321562072,95.0
483.0,92.49983724489795,92.62033302891807,95.0
484.0,92.49983724489795,92.62019332980067,95.0
485.0,92.49983724489795,92.62005411544855,95.0
486.0,92.49983724489795,92.61991538306472,95.0
487.0,92.49983724489795,92.61977712987448,95.0
488.0,92.49983724489795,92.61963935312549,95.0
489.0,92.49983724489795,92.61950205008752,95.0
490.0,92.49983724489795,92.61936521805232,95.0
491.0,92.49983724489795,92.61922885433303,95.0
492.0,92.49983724489795,92.61909295626452,95.0
493.0,92.49983724489795,92.61895752120256,95.0
494.0,92.49983724489795,92.61882254652384,95.0
495.0,92.49983724489795,92.61868802962617,95.0
496.0,92.49983724489795,92.61855396792765,95.0
497.0,92.49983724489795,92.61842035886656,95.0
498.0,92.49983724489795,92.61828719990191,95.0
499.0,92.49983724489795,92.61815448851185,95.0
500.0,92.49983724489795,92.61802222219501,95.0
501.0,92.49983724489795,92.617890398469,95.0
502.0,92.49983724489795,92.6177590148709,95.0
503.0,92.49983724489795,92.61762806895722,95.0
504.0,92.49983724489795,92.61749755830311,95.0
505.0,92.49983724489795,92.61736748050258,95.0
506.0,92.49983724489795,92.61723783316816,95.0
507.0,92.49983724489795,92.61710861393105,95.0
508.0,92.49983724489795,92.61697982044028,95.0
509.0,92.49983724489795,92.61685145036307,95.0
510.0,92.49983724489795,92.6167235013846,95.0
511.0,92.49983724489795,92.61659597120759,95.0
512.0,92.49983724489795,92.61646885755226,95.0
513.0,92.49983724489795,92.61634215815634,95.0
514.0,92.49983724489795,92.6162158707746,95.0
515.0,92.49983724489795,92.6160899931787,95.0
516.0,92.49983724489795,92.61596452315739,95.0
517.0,92.49983724489795,92.61583945851581,95.0
518.0,92.49983724489795,92.61571479707591,95.0
519.0,92.49983724489795,92.61559053667571,95.0
520.0,92.49983724489795,92.6154666751695,95.0
521.0,92.49983724489795,92.61534321042791,95.0
522.0,92.49983724489795,92.61522014033694,95.0
523.0,92.49983724489795,92.61509746279866,95.0
524.0,92.49983724489795,92.61497517573072,95.0
525.0,92.49983724489795,92.61485327706603,95.0
526.0,92.49983724489795,92.61473176475278,95.0
527.0,92.49983724489795,92.61461063675465,95.0
528.0,92.49983724489795,92.61448989105,95.0
529.0,92.49983724489795,92.61436952563189,95.0
530.0,92.49983724489795,92.61424953850872,95.0
531.0,92.49983724489795,92.61412992770265,95.0
532.0,92.49983724489795,92.61401069125101,95.0
533.0,92.49983724489795,92.61389182720497,95.0
534.0,92.49983724489795,92.61377333363004,95.0
535.0,92.49983724489795,92.61365520860573,95.0
536.0,92.49983724489795,92.61353745022564,95.0
537.0,92.49983724489795,92.61342005659684,95.0
538.0,92.49983724489795,92.61330302584027,95.0
539.0,92.49983724489795,92.6131863560903,95.0
540.0,92.49983724489795,92.61307004549482,95.0
541.0,92.49983724489795,92.6129540922147,95.0
542.0,92.49983724489795,92.61283849442447,95.0
543.0,92.49983724489795,92.61272325031118,95.0
544.0,92.49983724489795,92.61260835807501,95.0
545.0,92.49983724489795,92.6124938159291,95.0
546.0,92.49983724489795,92.61237962209893,95.0
547.0,92.49983724489795,92.61226577482292,95.0
548.0,92.49983724489795,92.61215227235157,95.0
549.0,92.49983724489795,92.6120391129479,95.0
550.0,92.49983724489795,92.61192629488724,95.0
551.0,92.49983724489795,92.61181381645694,95.0
552.0,92.49983724489795,92.6117016759563,95.0
553.0,92.49983724489795,92.61158987169658,95.0
554.0,92.49983724489795,92.6114784020008,95.0
555.0,92.49983724489795,92.61136726520374,95.0
556.0,92.49983724489795,92.6112564596518,95.0
557.0,92.49983724489795,92.61114598370261,95.0
558.0,92.49983724489795,92.61103583572542,95.0
559.0,92.49983724489795,92.61092601410068,95.0
560.0,92.49983724489795,92.61081651721992,95.0
561.0,92.49983724489795,92.61070734348607,95.0
562.0,92.49983724489795,92.61059849131252,95.0
563.0,92.49983724489795,92.61048995912394,95.0
564.0,92.49983724489795,92.61038174535561,95.0
565.0,92.49983724489795,92.61027384845363,95.0
566.0,92.49983724489795,92.61016626687467,95.0
567.0,92.49983724489795,92.61005899908574,95.0
568.0,92.49983724489795,92.60995204356458,95.0
569.0,92.49983724489795,92.60984539879868,95.0
570.0,92.49983724489795,92.60973906328647,95.0
571.0,92.49983724489795,92.60963303553608,95.0
572.0,92.49983724489795,92.60952731406576,95.0
573.0,92.49983724489795,92.60942189740372,95.0
574.0,92.49983724489795,92.60931678408824,95.0
575.0,92.49983724489795,92.60921197266718,95.0
576.0,92.49983724489795,92.60910746169819,95.0
577.0,92.49983724489795,92.6090032497486,95.0
578.0,92.49983724489795,92.60889933539522,95.0
579.0,92.49983724489795,92.60879571722425,95.0
580.0,92.49983724489795,92.6086923938314,95.0
581.0,92.49983724489795,92.6085893638218,95.0
582.0,92.49983724489795,92.60848662580948,95.0
583.0,92.49983724489795,92.60838417841777,95.0
584.0,92.49983724489795,92.60828202027919,95.0
585.0,92.49983724489795,92.60818015003514,95.0
586.0,92.49983724489795,92.6080785663359,95.0
587.0,92.49983724489795,92.6079772678408,95.0
588.0,92.49983724489795,92.60787625321747,95.0
589.0,92.49983724489795,92.6077755211428,95.0
590.0,92.49983724489795,92.60767507030198,95.0
591.0,92.49983724489795,92.60757489938877,95.0
592.0,92.49983724489795,92.60747500710555,95.0
593.0,92.49983724489795,92.6073753921628,95.0
594.0,92.49983724489795,92.60727605327979,95.0
595.0,92.49983724489795,92.6071769891837,95.0
596.0,92.49983724489795,92.60707819860995,95.0
597.0,92.49983724489795,92.6069796803023,95.0
598.0,92.49983724489795,92.60688143301232,95.0
599.0,92.49983724489795,92.60678345549981,95.0
600.0,92.49983724489795,92.6066857465323,95.0
601.0,92.49983724489795,92.60658830488529,95.0
602.0,92.49983724489795,92.60649112934205,95.0
603.0,92.49983724489795,92.60639421869364,95.0
604.0,92.49983724489795,92.60629757173878,95.0
605.0,92.49983724489795,92.60620118728377,95.0
606.0,92.49983724489795,92.60610506414247,95.0
607.0,92.49983724489795,92.60600920113626,95.0
608.0,92.49983724489795,92.60591359709387,95.0
609.0,92.49983724489795,92.60581825085154,95.0
610.0,92.49983724489795,92.60572316125254,95.0
611.0,92.49983724489795,92.60562832714785,95.0
612.0,92.49983724489795,92.60553374739524,95.0
613.0,92.49983724489795,92.60543942085972,95.0
614.0,92.49983724489795,92.60534534641347,95.0
615.0,92.49983724489795,92.60525152293563,95.0
616.0,92.49983724489795,92.60515794931241,95.0
617.0,92.49983724489795,92.60506462443655,95.0
618.0,92.49983724489795,92.60497154720821,95.0
619.0,92.49983724489795,92.60487871653385,95.0
620.0,92.49983724489795,92.604786131327,95.0
621.0,92.49983724489795,92.60469379050767,95.0
622.0,92.49983724489795,92.60460169300275,95.0
623.0,92.49983724489795,92.60450983774548,95.0
624.0,92.49983724489795,92.60441822367568,95.0
625.0,92.49983724489795,92.60432684973985,95.0
626.0,92.49983724489795,92.60423571489063,95.0
627.0,92.49983724489795,92.60414481808728,95.0
628.0,92.49983724489795,92.60405415829526,95.0
629.0,92.49983724489795,92.60396373448633,95.0
630.0,92.49983724489795,92.60387354563859,95.0
631.0,92.49983724489795,92.60378359073621,95.0
632.0,92.49983724489795,92.60369386876955,95.0
633.0,92.49983724489795,92.60360437873491,95.0
634.0,92.49983724489795,92.60351511963493,95.0
635.0,92.49983724489795,92.6034260904779,95.0
636.0,92.49983724489795,92.60333729027852,95.0
637.0,92.49983724489795,92.60324871805686,95.0
638.0,92.49983724489795,92.60316037283911,95.0
639.0,92.49983724489795,92.60307225365739,95.0
640.0,92.49983724489795,92.60298435954942,95.0
641.0,92.49983724489795,92.60289668955875,95.0
642.0,92.49983724489795,92.60280924273445,95.0
643.0,92.49983724489795,92.60272201813133,95.0
644.0,92.49983724489795,92.60263501480989,94.99999999999999
645.0,92.49983724489795,92.60254823183608,95.0
646.0,92.49983724489795,92.6024616682812,95.0
647.0,92.49983724489795,92.60237532322228,95.0
648.0,92.49983724489795,92.60228919574179,95.0
649.0,92.49983724489795,92.60220328492746,95.0
650.0,92.49983724489795,92.60211758987218,95.0
651.0,92.49983724489795,92.60203210967457,95.0
652.0,92.49983724489795,92.60194684343814,95.0
653.0,92.49983724489795,92.601861790272,95.0
654.0,92.49983724489795,92.60177694928998,95.0
655.0,92.49983724489795,92.60169231961143,95.0
656.0,92.49983724489795,92.6016079003607,95.0
657.0,92.49983724489795,92.6015236906672,95.0
658.0,92.49983724489795,92.60143968966537,95.0
659.0,92.49983724489795,92.60135589649461,95.0
660.0,92.49983724489795,92.60127231029942,95.0
661.0,92.49983724489795,92.60118893022889,95.0
662.0,92.49983724489795,92.60110575543747,95.0
663.0,92.49983724489795,92.60102278508418,95.0
664.0,92.49983724489795,92.60094001833286,95.0
665.0,92.49983724489795,92.60085745435225,95.0
666.0,92.49983724489795,92.60077509231562,95.0
667.0,92.49983724489795,92.60069293140103,95.0
668.0,92.49983724489795,92.60061097079151,95.0
669.0,92.49983724489795,92.60052920967429,95.0
670.0,92.49983724489795,92.60044764724142,95.0
671.0,92.49983724489795,92.60036628268963,95.0
672.0,92.49983724489795,92.60028511522003,95.0
673.0,92.49983724489795,92.60020414403817,95.0
674.0,92.49983724489795,92.6001233683542,95.0
675.0,92.49983724489795,92.60004278738286,95.0
676.0,92.49983724489795,92.59996240034303,95.0
677.0,92.49983724489795,92.599882206458,95.0
678.0,92.49983724489795,92.59980220495558,95.0
679.0,92.49983724489795,92.5997223950678,95.0
680.0,92.49983724489795,92.59964277603089,95.0
681.0,92.49983724489795,92.5995633470855,95.0
682.0,92.49983724489795,92.5994841074764,95.0
683.0,92.49983724489795,92.59940505645258,95.0
684.0,92.49983724489795,92.59932619326715,95.0
685.0,92.49983724489795,92.59924751717749,95.0
686.0,92.49983724489795,92.59916902744484,95.0
687.0,92.49983724489795,92.59909072333483,95.0
688.0,92.49983724489795,92.5990126041168,95.0
689.0,92.49983724489795,92.59893466906442,95.0
690.0,92.49983724489795,92.59885691745507,95.0
691.0,92.49983724489795,92.59877934857047,95.0
692.0,92.49983724489795,92.59870196169578,95.0
693.0,92.49983724489795,92.59862475612043,95.0
694.0,92.49983724489795,92.59854773113766,95.0
695.0,92.49983724489795,92.59847088604444,95.0
696.0,92.49983724489795,92.59839422014171,95.0
697.0,92.49983724489795,92.5983177327341,95.0
698.0,92.49983724489795,92.59824142312999,95.0
699.0,92.49983724489795,92.59816529064176,95.0
700.0,92.49983724489795,92.59808933458515,95.0
701.0,92.49983724489795,92.59801355427993,95.0
702.0,92.49983724489795,92.5979379490492,95.0
703.0,92.49983724489795,92.59786251821991,95.0
704.0,92.49983724489795,92.59778726112276,95.0
705.0,92.49983724489795,92.59771217709167,95.0
706.0,92.49983724489795,92.59763726546434,95.0
707.0,92.49983724489795,92.5975625255821,95.0
708.0,92.49983724489795,92.59748795678975,95.0
709.0,92.49983724489795,92.59741355843536,95.0
710.0,92.49983724489795,92.59733932987078,95.0
711.0,92.49983724489795,92.5972652704511,95.0
712.0,92.49983724489795,92.59719137953498,95.0
713.0,92.49983724489795,92.59711765648444,95.0
714.0,92.49983724489795,92.59704410066466,95.0
715.0,92.49983724489795,92.59697071144456,95.0
716.0,92.49983724489795,92.59689748819613,95.0
717.0,92.49983724489795,92.59682443029467,95.0
718.0,92.49983724489795,92.59675153711889,95.0
719.0,92.49983724489795,92.59667880805065,95.0
720.0,92.49983724489795,92.5966062424752,95.0
721.0,92.49983724489795,92.59653383978069,95.0
722.0,92.49983724489795,92.59646159935892,95.0
723.0,92.49983724489795,92.59638952060466,95.0
724.0,92.49983724489795,92.59631760291558,95.0
725.0,92.49983724489795,92.59624584569286,95.0
726.0,92.49983724489795,92.59617424834074,95.0
727.0,92.49983724489795,92.59610281026634,95.0
728.0,92.49983724489795,92.59603153087991,95.0
729.0,92.49983724489795,92.595960409595,95.0
730.0,92.49983724489795,92.59588944582785,95.0
731.0,92.49983724489795,92.59581863899808,95.0
732.0,92.49983724489795,92.59574798852786,95.0
733.0,92.49983724489795,92.5956774938426,95.0
734.0,92.49983724489795,92.59560715437077,95.0
735.0,92.49983724489795,92.59553696954352,95.0
736.0,92.49983724489795,92.59546693879513,95.0
737.0,92.49983724489795,92.5953970615625,95.0
738.0,92.49983724489795,92.59532733728577,95.0
739.0,92.49983724489795,92.59525776540744,95.0
740.0,92.49983724489795,92.5951883453735,95.0
741.0,92.49983724489795,92.5951190766322,95.0
742.0,92.49983724489795,92.59504995863483,95.0
743.0,92.49983724489795,92.59498099083545,95.0
744.0,92.49983724489795,92.59491217269095,95.0
745.0,92.49983724489795,92.59484350366063,95.0
746.0,92.49983724489795,92.59477498320703,95.0
747.0,92.49983724489795,92.59470661079489,95.0
748.0,92.49983724489795,92.59463838589214,95.0
749.0,92.49983724489795,92.59457030796901,95.0
750.0,92.49983724489795,92.59450237649851,95.0
751.0,92.49983724489795,92.59443459095638,95.0
752.0,92.49983724489795,92.5943669508208,95.0
753.0,92.49983724489795,92.59429945557278,95.0
754.0,92.49983724489795,92.59423210469566,95.0
755.0,92.49983724489795,92.59416489767553,95.0
756.0,92.49983724489795,92.59409783400109,95.0
757.0,92.49983724489795,92.5940309131634,95.0
758.0,92.49983724489795,92.59396413465623,95.0
759.0,92.49983724489795,92.59389749797563,95.0
760.0,92.49983724489795,92.59383100262038,95.0
761.0,92.49983724489795,92.5937646480917,95.0
762.0,92.49983724489795,92.59369843389308,95.0
763.0,92.49983724489795,92.59363235953072,95.0
764.0,92.49983724489795,92.59356642451294,95.0
765.0,92.49983724489795,92.59350062835085,95.0
766.0,92.49983724489795,92.5934349705576,95.0
767.0,92.49983724489795,92.59336945064896,95.0
768.0,92.49983724489795,92.59330406814293,95.0
769.0,92.49983724489795,92.59323882256008,95.0
770.0,92.49983724489795,92.59317371342303,95.0
771.0,92.49983724489795,92.59310874025705,95.0
772.0,92.49983724489795,92.59304390258927,95.0
773.0,92.49983724489795,92.59297919994957,95.0
774.0,92.49983724489795,92.59291463186983,95.0
775.0,92.49983724489795,92.5928501978844,95.0
776.0,92.49983724489795,92.59278589752971,95.0
777.0,92.49983724489795,92.59272173034451,95.0
778.0,92.49983724489795,92.59265769586992,95.0
779.0,92.49983724489795,92.59259379364875,95.0
780.0,92.49983724489795,92.59253002322663,95.0
781.0,92.49983724489795,92.59246638415118,95.0
782.0,92.49983724489795,92.59240287597206,95.0
783.0,92.49983724489795,92.59233949824096,95.0
784.0,92.49983724489795,92.59227625051219,95.0
785.0,92.49983724489795,92.59221313234185,95.0
786.0,92.49983724489795,92.59215014328818,95.0
787.0,92.49983724489795,92.59208728291159,95.0
788.0,92.49983724489795,92.59202455077448,95.0
789.0,92.49983724489795,92.59196194644157,95.0
790.0,92.49983724489795,92.59189946947936,95.0
791.0,92.49983724489795,92.5918371194566,95.0
792.0,92.49983724489795,92.59177489594398,95.0
793.0,92.49983724489795,92.59171279851422,95.0
794.0,92.49983724489795,92.59165082674221,95.0
795.0,92.49983724489795,92.59158898020469,95.0
796.0,92.49983724489795,92.5915272584803,95.0
797.0,92.49983724489795,92.59146566115001,95.0
798.0,92.49983724489795,92.59140418779633,95.0
799.0,92.49983724489795,92.59134283800415,95.0
800.0,92.49983724489795,92.59128161135988,95.0
801.0,92.49983724489795,92.59122050745219,95.0
802.0,92.49983724489795,92.59115952587157,95.0
803.0,92.49983724489795,92.59109866621044,95.0
804.0,92.49983724489795,92.59103792806292,95.0
805.0,92.49983724489795,92.59097731102538,95.0
806.0,92.49983724489795,92.59091681469577,95.0
807.0,92.49983724489795,92.59085643867402,95.0
808.0,92.49983724489795,92.59079618256186,95.0
809.0,92.49983724489795,92.59073604596303,95.0
810.0,92.49983724489795,92.59067602848289,95.0
811.0,92.49983724489795,92.59061612972867,95.0
812.0,92.49983724489795,92.59055634930952,95.0
813.0,92.49983724489795,92.59049668683625,95.0
814.0,92.49983724489795,92.59043714192167,95.0
815.0,92.49983724489795,92.59037771417994,95.0
816.0,92.49983724489795,92.59031840322764,95.0
817.0,92.49983724489795,92.59025920868247,95.0
818.0,92.49983724489795,92.59020013016426,95.0
819.0,92.49983724489795,92.59014116729446,95.0
820.0,92.49983724489795,92.59008231969614,95.0
821.0,92.49983724489795,92.5900235869944,95.0
822.0,92.49983724489795,92.58996496881574,95.0
823.0,92.49983724489795,92.58990646478837,95.0
824.0,92.49983724489795,92.5898480745424,95.0
825.0,92.49983724489795,92.58978979770944,95.0
826.0,92.49983724489795,92.58973163392284,95.0
827.0,92.49983724489795,92.58967358281767,95.0
828.0,92.49983724489795,92.58961564403036,95.0
829.0,92.49983724489795,92.58955781719938,95.0
830.0,92.49983724489795,92.58950010196457,95.0
831.0,92.49983724489795,92.58944249796753,95.0
832.0,92.49983724489795,92.58938500485118,95.0
833.0,92.49983724489795,92.58932762226051,95.0
834.0,92.49983724489795,92.58927034984167,95.0
835.0,92.49983724489795,92.58921318724266,95.0
836.0,92.49983724489795,92.58915613411287,95.0
837.0,92.49983724489795,92.58909919010351,95.0
838.0,92.49983724489795,92.58904235486698,95.0
839.0,92.49983724489795,92.58898562805749,95.0
840.0,92.49983724489795,92.58892900933088,95.0
841.0,92.49983724489795,92.5888724983442,95.0
842.0,92.49983724489795,92.58881609475624,95.0
843.0,92.49983724489795,92.58875979822729,95.0
844.0,92.49983724489795,92.58870360841898,95.0
845.0,92.49983724489795,92.58864752499466,95.0
846.0,92.49983724489795,92.58859154761902,95.0
847.0,92.49983724489795,92.58853567595827,95.0
848.0,92.49983724489795,92.58847990968005,95.0
849.0,92.49983724489795,92.58842424845353,95.0
850.0,92.49983724489795,92.58836869194934,95.0
851.0,92.49983724489795,92.58831323983942,95.0
852.0,92.49983724489795,92.58825789179727,95.0
853.0,92.49983724489795,92.58820264749798,95.0
854.0,92.49983724489795,92.58814750661755,95.0
855.0,92.49983724489795,92.58809246883389,95.0
856.0,92.49983724489795,92.58803753382601,95.0
857.0,92.49983724489795,92.58798270127461,95.0
858.0,92.49983724489795,92.5879279708616,95.0
859.0,92.49983724489795,92.58787334227007,95.0
860.0,92.49983724489795,92.58781881518486,95.0
861.0,92.49983724489795,92.58776438929202,95.0
862.0,92.49983724489795,92.58771006427895,95.0
863.0,92.49983724489795,92.58765583983418,95.0
864.0,92.49983724489795,92.58760171564808,95.0
865.0,92.49983724489795,92.587547691412,95.0
866.0,92.49983724489795,92.58749376681868,95.0
867.0,92.49983724489795,92.58743994156202,95.0
868.0,92.49983724489795,92.58738621533763,95.0
869.0,92.49983724489795,92.58733258784216,95.0
870.0,92.49983724489795,92.58727905877359,95.0
871.0,92.49983724489795,92.58722562783109,95.0
872.0,92.49983724489795,92.58717229471534,95.0
873.0,92.49983724489795,92.58711905912818,95.0
874.0,92.49983724489795,92.58706592077273,95.0
875.0,92.49983724489795,92.58701287935342,95.0
876.0,92.49983724489795,92.5869599345757,95.0
877.0,92.49983724489795,92.58690708614657,95.0
878.0,92.49983724489795,92.58685433377421,95.0
879.0,92.49983724489795,92.58680167716793,95.0
880.0,92.49983724489795,92.58674911603838,95.0
881.0,92.49983724489795,92.58669665009725,95.0
882.0,92.49983724489795,92.5866442790577,95.0
883.0,92.49983724489795,92.58659200263389,95.0
884.0,92.49983724489795,92.5865398205414,95.0
885.0,92.49983724489795,92.58648773249665,95.0
886.0,92.49983724489795,92.58643573821772,95.0
887.0,92.49983724489795,92.58638383742347,95.0
888.0,92.49983724489795,92.58633202983413,95.0
889.0,92.49983724489795,92.5862803151712,95.0
890.0,92.49983724489795,92.58622869315691,95.0
891.0,92.49983724489795,92.58617716351526,95.0
892.0,92.49983724489795,92.58612572597089,95.0
893.0,92.49983724489795,92.5860743802499,95.0
894.0,92.49983724489795,92.58602312607937,95.0
895.0,92.49983724489795,92.58597196318762,95.0
896.0,92.49983724489795,92.58592089130397,95.0
897.0,92.49983724489795,92.58586991015889,95.0
898.0,92.49983724489795,92.58581901948413,95.0
899.0,92.49983724489795,92.58576821901237,95.0
900.0,92.49983724489795,92.58571750847737,95.0
901.0,92.49983724489795,92.58566688761424,95.0
902.0,92.49983724489795,92.58561635615892,95.0
903.0,92.49983724489795,92.5855659138485,95.0
904.0,92.49983724489795,92.58551556042129,95.0
905.0,92.49983724489795,92.5854652956164,95.0
906.0,92.49983724489795,92.58541511917429,95.0
907.0,92.49983724489795,92.58536503083633,95.0
908.0,92.49983724489795,92.58531503034497,95.0
909.0,92.49983724489795,92.58526511744388,95.0
910.0,92.49983724489795,92.58521529187743,95.0
911.0,92.49983724489795,92.58516555339125,95.0
912.0,92.49983724489795,92.58511590173204,95.0
913.0,92.49983724489795,92.58506633664749,95.0
914.0,92.49983724489795,92.58501685788633,95.0
915.0,92.49983724489795,92.58496746519812,95.0
916.0,92.49983724489795,92.58491815833388,95.0
917.0,92.49983724489795,92.58486893704509,95.0
918.0,92.49983724489795,92.58481980108454,95.0
919.0,92.49983724489795,92.5847707502061,95.0
920.0,92.49983724489795,92.58472178416434,95.0
921.0,92.49983724489795,92.58467290271514,95.0
922.0,92.49983724489795,92.5846241056151,95.0
923.0,92.49983724489795,92.58457539262214,95.0
924.0,92.49983724489795,92.58452676349464,95.0
925.0,92.49983724489795,92.58447821799238,95.0
926.0,92.49983724489795,92.58442975587593,95.0
927.0,92.49983724489795,92.58438137690682,95.0
928.0,92.49983724489795,92.58433308084751,95.0
929.0,92.49983724489795,92.58428486746165,95.0
930.0,92.49983724489795,92.58423673651355,95.0
931.0,92.49983724489795,92.58418868776843,95.0
932.0,92.49983724489795,92.58414072099275,95.0
933.0,92.49983724489795,92.58409283595351,95.0
934.0,92.49983724489795,92.58404503241901,95.0
935.0,92.49983724489795,92.58399731015825,95.0
936.0,92.49983724489795,92.5839496689412,95.0
937.0,92.49983724489795,92.58390210853864,95.0
938.0,92.49983724489795,92.58385462872246,95.0
939.0,92.49983724489795,92.58380722926532,95.0
940.0,92.49983724489795,92.58375990994074,95.0
941.0,92.49983724489795,92.58371267052333,95.0
942.0,92.49983724489795,92.58366551078826,95.0
943.0,92.49983724489795,92.58361843051185,95.0
944.0,92.49983724489795,92.58357142947129,95.0
945.0,92.49983724489795,92.58352450744445,95.0
946.0,92.49983724489795,92.58347766421026,95.0
947.0,92.49983724489795,92.58343089954842,95.0
948.0,92.49983724489795,92.58338421323964,95.0
949.0,92.49983724489795,92.58333760506524,95.0
950.0,92.49983724489795,92.58329107480755,95.0
951.0,92.49983724489795,92.5832446222497,95.0
952.0,92.49983724489795,92.58319824717577,95.0
953.0,92.49983724489795,92.58315194937045,95.0
954.0,92.49983724489795,92.58310572861943,95.0
955.0,92.49983724489795,92.5830595847094,95.0
956.0,92.49983724489795,92.58301351742752,95.0
957.0,92.49983724489795,92.5829675265618,95.0
958.0,92.49983724489795,92.58292161190153,95.0
959.0,92.49983724489795,92.58287577323622,95.0
960.0,92.49983724489795,92.5828300103567,95.0
961.0,92.49983724489795,92.58278432305414,95.0
962.0,92.49983724489795,92.58273871112087,95.0
963.0,92.49983724489795,92.58269317434988,95.0
964.0,92.49983724489795,92.58264771253504,95.0
965.0,92.49983724489795,92.58260232547073,95.0
966.0,92.49983724489795,92.58255701295253,95.0
967.0,92.49983724489795,92.58251177477653,95.0
968.0,92.49983724489795,92.58246661073971,95.0
969.0,92.49983724489795,92.58242152063967,95.0
970.0,92.49983724489795,92.5823765042749,95.0
971.0,92.49983724489795,92.5823315614448,95.0
972.0,92.49983724489795,92.58228669194938,95.0
973.0,92.49983724489795,92.58224189558922,95.0
974.0,92.49983724489795,92.58219717216609,95.0
975.0,92.49983724489795,92.58215252148207,95.0
976.0,92.49983724489795,92.5821079433404,95.0
977.0,92.49983724489795,92.58206343754472,95.0
978.0,92.49983724489795,92.5820190038996,95.0
979.0,92.49983724489795,92.58197464221026,95.0
980.0,92.49983724489795,92.58193035228288,95.0
981.0,92.49983724489795,92.581886133924,95.0
982.0,92.49983724489795,92.58184198694107,95.0
983.0,92.49983724489795,92.58179791114246,95.0
984.0,92.49983724489795,92.58175390633691,95.0
985.0,92.49983724489795,92.58170997233412,95.0
986.0,92.49983724489795,92.5816661089443,95.0
987.0,92.49983724489795,92.58162231597866,95.0
988.0,92.49983724489795,92.58157859324896,95.0
989.0,92.49983724489795,92.58153494056752,95.0
990.0,92.49983724489795,92.58149135774757,95.0
991.0,92.49983724489795,92.58144784460298,95.0
992.0,92.49983724489795,92.58140440094837,95.0
993.0,92.49983724489795,92.58136102659877,95.0
994.0,92.49983724489795,92.58131772137034,95.0
995.0,92.49983724489795,92.58127448507946,95.0
996.0,92.49983724489795,92.58123131754363,95.00000000000001
997.0,92.49983724489795,92.5811882185807,95.0
998.0,92.49983724489795,92.58114518800936,95.0
999.0,92.49983724489795,92.58110222564885,95.0
1000.0,92.49983724489795,92.58105933131922,95.0
1001.0,92.49983724489795,92.58101650484112,95.0
1002.0,92.49983724489795,92.58097374603584,95.0
1003.0,92.49983724489795,92.58093105472526,95.0
1004.0,92.49983724489795,92.58088843073214,95.0
1005.0,92.49983724489795,92.58084587387971,95.0
1006.0,92.49983724489795,92.58080338399186,95.0
1007.0,92.49983724489795,92.58076096089314,95.0
1008.0,92.49983724489795,92.58071860440876,95.0
1009.0,92.49983724489795,92.58067631436462,95.0
1010.0,92.49983724489795,92.58063409058721,95.0
1011.0,92.49983724489795,92.58059193290356,95.0
1012.0,92.49983724489795,92.58054984114142,95.0
1013.0,92.49983724489795,92.58050781512934,95.0
1014.0,92.49983724489795,92.58046585469616,95.0
1015.0,92.49983724489795,92.58042395967152,95.0
1016.0,92.49983724489795,92.58038212988569,95.0
1017.0,92.49983724489795,92.58034036516959,95.0
1018.0,92.49983724489795,92.58029866535452,95.0
1019.0,92.49983724489795,92.58025703027279,95.0
1020.0,92.49983724489795,92.58021545975697,95.0
1021.0,92.49983724489795,92.58017395364023,95.0
1022.0,92.49983724489795,92.58013251175669,95.0
1023.0,92.49983724489795,92.58009113394077,95.0
1024.0,92.49983724489795,92.58004982002748,95.0
1025.0,92.49983724489795,92.58000856985271,95.0
1026.0,92.49983724489795,92.57996738325255,95.0
1027.0,92.49983724489795,92.57992626006387,95.0
1028.0,92.49983724489795,92.57988520012415,95.0
1029.0,92.49983724489795,92.57984420327149,95.0
1030.0,92.49983724489795,92.57980326934448,95.0
1031.0,92.49983724489795,92.57976239818228,95.0
1032.0,92.49983724489795,92.57972158962463,95.0
1033.0,92.49983724489795,92.57968084351187,95.0
1034.0,92.49983724489795,92.57964015968497,95.0
1035.0,92.49983724489795,92.57959953798547,95.0
1036.0,92.49983724489795,92.57955897825525,95.0
1037.0,92.49983724489795,92.57951848033699,95.0
1038.0,92.49983724489795,92.57947804407375,95.0
1039.0,92.49983724489795,92.57943766930939,95.0
1040.0,92.49983724489795,92.57939735588812,95.0
1041.0,92.49983724489795,92.57935710365481,95.0
1042.0,92.49983724489795,92.57931691245469,95.0
1043.0,92.49983724489795,92.57927678213375,95.0
1044.0,92.49983724489795,92.5792367125386,95.0
1045.0,92.49983724489795,92.57919670351606,95.0
1046.0,92.49983724489795,92.57915675491378,95.0
1047.0,92.49983724489795,92.57911686657971,95.0
1048.0,92.49983724489795,92.5790770383626,95.0
1049.0,92.49983724489795,92.57903727011147,95.0
1050.0,92.49983724489795,92.57899756167606,95.0
1051.0,92.49983724489795,92.57895791290657,95.0
1052.0,92.49983724489795,92.57891832365384,95.0
1053.0,92.49983724489795,92.57887879376885,95.0
1054.0,92.49983724489795,92.57883932310364,95.0
1055.0,92.49983724489795,92.57879991151027,95.0
1056.0,92.49983724489795,92.57876055884171,95.00000000000001
1057.0,92.49983724489795,92.57872126495121,95.0
1058.0,92.49983724489795,92.57868202969269,95.0
1059.0,92.49983724489795,92.57864285292032,95.0
1060.0,92.49983724489795,92.57860373448901,95.0
1061.0,92.49983724489795,92.5785646742541,95.0
1062.0,92.49983724489795,92.57852567207145,95.0
1063.0,92.49983724489795,92.57848672779731,95.0
1064.0,92.49983724489795,92.57844784128876,95.0
1065.0,92.49983724489795,92.57840901240296,95.0
1066.0,92.49983724489795,92.57837024099769,95.0
1067.0,92.49983724489795,92.57833152693142,95.0
1068.0,92.49983724489795,92.57829287006273,95.0
1069.0,92.49983724489795,92.5782542702512,95.0
1070.0,92.49983724489795,92.57821572735652,95.0
1071.0,92.49983724489795,92.57817724123879,95.0
1072.0,92.49983724489795,92.57813881175889,95.0
1073.0,92.49983724489795,92.57810043877802,95.0
1074.0,92.49983724489795,92.57806212215797,95.0
1075.0,92.49983724489795,92.57802386176068,95.0
1076.0,92.49983724489795,92.577985657449,95.0
1077.0,92.49983724489795,92.57794750908592,95.0
1078.0,92.49983724489795,92.57790941653508,95.0
1079.0,92.49983724489795,92.57787137966045,95.0
1080.0,92.49983724489795,92.57783339832659,95.0
1081.0,92.49983724489795,92.5777954723985,95.0
1082.0,92.49983724489795,92.57775760174152,95.0
1083.0,92.49983724489795,92.57771978622156,95.0
1084.0,92.49983724489795,92.57768202570502,95.0
1085.0,92.49983724489795,92.5776443200585,95.0
1086.0,92.49983724489795,92.57760666914952,95.0
1087.0,92.49983724489795,92.57756907284562,95.0
1088.0,92.49983724489795,92.57753153101483,95.0
1089.0,92.49983724489795,92.57749404352587,95.0
1090.0,92.49983724489795,92.57745661024782,95.0
1091.0,92.49983724489795,92.57741923105004,95.0
1092.0,92.49983724489795,92.57738190580248,95.0
1093.0,92.49983724489795,92.5773446343755,95.0
1094.0,92.49983724489795,92.5773074166398,95.0
1095.0,92.49983724489795,92.57727025246666,95.0
1096.0,92.49983724489795,92.57723314172783,95.0
1097.0,92.49983724489795,92.5771960842952,95.0
1098.0,92.49983724489795,92.57715908004133,95.0
1099.0,92.49983724489795,92.57712212883918,95.0
1100.0,92.49983724489795,92.57708523056208,95.0
1101.0,92.49983724489795,92.57704838508393,95.0
1102.0,92.49983724489795,92.57701159227872,95.0
1103.0,92.49983724489795,92.57697485202134,95.0
1104.0,92.49983724489795,92.57693816418643,95.0
1105.0,92.49983724489795,92.57690152864996,95.0
1106.0,92.49983724489795,92.57686494528728,95.0
1107.0,92.49983724489795,92.57682841397511,95.0
1108.0,92.49983724489795,92.57679193458982,95.0
1109.0,92.49983724489795,92.5767555070087,95.0
1110.0,92.49983724489795,92.57671913110912,95.0
1111.0,92.49983724489795,92.57668280676907,95.0
1112.0,92.49983724489795,92.57664653386682,95.0
1113.0,92.49983724489795,92.57661031228116,95.0
1114.0,92.49983724489795,92.57657414189114,95.0
1115.0,92.49983724489795,92.57653802257632,95.0
1116.0,92.49983724489795,92.57650195421658,95.0
1117.0,92.49983724489795,92.57646593669214,95.0
1118.0,92.49983724489795,92.57642996988383,95.0
1119.0,92.49983724489795,92.57639405367276,95.0
1120.0,92.49983724489795,92.57635818794033,95.0
1121.0,92.49983724489795,92.5763223725684,95.0
1122.0,92.49983724489795,92.57628660743917,95.0
1123.0,92.49983724489795,92.57625089243545,95.0
1124.0,92.49983724489795,92.57621522744017,95.0
1125.0,92.49983724489795,92.57617961233666,95.0
1126.0,92.49983724489795,92.57614404700884,95.0
1127.0,92.49983724489795,92.57610853134082,95.0
1128.0,92.49983724489795,92.57607306521713,95.0
1129.0,92.49983724489795,92.57603764852266,95.0
1130.0,92.49983724489795,92.57600228114268,95.0
1131.0,92.49983724489795,92.57596696296298,95.0
1132.0,92.49983724489795,92.57593169386953,95.0
1133.0,92.49983724489795,92.57589647374873,95.0
1134.0,92.49983724489795,92.57586130248735,95.0
1135.0,92.49983724489795,92.57582617997242,95.0
1136.0,92.49983724489795,92.5757911060916,95.0
1137.0,92.49983724489795,92.57575608073273,95.0
1138.0,92.49983724489795,92.57572110378396,95.0
1139.0,92.49983724489795,92.57568617513384,95.0
1140.0,92.49983724489795,92.57565129467152,95.0
1141.0,92.49983724489795,92.57561646228615,95.0
1142.0,92.49983724489795,92.57558167786745,95.0
1143.0,92.49983724489795,92.57554694130529,95.0
1144.0,92.49983724489795,92.57551225249016,95.0
1145.0,92.49983724489795,92.57547761131275,95.0
1146.0,92.49983724489795,92.57544301766417,95.0
1147.0,92.49983724489795,92.57540847143575,95.0
1148.0,92.49983724489795,92.5753739725193,95.0
1149.0,92.49983724489795,92.57533952080693,95.0
1150.0,92.49983724489795,92.57530511619117,95.0
1151.0,92.49983724489795,92.57527075856459,95.0
1152.0,92.49983724489795,92.57523644782052,95.0
1153.0,92.49983724489795,92.5752021838524,95.0
1154.0,92.49983724489795,92.575167966554,95.0
1155.0,92.49983724489795,92.57513379581944,95.0
1156.0,92.49983724489795,92.5750996715433,95.0
1157.0,92.49983724489795,92.57506559362037,95.0
1158.0,92.49983724489795,92.57503156194583,95.0
1159.0,92.49983724489795,92.57499757641506,95.0
1160.0,92.49983724489795,92.57496363692398,95.0
1161.0,92.49983724489795,92.5749297433687,95.0
1162.0,92.49983724489795,92.5748958956457,95.0
1163.0,92.49983724489795,92.57486209365169,95.0
1164.0,92.49983724489795,92.57482833728396,95.0
1165.0,92.49983724489795,92.57479462643978,95.0
1166.0,92.49983724489795,92.57476096101708,95.0
1167.0,92.49983724489795,92.57472734091394,95.0
1168.0,92.49983724489795,92.57469376602867,95.0
1169.0,92.49983724489795,92.5746602362601,95.0
1170.0,92.49983724489795,92.57462675150708,95.0
1171.0,92.49983724489795,92.57459331166925,95.0
1172.0,92.49983724489795,92.57455991664608,95.0
1173.0,92.49983724489795,92.57452656633761,95.0
1174.0,92.49983724489795,92.57449326064422,95.0
1175.0,92.49983724489795,92.57445999946651,95.0
1176.0,92.49983724489795,92.57442678270536,95.0
1177.0,92.49983724489795,92.57439361026196,95.0
1178.0,92.49983724489795,92.57436048203793,95.0
1179.0,92.49983724489795,92.57432739793501,95.0
1180.0,92.49983724489795,92.57429435785549,95.0
1181.0,92.49983724489795,92.57426136170177,95.0
1182.0,92.49983724489795,92.57422840937662,95.0
1183.0,92.49983724489795,92.57419550078299,95.0
1184.0,92.49983724489795,92.57416263582441,95.0
1185.0,92.49983724489795,92.57412981440432,95.0
1186.0,92.49983724489795,92.57409703642693,95.0
1187.0,92.49983724489795,92.57406430179626,95.0
1188.0,92.49983724489795,92.57403161041707,95.0
1189.0,92.49983724489795,92.57399896219398,95.0
1190.0,92.49983724489795,92.5739663570322,95.0
1191.0,92.49983724489795,92.57393379483719,95.0
1192.0,92.49983724489795,92.5739012755148,95.0
1193.0,92.49983724489795,92.57386879897072,95.0
1194.0,92.49983724489795,92.57383636511143,95.0
1195.0,92.49983724489795,92.57380397384355,95.0
1196.0,92.49983724489795,92.57377162507392,95.0
1197.0,92.49983724489795,92.57373931870954,95.0
1198.0,92.49983724489795,92.57370705465799,95.0
1199.0,92.49983724489795,92.573674832827,95.0
1200.0,92.49983724489795,92.57364265312452,95.0
