"tick","donation-normed-small","donation-small","donation-valued-small"
1.0,92.5,92.82009219983223,95.0
2.0,92.5,92.81750031750047,95.0
3.0,92.5,92.81497039417435,95.0
4.0,92.5,92.8125,95.0
5.0,92.28125,77.01728125,77.0
6.0,92.28125,77.0345625,77.0
7.0,92.28125,77.05184375,77.0
8.0,92.28125,77.069125,77.0
9.0,92.28125,77.07654349808624,77.0
10.0,92.28125,77.216540296282,76.99999999999999
11.0,92.28125,77.59709104886005,77.0
12.0,92.28125,78.63153524439937,77.0
13.0,92.28125,81.44344610368884,77.0
14.0,92.28125,88.81643891852153,77.0
15.0,92.28125,89.07075707651552,77.0
16.0,92.28125,89.29258283028341,77.00000000000001
17.0,92.28125,89.48829361699137,76.99999999999999
18.0,92.28125,89.66264166320093,77.00000000000001
19.0,92.28125,89.81925043655686,76.99999999999999
20.0,92.28125,89.96093750000001,77.00000000000001
21.0,92.28125,90.08993122984086,76.99999999999999
22.0,92.28125,90.20802031254,77.00000000000001
23.0,92.28125,90.31665934904933,76.99999999999999
24.0,92.28125,90.41704502638319,77.00000000000001
25.0,92.28125,90.51017208435925,76.99999999999999
26.0,92.28125,90.59687512047961,77.00000000000001
27.0,92.28125,90.67786028207617,76.99999999999999
28.0,92.28125,90.75372961521069,77.00000000000001
29.0,92.28125,90.82499999999999,76.99999999999999
30.0,92.28125,90.89211803964326,77.00000000000001
31.0,92.28125,90.95547188685558,76.99999999999999
32.0,92.28125,91.01540072540465,77.00000000000001
33.0,92.28125,91.07220243712781,76.99999999999999
34.0,92.28125,91.12613985103796,77.00000000000001
35.0,92.28125,91.17744587434979,76.99999999999999
36.0,92.28125,91.226327734405,77.00000000000001
37.0,92.28125,91.27297050801559,76.99999999999999
38.0,92.28125,91.31754007550603,77.00000000000001
39.0,92.28125,91.36018560709456,76.99999999999999
40.0,92.28125,91.40104166666667,77.00000000000001
41.0,92.28125,91.44023000062928,76.99999999999999
42.0,92.28125,91.47786106608403,77.00000000000001
43.0,92.28125,91.51403534205583,76.99999999999999
44.0,92.28125,91.54884445926078,77.00000000000001
45.0,92.28125,91.58237217736252,76.99999999999999
46.0,92.28125,91.61469523346761,77.00000000000001
47.0,92.28125,91.64588408143966,76.99999999999999
48.0,92.28125,91.67600353825777,77.00000000000001
49.0,92.28125,91.7051133509221,76.99999999999999
50.0,92.28125,91.73326869519819,77.00000000000001
51.0,92.28125,91.760520615677,76.99999999999999
52.0,92.28125,91.7869164151417,77.00000000000001
53.0,92.28125,91.81249999999999,76.99999999999999
54.0,92.28125,91.837312187524,77.00000000000001
55.0,92.28125,91.86139097978909,76.99999999999999
56.0,92.28125,91.8847718084957,77.00000000000001
57.0,92.28125,91.90748775426171,76.99999999999999
58.0,92.28125,91.9295697434738,77.00000000000001
59.0,92.28125,91.95104672536141,76.99999999999999
60.0,92.28125,91.97194583160046,77.00000000000001
61.0,92.28125,91.99229252044697,76.99999999999999
62.0,92.28125,92.01211070714294,77.00000000000001
63.0,92.28125,92.03142288211262,76.99999999999999
64.0,92.28125,92.05025021827845,77.00000000000001
65.0,92.28125,92.06861266865963,76.99999999999999
66.0,92.28125,92.08652905527796,77.00000000000001
67.0,92.28125,92.10401715026975,76.99999999999999
68.0,92.28125,92.12109375000001,77.00000000000001
69.0,92.28125,92.13777474288023,76.99999999999999
70.0,92.28125,92.15407517151343,77.00000000000001
71.0,92.28125,92.17000928971758,76.99999999999999
72.0,92.28125,92.18559061492044,77.00000000000001
73.0,92.28125,92.20083197636154,76.99999999999999
74.0,92.28125,92.21574555949401,77.00000000000001
75.0,92.28125,92.23034294693375,76.99999999999999
76.0,92.28125,92.24463515627001,77.00000000000001
77.0,92.28125,92.25863267501686,76.99999999999999
78.0,92.28125,92.27234549295838,77.00000000000001
79.0,92.28125,92.28578313211334,76.99999999999999
80.0,92.28125,92.2989546745247,77.00000000000001
81.0,92.28125,92.31186878805687,76.99999999999999
82.0,92.28125,92.32453375036889,77.00000000000001
83.0,92.28125,92.3369574712122,76.99999999999999
84.0,92.28125,92.3491475131916,77.00000000000001
85.0,92.28125,92.3611111111111,76.99999999999999
86.0,92.28125,92.37285519001907,77.00000000000001
87.0,92.28125,92.38438638205315,76.99999999999999
88.0,92.28125,92.39571104217964,77.00000000000001
89.0,92.28125,92.40683526291066,76.99999999999999
90.0,92.28125,92.4177648880781,77.00000000000001
91.0,92.28125,92.42850552573343,76.99999999999999
92.0,92.28125,92.43906256023982,77.00000000000001
93.0,92.28125,92.449441163614,76.99999999999999
94.0,92.28125,92.45964630617385,77.00000000000001
95.0,92.28125,92.46968276653993,76.99999999999999
96.0,92.28125,92.4795551410381,77.00000000000001
97.0,92.28125,92.48926785254397,76.99999999999999
98.0,92.28125,92.49882515880903,77.00000000000001
99.0,92.28125,92.50823116030283,76.99999999999999
100.0,92.28125,92.51748980760536,77.00000000000001
101.0,92.28125,92.52660490837846,76.99999999999999
102.0,92.28125,92.53558013394573,77.00000000000001
103.0,92.28125,92.54441902550516,76.99999999999999
104.0,92.28125,92.55312500000001,77.00000000000001
105.0,92.28125,92.56170135566836,76.99999999999999
106.0,92.28125,92.57015127729343,77.00000000000001
107.0,92.28125,92.57847784117232,76.99999999999999
108.0,92.28125,92.58668401982165,77.00000000000001
109.0,92.28125,92.5947726864358,76.99999999999999
110.0,92.28125,92.60274661911386,77.00000000000001
111.0,92.28125,92.61060850486794,76.99999999999999
112.0,92.28125,92.6183609434278,77.00000000000001
113.0,92.28125,92.62600645085219,76.99999999999999
114.0,92.28125,92.63354746295997,77.00000000000001
115.0,92.28125,92.6409863385902,76.99999999999999
116.0,92.28125,92.64832536270234,77.00000000000001
117.0,92.28125,92.65556674932459,76.99999999999999
118.0,92.28125,92.6627126443604,77.00000000000001
119.0,92.28125,92.6697651282597,76.99999999999999
120.0,92.28125,92.67672621856391,77.00000000000001
121.0,92.28125,92.68359787233045,76.99999999999999
122.0,92.28125,92.69038198844447,77.00000000000001
123.0,92.28125,92.69708040982312,76.99999999999999
124.0,92.28125,92.70369492551899,77.00000000000001
125.0,92.28125,92.71022727272727,76.99999999999999
126.0,92.28125,92.71667913870274,77.00000000000001
127.0,92.28125,92.72305216259034,76.99999999999999
128.0,92.28125,92.72934793717491,77.00000000000001
129.0,92.28125,92.73556801055327,76.99999999999999
130.0,92.28125,92.74171388773365,77.00000000000001
131.0,92.28125,92.74778703216528,76.99999999999999
132.0,92.28125,92.7537888672025,77.00000000000001
133.0,92.28125,92.75972077750602,76.99999999999999
134.0,92.28125,92.76558411038505,77.00000000000001
135.0,92.28125,92.77138017708263,76.99999999999999
136.0,92.28125,92.77711025400781,77.00000000000001
137.0,92.28125,92.78277558391612,76.99999999999999
138.0,92.28125,92.78837737704222,77.00000000000001
139.0,92.28125,92.79391681218561,76.99999999999999
140.0,92.28125,92.79939503775302,77.00000000000001
141.0,92.28125,92.80481317275822,76.99999999999999
142.0,92.28125,92.81017230778255,77.00000000000001
143.0,92.28125,92.81547350589679,76.99999999999999
144.0,92.28125,92.8207178035473,77.00000000000001
145.0,92.28125,92.82590621140692,76.99999999999999
146.0,92.28125,92.83103971519355,77.00000000000001
147.0,92.28125,92.83611927645649,76.99999999999999
148.0,92.28125,92.84114583333334,77.00000000000001
149.0,92.28125,92.84612030127755,76.99999999999999
150.0,92.28125,92.85104357375904,77.00000000000001
151.0,92.28125,92.8559165229381,76.99999999999999
152.0,92.28125,92.86074000031466,77.00000000000001
153.0,92.28125,92.86551483735302,76.99999999999999
154.0,92.28125,92.87024184608428,77.00000000000001
155.0,92.28125,92.87492181968608,76.99999999999999
156.0,92.28125,92.87955553304201,77.00000000000001
157.0,92.28125,92.88414374328029,76.99999999999999
158.0,92.28125,92.88868719029365,77.00000000000001
159.0,92.28125,92.89318659724036,76.99999999999999
160.0,92.28125,92.89764267102794,77.00000000000001
161.0,92.28125,92.90205610277937,76.99999999999999
162.0,92.28125,92.90642756828383,77.00000000000001
163.0,92.28125,92.91075772843082,76.99999999999999
164.0,92.28125,92.91504722963039,77.00000000000001
165.0,92.28125,92.91929670421804,76.99999999999999
166.0,92.28125,92.92350677084667,77.00000000000001
167.0,92.28125,92.92767803486456,76.99999999999999
168.0,92.28125,92.93181108868127,77.00000000000001
169.0,92.28125,92.93590651212085,76.99999999999999
170.0,92.28125,92.93996487276375,77.00000000000001
171.0,92.28125,92.94398672627693,76.99999999999999
172.0,92.28125,92.94797261673382,77.00000000000001
173.0,92.28125,92.95192307692307,76.99999999999999
174.0,92.28125,92.95583862864814,77.00000000000001
175.0,92.28125,92.95971978301644,76.99999999999999
176.0,92.28125,92.96356704071985,77.00000000000001
177.0,92.28125,92.96738089230578,76.99999999999999
178.0,92.28125,92.97116181844021,77.00000000000001
179.0,92.28125,92.97491029016184,76.99999999999999
180.0,92.28125,92.9786267691289,77.00000000000001
181.0,92.28125,92.98231170785759,76.99999999999999
182.0,92.28125,92.98596554995405,77.00000000000001
183.0,92.28125,92.98958873033806,76.99999999999999
184.0,92.28125,92.99318167546107,77.00000000000001
185.0,92.28125,92.9967448035166,76.99999999999999
186.0,92.28125,93.00027852464504,77.00000000000001
187.0,92.28125,93.00378324113163,76.99999999999999
188.0,92.28125,93.0072593475991,77.00000000000001
189.0,92.28125,93.01070723119412,76.99999999999999
190.0,92.28125,93.01412727176863,77.00000000000001
191.0,92.28125,93.0175198420553,76.99999999999999
192.0,92.28125,93.02088530783851,77.00000000000001
193.0,92.28125,93.02422402811973,76.99999999999999
194.0,92.28125,93.02753635527866,77.00000000000001
195.0,92.28125,93.03082263522901,76.99999999999999
196.0,92.28125,93.03408320757086,77.00000000000001
197.0,92.28125,93.03731840573741,76.99999999999999
198.0,92.28125,93.04052855713874,77.00000000000001
199.0,92.28125,93.04371398330059,76.99999999999999
200.0,92.28125,93.04687500000001,77.00000000000001
201.0,92.28125,93.05001191739642,76.99999999999999
202.0,92.28125,93.05312504015987,77.00000000000001
203.0,92.28125,93.05621466759496,76.99999999999999
204.0,92.28125,93.05928109376201,77.00000000000001
205.0,92.28125,93.06232460759435,76.99999999999999
206.0,92.28125,93.06534549301298,77.00000000000001
207.0,92.28125,93.06834402903746,76.99999999999999
208.0,92.28125,93.07132048989456,77.00000000000001
209.0,92.28125,93.0742751451232,76.99999999999999
210.0,92.28125,93.0772082596773,77.00000000000001
211.0,92.28125,93.08012009402538,76.99999999999999
212.0,92.28125,93.08301090424786,77.00000000000001
213.0,92.28125,93.08588094213142,76.99999999999999
214.0,92.28125,93.0887304552615,77.00000000000001
215.0,92.28125,93.09155968711157,76.99999999999999
216.0,92.28125,93.09436887713086,77.00000000000001
217.0,92.1589057397609,65.01442453073976,64.99999999999999
218.0,92.1589057397609,65.00000000000001,65.00000000000001
219.0,92.1589057397609,64.99999999999999,64.99999999999999
220.0,92.1589057397609,65.00000000000001,65.00000000000001
221.0,92.1589057397609,64.99999999999999,64.99999999999999
222.0,92.1589057397609,65.00000000000001,65.00000000000001
223.0,92.1589057397609,64.99999999999999,64.99999999999999
224.0,92.1589057397609,65.00000000000001,65.00000000000001
225.0,92.1589057397609,64.99999999999999,64.99999999999999
226.0,92.1589057397609,65.00000000000001,65.00000000000001
227.0,92.1589057397609,64.99999999999999,64.99999999999999
228.0,92.1589057397609,65.00000000000001,65.00000000000001
229.0,92.1589057397609,64.99999999999999,64.99999999999999
230.0,92.1589057397609,65.00000000000001,65.00000000000001
231.0,92.1589057397609,64.99999999999999,64.99999999999999
232.0,92.1589057397609,65.00000000000001,65.00000000000001
233.0,92.1589057397609,64.99999999999999,64.99999999999999
234.0,92.1589057397609,65.00000000000001,65.00000000000001
235.0,92.1589057397609,64.99999999999999,64.99999999999999
236.0,92.1589057397609,65.00000000000001,65.00000000000001
237.0,92.1589057397609,64.99999999999999,64.99999999999999
238.0,92.1589057397609,65.00000000000001,65.00000000000001
239.0,92.1589057397609,64.99999999999999,64.99999999999999
240.0,92.1589057397609,65.00000000000001,65.00000000000001
241.0,92.1589057397609,64.99999999999999,64.99999999999999
242.0,92.1589057397609,65.00000000000001,65.00000000000001
243.0,92.1589057397609,64.99999999999999,64.99999999999999
244.0,92.1589057397609,65.00000000000001,65.00000000000001
245.0,92.1589057397609,64.99999999999999,64.99999999999999
246.0,92.1589057397609,65.00000000000001,65.00000000000001
247.0,92.1589057397609,64.99999999999999,64.99999999999999
248.0,92.1589057397609,65.00000000000001,65.00000000000001
249.0,92.1589057397609,64.99999999999999,64.99999999999999
250.0,92.1589057397609,65.00000000000001,65.00000000000001
251.0,92.1589057397609,64.99999999999999,64.99999999999999
252.0,92.1589057397609,65.00000000000001,65.00000000000001
253.0,92.1589057397609,64.99999999999999,64.99999999999999
254.0,92.1589057397609,65.00000000000001,65.00000000000001
255.0,92.1589057397609,64.99999999999999,64.99999999999999
256.0,92.1589057397609,65.00000000000001,65.00000000000001
257.0,92.1589057397609,64.99999999999999,64.99999999999999
258.0,86.57557240642757,65.00000000000001,65.00000000000001
259.0,69.82197240642758,64.99399999999999,64.99999999999999
260.0,69.82197240642758,64.96999640000001,65.0
261.0,69.82197240642758,64.9459928,65.0
262.0,69.82197240642758,64.9219892,65.0
263.0,69.82197240642758,64.90140991892848,65.0
264.0,69.82197240642758,64.84507484702569,65.0
265.0,69.82197240642758,64.56710011305299,65.00000000000001
266.0,69.82197240642758,63.81148644492421,65.0
267.0,69.82197240642758,61.75751554151455,65.0
268.0,66.77243384806381,56.268186052310945,65.0
269.0,62.08946156890182,52.61351170941538,65.0
270.0,62.08946156890182,56.55002224710955,65.0
271.0,62.08946156890182,56.41478092332728,65.0
272.0,62.08946156890182,56.29602553564977,65.0
273.0,62.08946156890182,56.190847737290206,65.0
274.0,62.08946156890182,56.09145126894875,65.0
275.0,62.08946156890182,56.07637899175472,65.0
276.0,62.08946156890182,56.205102650966204,65.0
277.0,62.08946156890182,56.70949835052053,65.0
278.0,62.08946156890182,58.2220113557637,65.0
279.0,62.08946156890182,62.31102364715442,65.0
280.0,62.08946156890182,62.39194157187874,65.0
281.0,62.08946156890182,62.458759384158014,65.0
282.0,62.08946156890182,62.51461783881293,65.0
283.0,62.08946156890182,62.56180726862263,65.0
284.0,62.08946156890182,62.60203569249432,65.0
285.0,62.08946156890182,62.63660153401971,65.0
286.0,62.08946156890182,62.66650838804418,65.0
287.0,62.08946156890182,62.69254333843448,65.0
288.0,62.08946156890182,62.71533165579609,65.0
289.0,62.08946156890182,62.73537578432416,65.0
290.0,62.08946156890182,62.75308363601933,65.0
291.0,62.08946156890182,62.76878945792753,65.0
292.0,62.08946156890182,62.782769445960774,65.0
293.0,62.08946156890182,62.79525358143371,65.0
294.0,62.08946156890182,62.80643471117448,65.0
295.0,62.08946156890182,62.81647558891572,65.0
296.0,62.08946156890182,62.8255143901493,65.0
297.0,62.08946156890182,62.833669070994944,65.0
298.0,62.08946156890182,62.841040842552076,65.0
299.0,62.08946156890182,62.847716961932235,65.0
300.0,62.08946156890182,62.85377299069001,65.0
301.0,62.08946156890182,62.85927463468337,65.0
302.0,62.08946156890182,62.86427925243578,65.0
303.0,62.08946156890182,62.868837099063114,65.0
304.0,62.08946156890182,62.87299235783405,65.0
305.0,62.08946156890182,62.87678400009656,65.0
306.0,62.08946156890182,62.880246505662114,65.0
307.0,62.08946156890182,62.883410469100205,65.0
308.0,62.08946156890182,62.886303112257025,65.0
309.0,62.08946156890182,62.88894871930825,65.0
310.0,62.08946156890182,62.89136900751413,65.0
311.0,62.08946156890182,62.89358344436579,65.0
312.0,62.08946156890182,62.89560951984269,65.0
313.0,62.08946156890182,62.89746298092968,65.0
314.0,62.08946156890182,62.89915803427991,65.0
315.0,62.08946156890182,62.900707521892365,65.0
316.0,62.08946156890182,62.90212307384761,65.0
317.0,62.08946156890182,62.90341524147331,65.0
318.0,62.08946156890182,62.90459361376153,65.0
319.0,62.08946156890182,62.90566691940868,65.0
320.0,62.08946156890182,62.906643116476225,65.0
321.0,62.08946156890182,62.907529471362466,65.0
322.0,62.08946156890182,62.90833262851958,65.0
323.0,62.08946156890182,62.9090586721364,65.0
324.0,62.08946156890182,62.90971318082898,65.0
325.0,62.08946156890182,62.91030127623083,65.0
326.0,62.08946156890182,62.910827666248565,65.0
327.0,62.08946156890182,62.91129668364186,65.0
328.0,62.08946156890182,62.911712320496456,65.0
329.0,62.08946156890182,62.91207825908213,65.0
330.0,62.08946156890182,62.91239789952176,65.0
331.0,62.08946156890182,62.912674384642635,65.0
332.0,62.08946156890182,62.9129106223323,65.0
333.0,62.08946156890182,62.91310930568101,65.0
334.0,62.08946156890182,62.91327293115711,65.0
335.0,62.08946156890182,62.913403815031295,65.0
336.0,62.08946156890182,62.91350410823941,65.0
337.0,62.08946156890182,62.913575809850705,65.0
338.0,62.08946156890182,62.91362077928847,65.0
339.0,62.08946156890182,62.91364074743303,65.0
340.0,62.08946156890182,62.91363732672179,65.0
341.0,62.08946156890182,62.9136120203483,65.0
342.0,62.08946156890182,62.91356623065034,65.0
343.0,62.08946156890182,62.9135012667675,65.0
344.0,62.08946156890182,62.91341835163954,65.0
345.0,62.08946156890182,62.91331862840943,65.0
346.0,62.08946156890182,62.91320316628748,65.0
347.0,62.08946156890182,62.91307296592806,65.0
348.0,62.08946156890182,62.91292896436366,65.0
349.0,62.08946156890182,62.91277203953778,65.0
350.0,62.08946156890182,62.9126030144727,65.0
351.0,62.08946156890182,62.91242266110555,65.0
352.0,62.08946156890182,62.91223170382187,65.0
353.0,62.08946156890182,62.9120308227136,65.0
354.0,62.08946156890182,62.91182065658558,65.0
355.0,62.08946156890182,62.911601805732225,65.0
356.0,62.08946156890182,62.911374834503896,65.0
357.0,62.08946156890182,62.91114027368124,65.0
358.0,62.08946156890182,62.91089862267298,65.0
359.0,62.08946156890182,62.91065035155236,65.0
360.0,62.08946156890182,62.91039590294514,65.0
361.0,62.08946156890182,62.91013569378139,65.0
362.0,62.08946156890182,62.90987011692206,65.0
363.0,62.08946156890182,62.909599542670286,65.0
364.0,62.08946156890182,62.909324320176495,65.0
365.0,62.08946156890182,62.90904477874583,65.0
366.0,62.08946156890182,62.908761229055216,65.0
367.0,62.08946156890182,62.90847396428725,65.0
368.0,62.08946156890182,62.90818326118716,65.0
369.0,62.08946156890182,62.90788938104859,65.0
370.0,62.08946156890182,62.907592570633675,65.0
371.0,62.08946156890182,62.90729306303225,65.0
372.0,62.08946156890182,62.906991078464564,65.0
373.0,62.08946156890182,62.90668682503184,65.0
374.0,62.08946156890182,62.906380499418155,65.0
375.0,62.08946156890182,62.90607228754755,65.0
376.0,62.08946156890182,62.90576236519913,65.0
377.0,62.08946156890182,62.90545089858344,65.0
378.0,62.08946156890182,62.90513804488263,65.0
379.0,62.08946156890182,62.904823952757134,65.0
380.0,62.08946156890182,62.904508762820875,65.0
381.0,62.08946156890182,62.90419260808753,65.0
382.0,62.08946156890182,62.90387561438943,65.0
383.0,62.08946156890182,62.90355790077135,65.0
384.0,62.08946156890182,62.90323957986036,65.0
385.0,62.08946156890182,62.90292075821397,65.0
386.0,62.08946156890182,62.902601536647325,65.0
387.0,62.08946156890182,62.90228201054137,65.0
388.0,62.08946156890182,62.90196227013291,65.0
389.0,62.08946156890182,62.90164240078784,65.0
390.0,62.08946156890182,62.90132248325861,65.0
391.0,62.08946156890182,62.901002593926925,65.0
392.0,62.08946156890182,62.900682805032574,65.0
393.0,62.08946156890182,62.90036318488944,65.0
394.0,62.08946156890182,62.900043798089165,65.0
395.0,62.08946156890182,62.89972470569353,65.0
396.0,62.08946156890182,62.89940596541613,65.0
397.0,62.08946156890182,62.899087631794,65.0
398.0,62.08946156890182,62.89876975634973,65.0
399.0,62.08946156890182,62.89845238774485,65.0
400.0,62.08946156890182,62.89813557192477,65.0
401.0,62.08946156890182,62.897819352255944,65.0
402.0,62.08946156890182,62.89750376965563,65.0
403.0,62.08946156890182,62.89718886271472,65.0
404.0,62.08946156890182,62.896874667814025,65.0
405.0,62.08946156890182,62.896561219234485,65.0
406.0,62.08946156890182,62.89624854926142,65.0
407.0,62.08946156890182,62.89593668828349,65.0
408.0,62.08946156890182,62.8956256648864,65.0
409.0,62.08946156890182,62.895315505941774,65.0
410.0,62.08946156890182,62.89500623669142,65.0
411.0,62.08946156890182,62.894697880827344,65.0
412.0,62.08946156890182,62.894390460567536,65.0
413.0,62.08946156890182,62.89408399672808,65.0
414.0,62.08946156890182,62.893778508791435,65.0
415.0,62.08946156890182,62.893474014971446,65.0
416.0,62.08946156890182,62.89317053227487,65.0
417.0,62.08946156890182,62.89286807656014,65.0
418.0,62.08946156890182,62.89256666259285,65.0
419.0,62.08946156890182,62.892266304098776,65.0
420.0,62.08946156890182,62.89196701381416,65.0
421.0,62.08946156890182,62.8916688035335,65.0
422.0,62.08946156890182,62.891371684155054,65.0
423.0,62.08946156890182,62.891075665724145,65.0
424.0,62.08946156890182,62.89078075747425,65.0
425.0,62.08946156890182,62.89048696786626,65.0
426.0,62.08946156890182,62.89019430462571,65.0
427.0,62.08946156890182,62.88990277477831,65.0
428.0,62.08946156890182,62.88961238468371,65.0
429.0,62.08946156890182,62.88932314006772,65.0
430.0,62.08946156890182,62.889035046052946,65.0
431.0,62.08946156890182,62.88874810718801,65.0
432.0,62.08946156890182,62.88846232747536,65.0
433.0,62.08946156890182,62.8881777103978,65.0
434.0,62.08946156890182,62.88789425894375,65.0
435.0,62.08946156890182,62.88761197563135,65.0
436.0,62.08946156890182,62.88733086253139,65.0
437.0,62.203442896563196,54.6257418369426,56.42857142857143
438.0,62.203442896563196,54.63377251151432,56.42857142857143
439.0,62.203442896563196,54.6418041923331,56.42857142857143
440.0,62.203442896563196,54.64983687981943,56.42857142857143
441.0,62.203442896563196,54.653150938791455,56.42857142857143
442.0,62.203442896563196,54.71990886813815,56.42857142857143
443.0,62.203442896563196,54.90178039555408,56.42857142857143
444.0,62.203442896563196,55.39656139518936,56.42857142857143
445.0,62.203442896563196,56.741916798424405,56.42857142857143
446.0,62.203442896563196,60.26989359466774,56.42857142857143
447.0,62.203442896563196,60.39136289252196,56.42857142857143
448.0,62.203442896563196,60.49728455904085,56.42857142857143
449.0,62.203442896563196,60.590710395619396,56.42857142857143
450.0,62.203442896563196,60.67391448935407,56.42857142857143
451.0,62.203442896563196,60.74863078071481,56.42857142857143
452.0,62.203442896563196,60.81620755939405,56.42857142857143
453.0,62.203442896563196,60.87771117069313,56.42857142857143
454.0,62.203442896563196,60.933997554416365,56.42857142857143
455.0,62.203442896563196,60.98576277986011,56.42857142857143
456.0,62.203442896563196,61.03357949629967,56.42857142857143
457.0,62.203442896563196,61.07792371483321,56.42857142857143
458.0,62.203442896563196,61.11919481333188,56.42857142857143
459.0,62.203442896563196,61.15773070212963,56.42857142857143
460.0,62.203442896563196,61.19381947573993,56.42857142857143
461.0,62.203442896563196,61.2277084740074,56.42857142857143
462.0,62.203442896563196,61.259611406978976,56.42857142857143
463.0,62.203442896563196,61.289714014227954,56.42857142857143
464.0,62.203442896563196,61.318178602071235,56.42857142857143
465.0,62.203442896563196,61.34514771248204,56.42857142857143
466.0,62.203442896563196,61.37074711348732,56.42857142857143
467.0,62.203442896563196,61.39508825452923,56.42857142857143
468.0,62.203442896563196,61.41827029636325,56.42857142857143
469.0,62.203442896563196,61.4403817999639,56.42857142857143
470.0,62.203442896563196,61.461502140130214,56.42857142857143
471.0,62.203442896563196,61.48170269530101,56.42857142857143
472.0,62.203442896563196,61.50104785427994,56.42857142857143
473.0,62.203442896563196,61.51959587226187,56.42857142857143
474.0,62.203442896563196,61.53739960211486,56.42857142857143
475.0,62.203442896563196,61.55450712184746,56.42857142857143
476.0,62.203442896563196,61.570962275240916,56.42857142857143
477.0,62.203442896563196,61.586805139500136,56.42857142857143
478.0,62.203442896563196,61.6020724312878,56.42857142857143
479.0,62.203442896563196,61.6167978605123,56.42857142857143
480.0,62.203442896563196,61.631012439632805,56.42857142857143
481.0,62.203442896563196,61.64474475494401,56.42857142857143
482.0,62.203442896563196,61.65802120524306,56.42857142857143
483.0,62.203442896563196,61.670866212414445,56.42857142857143
484.0,62.203442896563196,61.68330240775619,56.42857142857143
485.0,62.203442896563196,61.69535079728225,56.42857142857143
486.0,62.203442896563196,61.70703090874817,56.42857142857143
487.0,62.203442896563196,61.71836092274144,56.42857142857143
488.0,62.203442896563196,61.72935778983798,56.42857142857143
489.0,62.203442896563196,61.74003733554229,56.42857142857143
490.0,62.203442896563196,61.750414354488406,56.42857142857143
491.0,62.203442896563196,61.760502695177095,56.42857142857143
492.0,62.203442896563196,61.77031533635244,56.42857142857143
493.0,62.203442896563196,61.7798644559759,56.42857142857143
494.0,62.203442896563196,61.7891614936308,56.42857142857143
495.0,62.203442896563196,61.798217207084335,56.42857142857143
496.0,62.203442896563196,61.80704172364259,56.42857142857143
497.0,62.203442896563196,61.815644586856,56.42857142857143
498.0,62.203442896563196,61.82403479906431,56.42857142857143
499.0,62.203442896563196,61.83222086021247,56.42857142857143
500.0,62.203442896563196,61.84021080331737,56.42857142857143
501.0,62.203442896563196,61.848012226921945,56.42857142857143
502.0,62.203442896563196,61.85563232483414,56.42857142857143
503.0,62.203442896563196,61.863077913415545,56.42857142857143
504.0,62.203442896563196,61.870355456654416,56.42857142857143
505.0,62.203442896563196,61.877471089232984,56.42857142857143
506.0,62.203442896563196,61.88443063777547,56.42857142857143
507.0,62.203442896563196,61.89123964044453,56.42857142857143
508.0,62.203442896563196,61.89790336503522,56.42857142857143
509.0,62.203442896563196,61.90442682570115,56.42857142857143
510.0,62.203442896563196,61.91081479843307,56.42857142857143
511.0,62.203442896563196,61.917071835398666,56.42857142857143
512.0,62.203442896563196,61.92320227824098,56.42857142857143
513.0,62.203442896563196,61.92921027042395,56.42857142857143
514.0,62.203442896563196,61.93509976870449,56.42857142857143
515.0,62.203442896563196,61.940874553803425,56.42857142857143
516.0,62.203442896563196,61.94653824034034,56.42857142857143
517.0,62.203442896563196,61.95209428609182,56.42857142857143
518.0,62.203442896563196,61.957546000626785,56.42857142857143
519.0,62.203442896563196,61.962896553367784,56.42857142857143
520.0,62.203442896563196,61.968148981122944,56.42857142857143
521.0,62.203442896563196,61.97330619512905,56.42857142857143
522.0,62.203442896563196,61.978370987642904,56.42857142857143
523.0,62.203442896563196,61.983346038114725,56.42857142857143
524.0,62.203442896563196,61.988233918974615,56.42857142857143
525.0,62.203442896563196,61.99303710106045,56.42857142857143
526.0,62.203442896563196,61.99775795871307,56.42857142857143
527.0,62.203442896563196,62.002398774562685,56.42857142857143
528.0,62.203442896563196,62.00696174402832,56.42857142857143
529.0,62.203442896563196,62.01144897955045,56.42857142857143
530.0,62.203442896563196,62.015862514575325,56.42857142857143
531.0,62.203442896563196,62.020204307308,56.42857142857143
532.0,62.203442896563196,62.02447624424968,56.42857142857143
533.0,62.203442896563196,62.028680143534146,56.42857142857143
534.0,62.203442896563196,62.03281775807623,56.42857142857143
535.0,62.203442896563196,62.03689077854511,56.42857142857143
536.0,62.203442896563196,62.040900836173535,56.42857142857143
537.0,62.203442896563196,62.044849505413715,56.42857142857143
538.0,62.203442896563196,62.04873830644964,56.42857142857143
539.0,62.203442896563196,62.05256870757493,56.42857142857143
540.0,62.203442896563196,62.05634212744455,56.42857142857143
541.0,62.203442896563196,62.06005993720841,56.42857142857143
542.0,62.203442896563196,62.06372346253384,56.42857142857143
543.0,62.203442896563196,62.06733398552392,56.42857142857143
544.0,62.203442896563196,62.070892746538,56.42857142857143
545.0,62.203442896563196,62.07440094591989,56.42857142857143
546.0,62.203442896563196,62.07785974563962,56.42857142857143
547.0,62.203442896563196,62.081270270853615,56.42857142857143
548.0,62.203442896563196,62.08463361138808,56.42857142857143
549.0,62.203442896563196,62.08795082314993,56.42857142857143
550.0,62.203442896563196,62.09122292946965,56.42857142857143
551.0,62.203442896563196,62.09445092237964,56.42857142857143
552.0,62.203442896563196,62.09763576383188,56.42857142857143
553.0,62.203442896563196,62.10077838685818,56.42857142857143
554.0,62.203442896563196,62.103879696676294,56.42857142857143
555.0,62.203442896563196,62.106940571744715,56.42857142857143
556.0,62.203442896563196,62.109961864769105,56.42857142857143
557.0,62.203442896563196,62.11294440366278,56.42857142857143
558.0,62.203442896563196,62.11588899246383,56.42857142857143
559.0,62.203442896563196,62.11879641221122,56.42857142857143
560.0,62.203442896563196,62.121667421781794,56.42857142857143
561.0,62.203442896563196,62.12450275869055,56.42857142857143
562.0,62.203442896563196,62.12730313985567,56.42857142857143
563.0,62.203442896563196,62.13006926233066,56.42857142857143
564.0,62.203442896563196,62.132801804004586,56.42857142857143
565.0,62.203442896563196,62.13550142427277,56.42857142857143
566.0,62.203442896563196,62.13816876467875,56.42857142857143
567.0,62.203442896563196,62.14080444952939,56.42857142857143
568.0,62.203442896563196,62.143409086484276,56.42857142857143
569.0,62.203442896563196,62.145983267120606,56.42857142857143
570.0,62.203442896563196,62.14852756747501,56.42857142857143
571.0,62.203442896563196,62.151042548563034,56.42857142857143
572.0,62.203442896563196,62.153528756877776,56.42857142857143
573.0,62.203442896563196,62.155986724868335,56.42857142857143
574.0,62.203442896563196,62.158416971399156,56.42857142857143
575.0,62.203442896563196,62.160820002191244,56.42857142857143
576.0,62.203442896563196,62.16319631024588,56.42857142857143
577.0,62.203442896563196,62.16554637625193,56.42857142857143
578.0,62.203442896563196,62.16787066897718,56.42857142857143
579.0,62.203442896563196,62.17016964564473,56.42857142857143
580.0,62.203442896563196,62.17244375229486,56.42857142857143
581.0,62.203442896563196,62.174693424133274,56.42857142857143
582.0,62.203442896563196,62.17691908586601,56.42857142857143
583.0,62.203442896563196,62.17912115202205,56.42857142857143
584.0,62.203442896563196,62.18130002726361,56.42857142857143
585.0,62.203442896563196,62.18345610668525,56.42857142857143
586.0,62.203442896563196,62.18558977610178,56.42857142857143
587.0,62.203442896563196,62.18770141232573,56.42857142857143
588.0,62.203442896563196,62.189791383434795,56.42857142857143
589.0,62.203442896563196,62.19186004902959,56.42857142857143
590.0,62.203442896563196,62.1939077604822,56.42857142857143
591.0,62.203442896563196,62.19593486117588,56.42857142857143
592.0,62.203442896563196,62.19794168673629,56.42857142857143
593.0,62.203442896563196,62.19992856525472,56.42857142857143
594.0,62.203442896563196,62.20189581750325,56.42857142857143
595.0,62.203442896563196,62.20384375714276,56.42857142857143
596.0,62.203442896563196,62.20577269092359,56.42857142857143
597.0,62.203442896563196,62.207682918879414,56.42857142857143
598.0,62.203442896563196,62.20957473451442,56.42857142857143
599.0,62.203442896563196,62.21144842498431,56.42857142857143
600.0,62.203442896563196,62.213304271271056,56.42857142857143
601.0,62.203442896563196,62.215142548351956,56.42857142857143
602.0,62.203442896563196,62.21696352536294,56.42857142857143
603.0,62.203442896563196,62.21876746575666,56.42857142857143
604.0,62.203442896563196,62.22055462745516,56.42857142857143
605.0,62.203442896563196,62.222325262997835,56.42857142857143
606.0,62.203442896563196,62.224079619684346,56.42857142857143
607.0,62.203442896563196,62.22581793971312,56.42857142857143
608.0,62.203442896563196,62.22754046031524,56.42857142857143
609.0,62.203442896563196,62.22924741388427,56.42857142857143
610.0,62.203442896563196,62.23093902810176,56.42857142857143
611.0,62.203442896563196,62.23261552605889,56.42857142857143
612.0,62.203442896563196,62.2342771263744,56.42857142857143
613.0,62.203442896563196,62.235924043308636,56.42857142857143
614.0,62.203442896563196,62.23755648687426,56.42857142857143
615.0,62.203442896563196,62.23917466294346,56.42857142857143
616.0,62.203442896563196,62.24077877335181,56.42857142857143
617.0,62.203442896563196,62.24236901599919,56.42857142857143
618.0,62.203442896563196,62.24394558494732,56.42857142857143
619.0,62.203442896563196,62.24550867051471,56.42857142857143
620.0,62.203442896563196,62.24705845936847,56.42857142857143
621.0,62.203442896563196,62.24859513461357,56.42857142857143
622.0,62.203442896563196,62.25011887587938,56.42857142857143
623.0,62.203442896563196,62.25162985940364,56.42857142857143
624.0,62.203442896563196,62.25312825811404,56.42857142857143
625.0,62.203442896563196,62.25461424170734,56.42857142857143
626.0,62.203442896563196,62.25608797672625,56.42857142857143
627.0,62.203442896563196,62.257549626634095,56.42857142857143
628.0,62.203442896563196,62.25899935188722,56.42857142857143
629.0,62.203442896563196,62.26043731000554,56.42857142857143
630.0,62.203442896563196,62.26186365564089,56.42857142857143
631.0,62.203442896563196,62.263278540643526,56.42857142857143
632.0,62.203442896563196,62.26468211412674,56.42857142857143
633.0,62.203442896563196,62.26607452252972,56.42857142857143
634.0,62.203442896563196,62.267455909678525,56.42857142857143
635.0,62.203442896563196,62.26882641684553,56.42857142857143
636.0,62.203442896563196,62.270186182807116,56.42857142857143
637.0,62.203442896563196,62.27153534389985,56.42857142857143
638.0,62.203442896563196,62.27287403407503,56.42857142857143
639.0,62.203442896563196,62.274202384951955,56.42857142857143
640.0,62.203442896563196,62.27552052586947,56.42857142857143
641.0,62.203442896563196,62.27682858393634,56.42857142857143
642.0,62.203442896563196,62.27812668408024,56.42857142857143
643.0,62.203442896563196,62.27941494909533,56.42857142857143
644.0,62.203442896563196,62.28069349968872,56.42857142857143
645.0,62.203442896563196,62.28196245452557,56.42857142857143
646.0,62.203442896563196,62.28322193027312,56.42857142857143
647.0,62.203442896563196,62.28447204164352,56.42857142857143
648.0,62.203442896563196,62.285712901435474,56.42857142857143
649.0,62.203442896563196,62.28694462057499,56.42857142857143
650.0,62.203442896563196,62.288167308154875,56.42857142857143
651.0,62.203442896563196,62.28938107147333,56.42857142857143
652.0,62.203442896563196,62.290586016071565,56.42857142857143
653.0,62.203442896563196,62.29178224577041,56.42857142857143
654.0,62.203442896563196,62.292969862706,56.42857142857143
655.0,62.203442896563196,62.29414896736464,56.42857142857143
656.0,62.203442896563196,62.29531965861664,56.42857142857143
657.0,62.203442896563196,62.29648203374955,56.42857142857143
658.0,62.203442896563196,62.29763618850023,56.42857142857143
659.0,62.203442896563196,62.298782217086504,56.42857142857143
660.0,62.203442896563196,62.299920212237694,56.42857142857143
661.0,62.203442896563196,62.30105026522471,56.42857142857143
662.0,62.203442896563196,62.30217246588909,56.42857142857143
663.0,62.203442896563196,62.303286902671644,56.42857142857143
664.0,62.203442896563196,62.30439366264018,56.42857142857143
665.0,62.203442896563196,62.305492831516666,56.42857142857143
666.0,62.203442896563196,62.30658449370368,56.42857142857143
667.0,62.203442896563196,62.30766873231035,56.42857142857143
668.0,62.203442896563196,62.3087456291775,56.42857142857143
669.0,62.203442896563196,62.30981526490234,56.42857142857143
670.0,62.203442896563196,62.310877718862514,56.42857142857143
671.0,62.203442896563196,62.31193306923961,56.42857142857143
672.0,62.203442896563196,62.31298139304206,56.42857142857143
673.0,62.203442896563196,62.31402276612762,56.42857142857143
674.0,62.203442896563196,62.31505726322522,56.42857142857143
675.0,62.203442896563196,62.31608495795631,56.42857142857143
676.0,62.203442896563196,62.317105922855866,56.42857142857143
677.0,62.203442896563196,62.3181202293927,56.42857142857143
678.0,62.203442896563196,62.31912794798944,56.42857142857143
679.0,62.203442896563196,62.320129148042085,56.42857142857143
680.0,62.203442896563196,62.32112389793896,56.42857142857143
681.0,62.203442896563196,62.32211226507945,56.42857142857143
682.0,62.203442896563196,62.323094315892085,56.42857142857143
683.0,62.203442896563196,62.32407011585248,56.42857142857143
684.0,62.203442896563196,62.32503972950064,56.42857142857143
685.0,62.203442896563196,62.326003220458006,56.42857142857143
686.0,62.203442896563196,62.32696065144414,56.42857142857143
687.0,62.203442896563196,62.32791208429292,56.42857142857143
688.0,62.203442896563196,62.32885757996855,56.42857142857143
689.0,62.203442896563196,62.32979719858108,56.42857142857143
690.0,62.203442896563196,62.330730999401645,56.42857142857143
691.0,62.203442896563196,62.3316590408774,56.42857142857143
692.0,62.203442896563196,62.33258138064607,56.42857142857143
693.0,62.203442896563196,62.33349807555025,56.42857142857143
694.0,62.203442896563196,62.334409181651345,56.42857142857143
695.0,62.203442896563196,62.33531475424326,56.42857142857143
696.0,62.203442896563196,62.33621484786574,56.42857142857143
697.0,62.203442896563196,62.33710951631753,56.42857142857143
698.0,62.203442896563196,62.33799881266913,56.42857142857143
699.0,62.203442896563196,62.33888278927538,56.42857142857143
700.0,62.203442896563196,62.33976149778772,56.42857142857143
701.0,62.203442896563196,62.34063498916627,56.42857142857143
702.0,62.203442896563196,62.34150331369153,56.42857142857143
703.0,62.203442896563196,62.34236652097601,56.42857142857143
704.0,62.203442896563196,62.343224659975434,56.42857142857143
705.0,62.203442896563196,62.34407777899994,56.42857142857143
706.0,62.203442896563196,62.34492592572475,56.42857142857143
707.0,62.203442896563196,62.34576914720095,56.42857142857143
708.0,62.203442896563196,62.34660748986577,56.42857142857143
709.0,62.203442896563196,62.34744099955288,56.42857142857143
710.0,62.203442896563196,62.34826972150229,56.42857142857143
711.0,62.203442896563196,62.349093700370204,56.42857142857143
712.0,62.203442896563196,62.34991298023859,56.42857142857143
713.0,62.203442896563196,62.350727604624566,56.42857142857143
714.0,62.203442896563196,62.35153761648964,56.42857142857143
715.0,62.203442896563196,62.352343058248714,56.42857142857143
716.0,62.203442896563196,62.35314397177894,56.42857142857143
717.0,62.203442896563196,62.35394039842846,56.42857142857143
718.0,62.203442896563196,62.35473237902481,56.42857142857143
719.0,62.203442896563196,62.355519953883345,56.42857142857143
720.0,62.203442896563196,62.356303162815415,56.42857142857143
721.0,62.203442896563196,62.35708204513632,56.42857142857143
722.0,62.203442896563196,62.35785663967325,56.42857142857143
723.0,62.203442896563196,62.358626984773004,56.42857142857143
724.0,62.203442896563196,62.35939311830945,56.42857142857143
725.0,62.203442896563196,62.360155077691104,56.42857142857143
726.0,62.203442896563196,62.360912899868296,56.42857142857143
727.0,62.203442896563196,62.36166662134036,56.42857142857143
728.0,62.203442896563196,62.36241627816263,56.42857142857143
729.0,62.203442896563196,62.363161905953326,56.42857142857143
730.0,62.203442896563196,62.363903539900285,56.42857142857143
731.0,62.203442896563196,62.364641214767616,56.42857142857143
732.0,62.203442896563196,62.36537496490213,56.42857142857143
733.0,62.203442896563196,62.3661048242398,56.42857142857143
734.0,62.203442896563196,62.366830826311926,56.42857142857143
735.0,62.203442896563196,62.367553004251405,56.42857142857143
736.0,62.203442896563196,62.36827139079859,56.42857142857143
737.0,62.203442896563196,62.368986018307375,56.42857142857143
738.0,62.203442896563196,62.369696918750876,56.42857142857143
739.0,62.203442896563196,62.370404123727226,56.42857142857143
740.0,62.203442896563196,62.37110766446513,56.42857142857143
741.0,62.203442896563196,62.37180757182934,56.42857142857143
742.0,62.203442896563196,62.37250387632613,56.42857142857143
743.0,62.203442896563196,62.37319660810853,56.42857142857143
744.0,62.203442896563196,62.37388579698155,56.42857142857143
745.0,62.203442896563196,62.37457147240731,56.42857142857143
746.0,62.203442896563196,62.37525366351006,56.42857142857143
747.0,62.203442896563196,62.37593239908108,56.42857142857143
748.0,62.203442896563196,62.37660770758357,56.42857142857143
749.0,62.203442896563196,62.377279617157406,56.42857142857143
750.0,62.203442896563196,62.37794815562375,56.42857142857143
751.0,62.203442896563196,62.37861335048975,56.42857142857143
752.0,62.203442896563196,62.37927522895297,56.42857142857143
753.0,62.203442896563196,62.379933817905886,56.42857142857143
754.0,62.203442896563196,62.38058914394015,56.42857142857143
755.0,62.203442896563196,62.38124123335099,56.42857142857143
756.0,62.203442896563196,62.38189011214136,56.42857142857143
757.0,62.203442896563196,62.38253580602606,56.42857142857143
758.0,62.203442896563196,62.3831783404358,56.42857142857143
759.0,62.203442896563196,62.38381774052128,56.42857142857143
760.0,62.203442896563196,62.384454031157,56.42857142857143
761.0,62.203442896563196,62.385087236945175,56.42857142857143
762.0,62.203442896563196,62.38571738221953,56.42857142857143
763.0,62.203442896563196,62.38634449104909,56.42857142857143
764.0,62.203442896563196,62.386968587241654,56.42857142857143
765.0,62.203442896563196,62.387589694347675,56.42857142857143
766.0,62.203442896563196,62.38820783566356,56.42857142857143
767.0,62.203442896563196,62.38882303423532,56.42857142857143
768.0,62.203442896563196,62.389435312861906,56.42857142857143
769.0,62.203442896563196,62.39004469409861,56.42857142857143
770.0,62.203442896563196,62.3906512002604,56.42857142857143
771.0,62.203442896563196,62.39125485342516,56.42857142857143
772.0,62.203442896563196,62.391855675436894,56.42857142857143
773.0,62.203442896563196,62.39245368790887,56.42857142857143
774.0,62.203442896563196,62.39304891222677,56.42857142857143
775.0,62.203442896563196,62.39364136955168,56.42857142857143
776.0,62.203442896563196,62.39423108082314,56.42857142857143
777.0,62.203442896563196,62.39481806676208,56.42857142857143
778.0,62.203442896563196,62.39540234787372,56.42857142857143
779.0,62.203442896563196,62.39598394445045,56.42857142857143
780.0,62.203442896563196,62.39656287657459,56.42857142857143
781.0,62.203442896563196,62.39713916412125,56.42857142857143
782.0,62.203442896563196,62.397712826760944,56.42857142857143
783.0,62.203442896563196,62.39828388396237,56.42857142857143
784.0,62.203442896563196,62.398852354994965,56.42857142857143
785.0,62.203442896563196,62.39941825893158,56.42857142857143
786.0,62.203442896563196,62.39998161465094,56.42857142857143
787.0,62.203442896563196,62.40054244084029,56.42857142857143
788.0,62.203442896563196,62.401100755997696,56.42857142857143
789.0,62.203442896563196,62.40165657843464,56.42857142857143
790.0,62.203442896563196,62.40220992627835,56.42857142857143
791.0,62.203442896563196,62.40276081747413,56.42857142857143
792.0,62.203442896563196,62.403309269787755,56.42857142857143
793.0,62.203442896563196,62.403855300807706,56.42857142857143
794.0,62.203442896563196,62.40439892794743,56.42857142857143
795.0,62.203442896563196,62.40494016844759,56.42857142857143
796.0,62.203442896563196,62.40547903937819,56.42857142857143
797.0,62.203442896563196,62.406015557640806,56.42857142857143
798.0,62.203442896563196,62.40654973997061,56.42857142857143
799.0,62.203442896563196,62.407081602938526,56.42857142857143
800.0,62.203442896563196,62.40761116295325,56.42857142857143
801.0,62.203442896563196,62.40813843626331,56.42857142857143
802.0,62.203442896563196,62.408663438958975,56.42857142857143
803.0,62.203442896563196,62.40918618697432,56.42857142857143
804.0,62.203442896563196,62.40970669608907,56.42857142857143
805.0,62.203442896563196,62.41022498193057,56.42857142857143
806.0,62.203442896563196,62.4107410599756,56.42857142857143
807.0,62.203442896563196,62.411254945552294,56.42857142857143
808.0,62.203442896563196,62.411766653841866,56.42857142857143
809.0,62.203442896563196,62.41227619988049,56.42857142857143
810.0,62.203442896563196,62.412783598561,56.42857142857143
811.0,62.203442896563196,62.41328886463468,56.42857142857143
812.0,62.203442896563196,62.41379201271293,56.42857142857143
813.0,62.203442896563196,62.414293057269006,56.42857142857143
814.0,62.203442896563196,62.41479201263964,56.42857142857143
815.0,62.203442896563196,62.4152888930267,56.42857142857143
816.0,62.203442896563196,62.4157837124988,56.42857142857143
817.0,62.203442896563196,62.4162764849929,56.42857142857143
818.0,62.203442896563196,62.416767224315834,56.42857142857143
819.0,62.203442896563196,62.41725594414596,56.42857142857143
820.0,62.203442896563196,62.41774265803455,56.42857142857143
821.0,62.203442896563196,62.41822737940739,56.42857142857143
822.0,62.203442896563196,62.41871012156621,56.42857142857143
823.0,62.203442896563196,62.41919089769018,56.42857142857143
824.0,62.203442896563196,62.419669720837305,56.42857142857143
825.0,62.203442896563196,62.420146603945895,56.42857142857143
826.0,62.203442896563196,62.420621559835915,56.42857142857143
827.0,62.203442896563196,62.42109460121038,56.42857142857143
828.0,62.203442896563196,62.42156574065672,56.42857142857143
829.0,62.203442896563196,62.422034990648136,56.42857142857143
830.0,62.203442896563196,62.42250236354487,56.42857142857143
831.0,62.203442896563196,62.42296787159557,56.42857142857143
832.0,62.203442896563196,62.423431526938494,56.42857142857143
833.0,62.203442896563196,62.42389334160287,56.42857142857143
834.0,62.203442896563196,62.42435332751006,56.42857142857143
835.0,62.203442896563196,62.42481149647487,56.42857142857143
836.0,62.203442896563196,62.42526786020668,56.42857142857143
837.0,62.203442896563196,62.4257224303107,56.42857142857143
838.0,62.203442896563196,62.42617521828913,56.42857142857143
839.0,62.203442896563196,62.426626235542344,56.42857142857143
840.0,62.203442896563196,62.42707549337001,56.42857142857143
841.0,62.203442896563196,62.42752300297222,56.42857142857143
842.0,62.203442896563196,62.42796877545063,56.42857142857143
843.0,62.203442896563196,62.428412821809594,56.42857142857143
844.0,62.203442896563196,62.42885515295713,56.42857142857143
845.0,62.203442896563196,62.42929577970616,56.42857142857143
846.0,62.203442896563196,62.42973471277541,56.42857142857143
847.0,62.203442896563196,62.43017196279056,56.42857142857143
848.0,62.203442896563196,62.43060754028524,56.42857142857143
849.0,62.203442896563196,62.43104145570204,56.42857142857143
850.0,62.203442896563196,62.43147371939349,56.42857142857143
851.0,62.203442896563196,62.4319043416231,56.42857142857143
852.0,62.203442896563196,62.432333332566316,56.42857142857143
853.0,62.203442896563196,62.432760702311455,56.42857142857143
854.0,62.203442896563196,62.43318646086068,56.42857142857143
855.0,62.203442896563196,62.43361061813095,56.42857142857143
856.0,62.203442896563196,62.43403318395489,56.42857142857143
857.0,62.203442896563196,62.43445416808178,56.42857142857143
858.0,62.203442896563196,62.43487358017838,56.42857142857143
859.0,62.203442896563196,62.43529142982992,56.42857142857143
860.0,62.203442896563196,62.43570772654084,56.42857142857143
861.0,62.203442896563196,62.436122479735744,56.42857142857143
862.0,62.203442896563196,62.43653569876029,56.42857142857143
863.0,62.203442896563196,62.43694739288191,56.42857142857143
864.0,62.203442896563196,62.43735757129077,56.42857142857143
865.0,62.203442896563196,62.43776624310051,56.42857142857143
866.0,62.203442896563196,62.43817341734907,56.42857142857143
867.0,62.203442896563196,62.438579102999554,56.42857142857143
868.0,62.203442896563196,62.4389833089409,56.42857142857143
869.0,62.203442896563196,62.43938604398878,56.42857142857143
870.0,62.203442896563196,62.439787316886274,56.42857142857143
871.0,62.203442896563196,62.44018713630472,56.42857142857143
872.0,62.203442896563196,62.44058551084441,56.42857142857143
873.0,62.203442896563196,62.4409824490353,56.42857142857143
874.0,62.203442896563196,62.441377959337835,56.42857142857143
875.0,62.203442896563196,62.441772050143605,56.42857142857143
876.0,62.203442896563196,62.44216472977605,56.42857142857143
877.0,62.203442896563196,62.44255600649122,56.42857142857143
878.0,62.203442896563196,62.442945888478405,56.42857142857143
879.0,62.203442896563196,62.44333438386089,56.42857142857143
880.0,62.203442896563196,62.44372150069656,56.42857142857143
881.0,62.203442896563196,62.44410724697866,56.42857142857143
882.0,62.203442896563196,62.444491630636335,56.42857142857143
883.0,62.203442896563196,62.44487465953541,56.42857142857143
884.0,62.203442896563196,62.44525634147896,56.42857142857143
885.0,62.203442896563196,62.44563668420797,56.42857142857143
886.0,62.203442896563196,62.44601569540195,56.42857142857143
887.0,62.203442896563196,62.44639338267957,56.42857142857143
888.0,62.203442896563196,62.44676975359927,56.42857142857143
889.0,62.203442896563196,62.44714481565989,56.42857142857143
890.0,62.203442896563196,62.4475185763012,56.42857142857143
891.0,62.203442896563196,62.447891042904594,56.42857142857143
892.0,62.203442896563196,62.44826222279356,56.42857142857143
893.0,62.203442896563196,62.44863212323437,56.42857142857143
894.0,62.203442896563196,62.449000751436564,56.42857142857143
895.0,62.203442896563196,62.449368114553565,56.42857142857143
896.0,62.203442896563196,62.44973421968319,56.42857142857143
897.0,62.203442896563196,62.45009907386826,56.42857142857143
898.0,62.203442896563196,62.4504626840971,56.42857142857143
899.0,62.203442896563196,62.450825057304066,56.42857142857143
900.0,62.203442896563196,62.45118620037012,56.42857142857143
901.0,62.203442896563196,62.45154612012333,56.42857142857143
902.0,62.203442896563196,62.451904823339376,56.42857142857143
903.0,62.203442896563196,62.452262316742086,56.42857142857143
904.0,62.203442896563196,62.45261860700392,56.42857142857143
905.0,62.203442896563196,62.4529737007465,56.42857142857143
906.0,62.203442896563196,62.45332760454104,56.42857142857143
907.0,62.203442896563196,62.45368032490892,56.42857142857143
908.0,62.203442896563196,62.45403186832211,56.42857142857143
909.0,62.203442896563196,62.45438224120368,56.42857142857143
910.0,62.203442896563196,62.45473144992821,56.42857142857143
911.0,62.203442896563196,62.45507950082236,56.42857142857143
912.0,62.203442896563196,62.4554264001652,56.42857142857143
913.0,62.203442896563196,62.4557721541888,56.42857142857143
914.0,62.203442896563196,62.456116769078555,56.42857142857143
915.0,62.203442896563196,62.45646025097374,56.42857142857143
916.0,62.203442896563196,62.45680260596787,56.42857142857143
917.0,62.203442896563196,62.45714384010917,56.42857142857143
918.0,62.203442896563196,62.45748395940096,56.42857142857143
919.0,62.203442896563196,62.45782296980217,56.42857142857143
920.0,62.203442896563196,62.45816087722767,56.42857142857143
921.0,62.203442896563196,62.45849768754872,56.42857142857143
922.0,62.203442896563196,62.458833406593385,56.42857142857143
923.0,62.203442896563196,62.459168040146935,56.42857142857143
924.0,62.203442896563196,62.45950159395222,56.42857142857143
925.0,62.203442896563196,62.45983407371012,56.42857142857143
926.0,62.203442896563196,62.460165485079884,56.42857142857143
927.0,62.203442896563196,62.46049583367955,56.42857142857143
928.0,62.203442896563196,62.46082512508629,56.42857142857143
929.0,62.203442896563196,62.46115336483688,56.42857142857143
930.0,62.203442896563196,62.46148055842791,56.42857142857143
931.0,62.203442896563196,62.461806711316335,56.42857142857143
932.0,62.203442896563196,62.462131828919716,56.42857142857143
933.0,62.203442896563196,62.46245591661664,56.42857142857143
934.0,62.203442896563196,62.46277897974704,56.42857142857143
935.0,62.203442896563196,62.463101023612616,56.42857142857143
936.0,62.203442896563196,62.46342205347706,56.42857142857143
937.0,62.203442896563196,62.463742074566554,56.42857142857143
938.0,62.203442896563196,62.464061092070004,56.42857142857143
939.0,62.203442896563196,62.46437911113943,56.42857142857143
940.0,62.203442896563196,62.46469613689023,56.42857142857143
941.0,62.203442896563196,62.46501217440165,56.42857142857143
942.0,62.203442896563196,62.46532722871694,56.42857142857143
943.0,62.203442896563196,62.46564130484382,56.42857142857143
944.0,62.203442896563196,62.4659544077547,56.42857142857143
945.0,62.203442896563196,62.46626654238707,56.42857142857143
946.0,62.203442896563196,62.46657771364376,56.42857142857143
947.0,62.203442896563196,62.466887926393305,56.42857142857143
948.0,62.203442896563196,62.46719718547014,56.42857142857143
949.0,62.203442896563196,62.46750549567509,56.42857142857143
950.0,62.203442896563196,62.46781286177547,56.42857142857143
951.0,62.203442896563196,62.46811928850551,56.42857142857143
952.0,62.203442896563196,62.46842478056659,56.42857142857143
953.0,62.203442896563196,62.46872934262761,56.42857142857143
954.0,62.203442896563196,62.469032979325114,56.42857142857143
955.0,62.203442896563196,62.46933569526376,56.42857142857143
956.0,62.203442896563196,62.46963749501649,56.42857142857143
957.0,62.203442896563196,62.46993838312483,56.42857142857143
958.0,62.203442896563196,62.47023836409919,56.42857142857143
959.0,62.203442896563196,62.47053744241907,56.42857142857143
960.0,62.203442896563196,62.47083562253345,56.42857142857143
961.0,62.203442896563196,62.471132908860916,56.42857142857143
962.0,62.203442896563196,62.47142930579002,56.42857142857143
963.0,62.203442896563196,62.47172481767951,56.42857142857143
964.0,62.203442896563196,62.47201944885858,56.42857142857143
965.0,62.203442896563196,62.47231320362713,56.42857142857143
966.0,62.203442896563196,62.47260608625602,56.42857142857143
967.0,62.203442896563196,62.47289810098737,56.42857142857143
968.0,62.203442896563196,62.473189252034665,56.42857142857143
969.0,62.203442896563196,62.473479543583196,56.42857142857143
970.0,62.203442896563196,62.47376897979012,56.42857142857143
971.0,62.203442896563196,62.47405756478482,56.42857142857143
972.0,62.203442896563196,62.47434530266911,56.42857142857143
973.0,62.203442896563196,62.474632197517415,56.42857142857143
974.0,62.203442896563196,62.47491825337711,56.42857142857143
975.0,62.203442896563196,62.475203474268646,56.42857142857143
976.0,62.203442896563196,62.47548786418583,56.42857142857143
977.0,62.203442896563196,62.47577142709606,56.42857142857143
978.0,62.203442896563196,62.47605416694052,56.42857142857143
979.0,62.203442896563196,62.4763360876344,56.42857142857143
980.0,62.203442896563196,62.47661719306711,56.42857142857143
981.0,62.203442896563196,62.47689748710257,56.42857142857143
982.0,62.203442896563196,62.47717697357932,56.42857142857143
983.0,62.203442896563196,62.477455656310745,56.42857142857143
984.0,62.203442896563196,62.4777335390854,56.42857142857143
985.0,62.203442896563196,62.47801062566706,56.42857142857143
986.0,62.203442896563196,62.47828691979503,56.42857142857143
987.0,62.203442896563196,62.47856242518433,56.42857142857143
988.0,62.203442896563196,62.47883714552584,56.42857142857143
989.0,62.203442896563196,62.479111084486576,56.42857142857143
990.0,62.203442896563196,62.47938424570985,56.42857142857143
991.0,62.203442896563196,62.47965663281548,56.42857142857143
992.0,62.203442896563196,62.47992824939992,56.42857142857143
993.0,62.203442896563196,62.48019909903657,56.42857142857143
994.0,62.203442896563196,62.48046918527586,56.42857142857143
995.0,62.203442896563196,62.48073851164549,56.42857142857143
996.0,62.203442896563196,62.481007081650596,56.42857142857143
997.0,62.203442896563196,62.48127489877395,56.42857142857143
998.0,62.203442896563196,62.48154196647611,56.42857142857143
999.0,62.203442896563196,62.48180828819564,56.42857142857143
1000.0,62.203442896563196,62.48207386734928,56.42857142857143
