"tick","donation-big group","donation-small","donation-normed-big","donation-normed-small","donation-valued-big","donation-valued-small"
1.0,92.82009219983227,92.82009219983223,92.5,92.5,95.0,95.0
2.0,92.8175003175004,92.81750031750047,92.5,92.5,95.0,95.0
3.0,92.81497039417442,92.81497039417435,92.5,92.5,95.0,95.0
4.0,92.8125,92.8125,92.5,92.5,95.0,95.0
5.0,66.88513139287922,65.01154166666667,87.63160500697046,89.27604166666667,66.875,65.0
6.0,66.8952627857584,65.02308333333333,87.63160500697046,89.27604166666667,66.875,65.0
7.0,66.90539417863762,65.034625,87.63160500697046,89.27604166666667,66.875,65.0
8.0,66.91552557151681,65.04616666666666,87.63160500697046,89.27604166666667,66.875,65.0
9.0,66.91987477766135,65.05112127539455,87.63160500697046,89.27604166666667,66.875,65.0
10.0,67.00195000742497,65.14462124670312,87.63160500697046,89.27604166666667,66.875,65.0
11.0,67.22505361305797,65.39878051967266,87.63160500697046,89.27604166666667,66.875,65.0
12.0,67.83151209011383,66.08965705292015,87.63160500697046,89.27604166666667,66.875,65.0
13.0,69.48003714800977,67.96765417895553,87.63160500697046,89.27604166666667,66.875,65.0
14.0,73.80256514237504,72.89187120055566,87.63160500697046,89.27604166666667,66.875,65.0
15.0,73.95166298975026,73.06172323133164,87.63160500697046,89.27604166666667,66.875,65.0
16.0,74.0817116761675,73.2098744882182,87.63160500697046,89.27604166666667,66.87500000000001,65.00000000000001
17.0,74.19645007013999,73.34058428428357,87.63160500697046,89.27604166666667,66.87499999999999,64.99999999999999
18.0,73.84466950520344,73.45702649959411,87.63160500697046,89.27604166666667,66.87500000000001,65.00000000000001
19.0,73.93086884819506,73.56162114750151,87.63160500697046,89.27604166666667,66.87499999999999,64.99999999999999
20.0,74.00885510348265,73.65625,87.63160500697046,89.27604166666667,66.87500000000001,65.00000000000001
21.0,74.07985479605445,73.74240132770565,87.63160500697046,89.27604166666667,66.87499999999999,64.99999999999999
22.0,74.1448524403436,73.82126974460176,87.63160500697046,89.27604166666667,66.87500000000001,65.00000000000001
23.0,74.20464866612122,73.89382673824393,87.63160500697046,89.27604166666667,66.87499999999999,64.99999999999999
24.0,74.25990214424073,73.96087154263567,87.63160500697046,89.27604166666667,66.87500000000001,65.00000000000001
25.0,74.31116039140184,74.02306851685958,87.63160500697046,89.27604166666667,66.87499999999999,64.99999999999999
26.0,74.35888278005734,74.08097506539566,87.63160500697046,89.27604166666667,66.87500000000001,65.00000000000001
27.0,74.40345798214919,74.13506280442459,87.63160500697046,89.27604166666667,66.87499999999999,64.99999999999999
28.0,74.4452173710344,74.18573382378146,87.63160500697046,89.27604166666667,66.87500000000001,65.00000000000001
29.0,74.4844454437148,74.23333333333333,87.63160500697046,89.27604166666667,66.87499999999999,64.99999999999999
30.0,74.52138801593576,74.2781596069468,87.63160500697046,89.27604166666667,66.87500000000001,65.00000000000001
31.0,74.55625873159663,74.32047188103435,87.63160500697046,89.27604166666667,66.87499999999999,64.99999999999999
32.0,74.58924428150219,74.36049668700926,87.63160500697046,89.27604166666667,66.87500000000001,65.00000000000001
33.0,74.62050862338045,74.39843297187319,87.63160500697046,89.27604166666667,66.87499999999999,64.99999999999999
34.0,74.65019642146541,74.43445627182041,87.63160500697046,89.27604166666667,66.87500000000001,65.00000000000001
35.0,74.67843587067519,74.46872213910764,87.63160500697046,89.27604166666667,66.87499999999999,64.99999999999999
36.0,74.70534103141857,74.50136897511798,87.63160500697046,89.27604166666667,66.87500000000001,65.00000000000001
37.0,74.7310137721877,74.53252038751133,87.63160500697046,89.27604166666667,66.87499999999999,64.99999999999999
38.0,74.75554539549827,74.56228716314688,87.63160500697046,89.27604166666667,66.87500000000001,65.00000000000001
39.0,74.7790180064235,74.59076892866834,87.63160500697046,89.27604166666667,66.87499999999999,64.99999999999999
40.0,74.80150567053629,74.61805555555556,87.63160500697046,89.27604166666667,66.87500000000001,65.00000000000001
41.0,74.82307539851591,74.64422835485067,87.63160500697046,89.27604166666667,66.87499999999999,64.99999999999999
42.0,74.84378798727299,74.66936109778246,87.63160500697046,89.27604166666667,66.87500000000001,65.00000000000001
43.0,74.86369874166529,74.69352089149962,87.63160500697046,89.27604166666667,66.87499999999999,64.99999999999999
44.0,74.88285809633544,74.71676893361116,87.63160500697046,89.27604166666667,66.87500000000001,65.00000000000001
45.0,74.9013121536047,74.739161164869,87.63160500697046,89.27604166666667,66.87499999999999,64.99999999999999
46.0,74.91910315049482,74.76074883585419,87.63160500697046,89.27604166666667,66.87500000000001,65.00000000000001
47.0,74.93626986565543,74.78157900074451,87.63160500697046,89.27604166666667,66.87499999999999,64.99999999999999
48.0,74.95284797512754,74.80169494899916,87.63160500697046,89.27604166666667,66.87500000000001,65.00000000000001
49.0,74.96887036437498,74.82113658397932,87.63160500697046,89.27604166666667,66.87499999999999,64.99999999999999
50.0,74.45004242643401,74.83994075604556,87.63160500697046,89.27604166666667,66.87500000000001,65.00000000000001
51.0,74.46405387617402,74.8581415564618,87.63160500697046,89.27604166666667,66.87499999999999,64.99999999999999
52.0,74.47762515522697,74.87577057744244,87.63160500697046,89.27604166666667,66.87500000000001,65.00000000000001
53.0,74.49077883787074,74.89285714285714,87.63160500697046,89.27604166666667,66.87499999999999,64.99999999999999
54.0,74.50353591011827,74.90942851342773,87.63160500697046,89.27604166666667,66.87500000000001,65.00000000000001
55.0,74.51591591056207,74.92551006968434,87.63160500697046,89.27604166666667,66.87499999999999,64.99999999999999
56.0,74.5279370562482,74.94112547547512,74.25792336221168,74.89248563255528,66.87500000000001,65.00000000000001
57.0,74.52978146274454,74.94024660172475,74.25792336221168,74.89248563255528,66.87499999999999,64.99999999999999
58.0,74.53129992339062,74.9389443260083,74.25792336221168,74.89248563255528,66.875,65.0
59.0,74.53250732229965,74.9372379827117,74.25792336221168,74.89248563255528,66.875,65.0
60.0,74.5334176090983,74.93514569232728,74.25792336221168,74.89248563255528,66.875,65.0
61.0,74.53965684122589,74.9418446379503,74.25792336221168,74.89248563255528,66.875,65.0
62.0,74.47017301311978,74.8250565072505,74.25792336221168,74.89248563255528,66.875,65.0
63.0,74.26352791037458,74.48451229651818,74.25792336221168,74.89248563255528,66.875,65.0
64.0,73.68449772756516,73.53633083558877,74.25792336221168,74.89248563255528,66.875,65.0
65.0,72.09365853642694,70.93698980268613,74.25792336221168,74.89248563255528,66.875,65.0
66.0,67.90684307928686,64.10117690216786,74.25792336221168,74.89248563255528,66.875,65.0
67.0,67.77110007751554,53.78910152650608,74.25792336221168,74.89248563255528,66.875,65.0
68.0,67.65363718523207,65.0,74.25792336221168,74.89248563255528,66.875,65.0
69.0,67.55083312270423,65.0,74.25792336221168,74.89248563255528,66.875,65.0
70.0,67.45999109522315,65.0,74.25792336221168,74.89248563255528,66.875,65.0
71.0,67.37905628793668,65.0,74.25792336221168,74.89248563255528,66.875,65.0
72.0,67.306432153964,65.0,74.25792336221168,74.89248563255528,66.875,65.0
73.0,67.24085710325222,65.0,74.25792336221168,74.89248563255528,66.875,65.0
74.0,67.18131944563372,65.0,74.25792336221168,74.89248563255528,66.875,65.0
75.0,67.12699731163492,65.0,74.25792336221168,74.89248563255528,66.875,65.0
76.0,67.07721532208784,65.0,74.25792336221168,74.89248563255528,66.875,65.0
77.0,67.03141275499618,65.0,74.25792336221168,74.89248563255528,66.875,65.0
78.0,66.98911977068515,64.99999999999999,74.25792336221168,74.89248563255528,66.875,64.99999999999999
79.0,66.94993939096314,65.0,74.25792336221168,74.89248563255528,66.875,65.0
80.0,66.91353365626316,65.00000000000001,74.25792336221168,74.89248563255528,66.875,65.00000000000001
81.0,66.87961286266625,64.99999999999999,74.25792336221168,74.89248563255528,66.875,64.99999999999999
82.0,66.847927100767,65.00000000000001,74.25792336221168,74.89248563255528,66.875,65.00000000000001
83.0,66.81825953662356,64.99999999999999,74.25792336221168,74.89248563255528,66.875,64.99999999999999
84.0,66.79042102641573,65.00000000000001,74.25792336221168,74.89248563255528,66.875,65.00000000000001
85.0,66.76424576303343,64.99999999999999,74.25792336221168,74.89248563255528,66.875,64.99999999999999
86.0,66.73958772893981,65.00000000000001,74.25792336221168,74.89248563255528,66.875,65.00000000000001
87.0,66.71631778472543,64.99999999999999,74.25792336221168,74.89248563255528,66.875,64.99999999999999
88.0,66.69432126308844,65.00000000000001,74.25792336221168,74.89248563255528,66.875,65.00000000000001
89.0,66.67349596782441,64.99999999999999,74.25792336221168,74.89248563255528,66.875,64.99999999999999
90.0,66.65375049974061,65.00000000000001,74.25792336221168,74.89248563255528,66.875,65.00000000000001
91.0,66.63500284826902,64.99999999999999,74.25792336221168,74.89248563255528,66.875,64.99999999999999
92.0,66.61717920040999,65.00000000000001,74.07252418532734,74.89248563255528,66.875,65.00000000000001
93.0,66.60086167647135,64.99999999999999,74.07252418532734,74.89248563255528,66.875,64.99999999999999
94.0,66.5853412219721,65.00000000000001,74.07252418532734,74.89248563255528,66.875,65.00000000000001
95.0,65.90319118163121,64.99999999999999,74.07252418532734,74.89248563255528,66.875,64.99999999999999
96.0,65.88867972797948,65.00000000000001,74.07252418532734,74.89248563255528,66.875,65.00000000000001
97.0,65.87445207309155,64.99999999999999,74.07252418532734,74.89248563255528,66.875,64.99999999999999
98.0,65.86581386885537,65.00000000000001,74.07252418532734,74.89248563255528,66.875,65.00000000000001
99.0,65.86678041827726,64.99999999999999,74.07252418532734,74.89248563255528,66.875,64.99999999999999
100.0,65.89283369385963,65.00000000000001,74.07252418532734,74.89248563255528,66.875,65.00000000000001
101.0,65.98612106460504,64.99999999999999,74.07252418532734,74.89248563255528,66.875,64.99999999999999
102.0,66.25111136078228,65.00000000000001,74.07252418532734,74.89248563255528,66.875,65.00000000000001
103.0,66.24931249109315,64.99999999999999,74.07252418532734,74.89248563255528,66.875,64.99999999999999
104.0,66.24671845856163,65.00000000000001,74.07252418532734,74.89248563255528,66.875,65.00000000000001
105.0,66.24354524181841,64.99999999999999,74.07252418532734,74.89248563255528,66.875,64.99999999999999
106.0,66.23994951277642,65.00000000000001,74.07252418532734,74.89248563255528,66.875,65.00000000000001
107.0,66.23604712014932,64.99999999999999,73.89514757989252,74.89248563255528,66.875,64.99999999999999
108.0,66.23256970285532,65.00000000000001,73.57540796868209,74.89248563255528,66.875,65.00000000000001
109.0,66.23022796514192,64.99999999999999,73.43243204001381,72.4914439658886,66.875,64.99999999999999
110.0,66.22842813760128,65.01200000000001,73.30032651158662,72.4914439658886,66.875,65.00000000000001
111.0,66.2272095838227,65.02399999999999,73.17885996487585,72.4914439658886,66.875,64.99999999999999
112.0,66.22623512325775,65.036,73.17885996487585,72.4914439658886,66.875,65.00000000000001
113.0,66.22946192023109,65.04799999999999,73.17885996487585,72.4914439658886,66.875,64.99999999999999
114.0,66.25119461048597,65.05315136214307,73.17885996487585,72.4914439658886,66.875,65.00000000000001
115.0,66.31986604297684,65.15036432870215,73.17885996487585,72.4914439658886,66.875,64.99999999999999
116.0,66.51720568788404,65.41461656919036,73.17885996487585,72.4914439658886,66.875,65.00000000000001
117.0,67.05562995534132,66.13292863263898,73.17885996487585,72.4914439658886,66.875,64.99999999999999
118.0,67.76846472299847,68.08550326187436,73.17885996487585,72.4914439658886,66.875,65.00000000000001
119.0,68.20989270343303,73.20526680779794,73.17885996487585,72.4914439658886,66.875,64.99999999999999
120.0,68.61887866844306,73.38186386506685,73.17885996487585,72.4914439658886,66.875,65.00000000000001
121.0,68.92859337922883,73.53589838486224,73.17885996487585,72.4914439658886,66.875,64.99999999999999
122.0,68.96844184758233,73.67179882264863,73.17885996487585,72.4914439658886,66.875,65.00000000000001
123.0,69.00349719642206,73.79286509705089,73.17885996487585,72.4914439658886,66.875,64.99999999999999
124.0,69.03460388607984,73.90161332303407,73.17885996487585,72.4914439658886,66.875,65.00000000000001
125.0,69.06241279237055,73.99999999999999,73.17885996487585,72.4914439658886,66.875,64.99999999999999
126.0,69.08743502338133,74.089572499564,73.17885996487585,72.4914439658886,66.875,65.00000000000001
127.0,69.11007840865247,74.1715728752538,73.17885996487585,72.4914439658886,66.875,64.99999999999999
128.0,69.13067292403733,74.24701119355326,73.17885996487585,72.4914439658886,66.875,65.00000000000001
129.0,69.14948882909674,74.31671842700025,73.17885996487585,72.4914439658886,66.875,64.99999999999999
130.0,69.16674987425299,74.3813853171681,73.17885996487585,72.4914439658886,66.875,65.00000000000001
131.0,69.1826430933892,74.44159140373267,73.17885996487585,72.4914439658886,66.875,64.99999999999999
132.0,69.19732618224207,74.49782703131511,73.17885996487585,72.4914439658886,66.875,65.00000000000001
133.0,69.21093313819532,74.55051025721681,73.17885996487585,72.4914439658886,66.875,64.99999999999999
134.0,69.22357862723686,74.60000000000001,73.17885996487585,72.4914439658886,66.875,65.00000000000001
135.0,69.2353614051312,74.64660637834179,73.17885996487585,72.4914439658886,66.875,64.99999999999999
136.0,69.246367026313,74.6905989232415,73.17885996487585,72.4914439658886,66.875,65.00000000000001
137.0,69.25667000974487,74.73221316194463,73.17885996487585,72.4914439658886,66.875,64.99999999999999
138.0,69.26633558610699,74.77165594187538,73.17885996487585,72.4914439658886,66.875,65.00000000000001
139.0,69.27542111886463,74.80910976997933,73.17885996487585,72.4914439658886,66.875,64.99999999999999
140.0,69.28397726888001,74.8447363756787,73.17885996487585,72.4914439658886,66.875,65.00000000000001
141.0,69.2920489555814,74.87867965644035,73.17885996487585,72.4914439658886,66.875,64.99999999999999
142.0,69.29967615541888,74.91106812853162,73.17885996487585,72.4914439658886,66.875,65.00000000000001
143.0,69.30689456920071,74.94201697828989,73.17885996487585,72.4914439658886,66.875,64.99999999999999
144.0,69.31373618301656,74.97162978865155,73.17885996487585,72.4914439658886,66.875,65.00000000000001
145.0,69.32022974222814,74.99999999999999,73.17885996487585,72.4914439658886,66.875,64.99999999999999
146.0,69.32640115400368,75.02721215233571,73.17885996487585,72.4914439658886,66.875,65.00000000000001
147.0,69.33227383077279,75.05334294643085,73.17885996487585,72.4914439658886,66.875,64.99999999999999
148.0,69.33786898456786,75.07846215433896,73.17885996487585,72.4914439658886,66.875,65.00000000000001
149.0,69.34320588032877,75.10263340389896,73.17885996487585,72.4914439658886,66.875,64.99999999999999
150.0,69.34830205474866,75.12591485733672,73.17885996487585,72.4914439658886,66.875,65.00000000000001
151.0,69.3531735060549,75.14835980045488,73.17885996487585,72.4914439658886,66.875,64.99999999999999
152.0,69.35783485916578,75.17001715600874,73.17885996487585,72.4914439658886,66.875,65.00000000000001
153.0,69.3622995098995,75.19093193253342,73.17885996487585,72.4914439658886,66.875,64.99999999999999
154.0,69.36657975129363,75.21114561800017,73.17885996487585,72.4914439658886,66.875,65.00000000000001
155.0,69.37068688458955,75.23069652614123,73.17885996487585,72.4914439658886,66.875,64.99999999999999
156.0,69.37463131702437,75.24962010202526,73.17885996487585,72.4914439658886,66.875,65.00000000000001
157.0,69.37842264823625,75.26794919243112,73.17885996487585,72.4914439658886,66.875,64.99999999999999
158.0,69.3820697468092,75.28571428571429,73.17885996487585,72.4914439658886,66.875,65.00000000000001
159.0,69.38558081825305,75.30294372515228,73.17885996487585,72.4914439658886,66.875,64.99999999999999
160.0,69.38896346552177,75.31966389916639,73.17885996487585,72.4914439658886,66.875,65.00000000000001
161.0,69.39222474301314,75.3358994113243,73.17885996487585,72.4914439658886,66.875,64.99999999999999
162.0,69.39537120485831,75.35167323261574,73.17885996487585,72.4914439658886,66.875,65.00000000000001
163.0,69.39840894819656,75.36700683814455,73.17885996487585,72.4914439658886,66.875,64.99999999999999
164.0,69.40134365203373,75.38192033008822,73.17885996487585,72.4914439658886,66.875,65.00000000000001
165.0,69.40418061220534,75.39643254852545,73.17885996487585,72.4914439658886,66.875,64.99999999999999
166.0,69.40692477289114,75.41056117152195,73.17885996487585,72.4914439658886,66.875,65.00000000000001
167.0,69.40958075507488,75.42432280568333,73.17885996487585,72.4914439658886,66.875,64.99999999999999
168.0,69.41215288228919,75.43773306823012,73.17885996487585,72.4914439658886,66.875,65.00000000000001
169.0,69.41464520394295,75.45080666151703,73.17885996487585,72.4914439658886,66.875,64.99999999999999
170.0,69.41706151649424,75.46355744080525,73.17885996487585,75.04248878738298,66.875,65.00000000000001
171.0,69.41940538269607,75.49009118748587,73.17885996487585,75.04248878738298,66.875,64.99999999999999
172.0,69.42168014911682,75.51632753093942,73.17885996487585,75.04248878738298,66.875,65.00000000000001
173.0,69.42388896211563,75.54227813446447,73.17885996487585,75.04248878738298,66.875,64.99999999999999
174.0,69.42603478242545,75.56795403088215,73.17885996487585,75.04248878738298,66.875,65.00000000000001
175.0,69.42812039848731,75.58532267590508,73.17885996487585,75.04248878738298,66.875,64.99999999999999
176.0,69.43014843865657,75.71055342626688,73.17885996487585,75.04248878738298,66.875,65.00000000000001
177.0,69.43212138239117,76.0317088904329,73.17885996487585,75.04248878738298,66.875,64.99999999999999
178.0,69.43404157051978,76.88587279267561,73.17885996487585,75.04248878738298,66.875,65.00000000000001
179.0,69.43591121467726,79.18931794091331,73.17885996487585,75.04248878738298,66.875,64.99999999999999
180.0,69.4377324059843,74.63620481714005,73.17885996487585,77.09464978947571,66.875,65.00000000000001
181.0,69.43950712304077,64.99999999999999,73.17885996487585,73.12132268044382,66.875,64.99999999999999
182.0,69.4412372392964,64.98800000000001,73.17885996487585,71.1306975853488,66.875,65.00000000000001
183.0,69.4429245298531,64.9699976,73.17885996487585,71.1306975853488,66.875,65.0
184.0,69.44457067774955,64.9519952,73.17885996487585,71.1306975853488,66.875,65.0
185.0,69.4461772797744,64.9339928,73.17885996487585,71.1306975853488,66.875,65.0
186.0,69.44774585184754,64.92283903785693,73.17885996487585,71.1306975853488,66.875,65.0
187.0,69.44927783400654,64.82304935995388,73.17885996487585,71.1306975853488,66.875,65.0
188.0,69.4507745950322,64.51017119359283,73.17885996487585,71.1306975853488,66.875,65.0
189.0,69.45223743674178,63.659680159451995,73.17885996487585,71.1306975853488,66.875,65.0
190.0,69.45366759797979,61.34780583607962,73.17885996487585,71.1306975853488,66.875,65.0
191.0,69.45506625832759,55.25136446061251,73.17885996487585,71.1306975853488,66.875,65.0
192.0,69.45643454155724,52.51386167767263,73.17885996487585,71.1306975853488,66.875,65.0
193.0,69.45777351884884,56.46410161513776,73.17885996487585,71.1306975853488,66.875,65.0
194.0,69.45908421178946,56.32820117735137,73.17885996487585,71.1306975853488,66.875,65.0
195.0,69.46036759517153,56.207134902949086,73.17885996487585,71.1306975853488,66.875,65.0
196.0,69.46162459960554,56.09838667696594,73.17885996487585,71.1306975853488,66.875,65.0
197.0,69.46285611396169,56.0,73.17885996487585,71.1306975853488,66.875,65.0
198.0,69.46406298765237,55.91042750043599,73.17885996487585,71.1306975853488,66.875,65.0
199.0,69.46524603276903,55.828427124746185,73.17885996487585,71.1306975853488,66.875,65.0
200.0,69.46640602608178,55.752988806446744,73.17885996487585,71.1306975853488,66.875,65.0
201.0,69.46754371091481,55.68328157299974,73.17885996487585,71.1306975853488,66.875,65.0
202.0,69.46865979890315,55.61861468283191,73.17885996487585,71.1306975853488,66.875,65.0
203.0,69.46975497164225,55.55840859626733,73.17885996487585,71.1306975853488,66.875,65.0
204.0,69.47082988223617,55.502172968684896,73.17885996487585,71.1306975853488,66.875,65.0
205.0,69.47188515675202,55.44948974278318,73.17885996487585,71.1306975853488,66.875,65.0
206.0,69.47292139558748,55.4,73.17885996487585,71.1306975853488,66.875,65.0
207.0,69.47393917475681,55.353393621658206,73.17885996487585,71.1306975853488,66.875,65.0
208.0,69.47493904710136,55.3094010767585,73.17885996487585,71.1306975853488,66.875,65.0
209.0,69.47592154342894,55.267786838055365,73.17885996487585,71.1306975853488,66.875,65.0
210.0,69.47688717358884,55.22834405812463,73.17885996487585,71.1306975853488,66.875,65.0
211.0,69.47783642748284,55.19089023002066,73.17885996487585,71.1306975853488,66.875,65.0
212.0,69.47876977602132,55.1552636243213,73.17885996487585,71.1306975853488,66.875,65.0
213.0,69.47968767202418,55.12132034355964,73.17885996487585,71.1306975853488,66.875,65.0
214.0,69.48059055107176,55.08893187146837,73.17885996487585,71.1306975853488,66.875,65.0
215.0,69.48147883230878,55.05798302171011,73.17885996487585,71.1306975853488,66.875,65.0
216.0,69.48235291920452,55.02837021134843,73.17885996487585,71.1306975853488,66.875,65.0
217.0,69.48321320027104,55.0,73.17885996487585,71.1306975853488,66.875,65.0
218.0,69.48406004974343,54.97278784766428,73.17885996487585,71.1306975853488,66.875,65.0
219.0,69.48489382822346,54.94665705356915,73.17885996487585,71.1306975853488,66.875,65.0
220.0,69.48571488328835,54.92153784566104,73.17885996487585,71.1306975853488,66.875,65.0
221.0,69.48652355006892,54.89736659610102,73.17885996487585,71.1306975853488,66.875,65.0
222.0,69.48732015179678,54.87408514266327,73.17885996487585,71.1306975853488,66.875,65.0
223.0,69.48810500032285,54.8516401995451,73.17885996487585,71.1306975853488,66.875,65.0
224.0,69.48887839661053,54.82998284399125,73.17885996487585,71.1306975853488,66.875,65.0
225.0,69.48964063120268,54.809068067466576,73.17885996487585,71.1306975853488,66.875,65.0
226.0,69.49039198466495,54.78885438199982,73.17885996487585,71.1306975853488,66.875,65.0
227.0,69.49113272800811,54.76930347385876,73.17885996487585,71.1306975853488,66.875,65.0
228.0,69.49186312308807,54.75037989797473,73.17885996487585,71.1306975853488,66.875,65.0
229.0,69.49258342298667,54.732050807568875,73.17885996487585,71.1306975853488,66.875,65.0
230.0,69.49329387237422,54.7142857142857,73.17885996487585,71.1306975853488,66.875,65.0
231.0,69.4939947078537,54.69705627484771,73.17885996487585,71.1306975853488,66.875,65.0
232.0,69.49468615828886,54.68033610083361,73.17885996487585,60.87307847513626,66.875,65.0
233.0,69.4953684451164,54.66597606715083,73.17885996487585,60.87307847513626,66.875,65.0
234.0,69.49604178264347,54.65207772433454,73.17885996487585,60.87307847513626,66.875,65.0
235.0,69.49670637833124,54.638619597280865,73.17885996487585,60.87307847513626,66.875,65.0
236.0,69.49736243306451,54.62558158381233,73.17885996487585,60.87307847513626,66.875,65.0
237.0,69.49801014140978,54.61187447110984,73.17885996487585,60.87307847513626,66.875,65.0
238.0,69.49864969186066,54.61293925030382,73.17885996487585,60.87307847513626,66.875,65.0
239.0,69.49928126707228,54.640477565229276,73.17885996487585,60.87307847513626,66.875,65.0
240.0,69.4999050440854,54.73933220380155,73.17885996487585,60.87307847513626,66.875,65.0
241.0,69.50052119453949,55.03142625120031,73.17885996487585,60.87307847513626,66.875,65.0
242.0,69.50112988487726,55.818842665926006,73.17885996487585,59.036847008321466,66.875,65.0
243.0,69.50173127653936,55.844165730906745,73.17885996487585,59.036847008321466,66.875,65.0
244.0,69.50232552615095,55.8662599029999,73.17885996487585,59.036847008321466,66.875,65.0
245.0,69.50291278569951,55.88580564164868,73.17885996487585,57.216408136651204,66.875,65.0
246.0,69.5034932027057,55.8954848190229,73.17885996487585,57.216408136651204,66.875,65.0
247.0,69.5040669203858,55.897702407623825,73.17885996487585,57.216408136651204,66.875,65.0
248.0,69.50463407780805,55.97652935806088,73.17885996487585,57.216408136651204,66.875,65.0
249.0,69.50519481004216,56.195702762264396,73.17885996487585,57.216408136651204,66.875,65.0
250.0,69.50574924830116,56.802973349994886,73.17885996487585,57.216408136651204,66.875,65.0
251.0,69.50629752007994,64.60619015214913,73.17885996487585,57.216408136651204,66.875,65.0
252.0,69.5068397492851,69.08813575229313,73.17885996487585,57.216408136651204,66.875,65.0
253.0,69.50737605636131,65.0,73.17885996487585,57.216408136651204,66.875,65.0
254.0,69.50790655841145,65.0,73.17885996487585,57.216408136651204,66.875,65.0
255.0,69.50843136931266,65.0,73.17885996487585,57.216408136651204,66.875,65.0
256.0,69.50895059982649,65.0,73.17885996487585,57.216408136651204,66.875,65.0
257.0,69.50946435770567,65.0,73.17885996487585,57.216408136651204,66.875,65.0
258.0,69.50997274779628,65.0,73.17885996487585,57.216408136651204,66.875,65.0
259.0,69.51047587213482,65.00000000000001,73.17885996487585,57.216408136651204,66.875,65.00000000000001
260.0,69.51097383004347,65.0,73.17885996487585,57.216408136651204,66.875,65.0
261.0,69.51146671821931,65.0,73.17885996487585,57.216408136651204,66.875,65.0
262.0,69.51195463082196,65.0,73.17885996487585,57.216408136651204,66.875,65.0
263.0,69.51243765955597,65.0,73.17885996487585,57.216408136651204,66.875,65.0
264.0,69.51291589375171,65.0,73.17885996487585,57.216408136651204,66.875,65.0
265.0,69.51338942044204,65.00000000000001,73.17885996487585,57.216408136651204,66.875,65.00000000000001
266.0,69.51385832443663,64.99999999999999,73.17885996487585,57.216408136651204,66.875,64.99999999999999
267.0,69.51432268839268,65.00000000000001,73.17885996487585,57.216408136651204,66.875,65.00000000000001
268.0,69.51478259288383,64.99999999999999,73.17885996487585,57.216408136651204,66.875,64.99999999999999
269.0,69.51523811646615,65.00000000000001,73.17885996487585,57.216408136651204,66.875,65.00000000000001
270.0,69.51568933574102,64.99999999999999,73.17885996487585,57.216408136651204,66.875,64.99999999999999
271.0,69.51613632541716,65.00000000000001,73.17885996487585,57.216408136651204,66.875,65.00000000000001
272.0,69.5165791583686,64.99999999999999,73.17885996487585,57.216408136651204,66.875,64.99999999999999
273.0,69.5170179056917,65.00000000000001,73.17885996487585,57.216408136651204,66.875,65.00000000000001
274.0,69.51745263675953,64.99999999999999,73.17885996487585,57.216408136651204,66.875,64.99999999999999
275.0,69.517883419275,65.00000000000001,73.17885996487585,57.216408136651204,66.875,65.00000000000001
276.0,69.5183103193207,64.99999999999999,73.17885996487585,57.216408136651204,66.875,64.99999999999999
277.0,69.51873340140851,65.00000000000001,73.17885996487585,57.216408136651204,66.875,65.00000000000001
278.0,69.51915272852592,64.99999999999999,73.17885996487585,57.216408136651204,66.875,64.99999999999999
279.0,69.5195683621824,65.00000000000001,73.17885996487585,57.216408136651204,66.875,65.00000000000001
280.0,69.51998036245247,64.99999999999999,73.17885996487585,57.216408136651204,66.875,64.99999999999999
281.0,69.5203887880182,65.00000000000001,73.17885996487585,57.216408136651204,66.875,65.00000000000001
282.0,69.52079369620988,64.99999999999999,73.17885996487585,57.216408136651204,66.875,64.99999999999999
283.0,69.52119514304582,65.00000000000001,73.17885996487585,57.216408136651204,66.875,65.00000000000001
284.0,69.52159318326959,64.99999999999999,73.17885996487585,57.216408136651204,66.875,64.99999999999999
285.0,69.5219878703876,65.00000000000001,73.17885996487585,57.216408136651204,66.875,65.00000000000001
286.0,69.52237925670356,64.99999999999999,73.17885996487585,57.216408136651204,66.875,64.99999999999999
287.0,69.52276739335382,65.00000000000001,73.17885996487585,57.216408136651204,66.875,65.00000000000001
288.0,69.52315233033919,64.99999999999999,73.17885996487585,57.216408136651204,66.875,64.99999999999999
289.0,69.52353411655783,65.00000000000001,73.17885996487585,57.216408136651204,66.875,65.00000000000001
290.0,69.52391279983578,64.99999999999999,73.17885996487585,57.216408136651204,66.875,64.99999999999999
291.0,69.52428842695682,65.00000000000001,73.17885996487585,57.216408136651204,66.875,65.00000000000001
292.0,69.52466104369113,64.99999999999999,73.17885996487585,57.216408136651204,66.875,64.99999999999999
293.0,69.52503069482366,65.00000000000001,73.17885996487585,57.216408136651204,66.875,65.00000000000001
294.0,69.52539742418061,64.99999999999999,73.17885996487585,57.216408136651204,66.875,64.99999999999999
295.0,69.5257612746558,65.00000000000001,73.17885996487585,57.216408136651204,66.875,65.00000000000001
296.0,69.52612228823584,64.99999999999999,73.17885996487585,57.216408136651204,66.875,64.99999999999999
297.0,69.52648050602458,65.00000000000001,73.17885996487585,57.216408136651204,66.875,65.00000000000001
298.0,69.52683596826671,64.99999999999999,73.17885996487585,57.216408136651204,66.875,64.99999999999999
299.0,69.52718871437084,65.00000000000001,73.17885996487585,57.216408136651204,66.875,65.00000000000001
300.0,69.52753878293127,64.99999999999999,73.17885996487585,57.216408136651204,66.875,64.99999999999999
301.0,69.52788621174989,65.00000000000001,73.17885996487585,57.216408136651204,66.875,65.00000000000001
302.0,69.5282310378566,64.99999999999999,73.17885996487585,59.27699688168166,66.875,64.99999999999999
303.0,69.52857329752955,64.99400000000001,73.17885996487585,61.09863575335192,66.875,65.00000000000001
304.0,69.52891302631494,64.9819988,73.17885996487585,64.99159952000001,66.875,64.99999999999999
305.0,69.52925025904533,64.99399039952,73.17885996487585,64.99159952000001,66.875,65.0
306.0,69.52958502985832,65.00598199904,73.17885996487585,64.99159952000001,66.875,65.0
307.0,69.52991737221454,65.02139791748847,73.17885996487585,64.99159952000001,66.875,65.0
308.0,69.53024731891402,64.99420803752118,73.17885996487585,64.99159952000001,66.875,65.0
309.0,69.53057490211377,64.82376534596366,73.17885996487585,64.99159952000001,66.875,65.00000000000001
310.0,69.53090015334381,64.52682437022092,73.17885996487585,64.99159952000001,66.875,65.0
311.0,69.53122310352198,63.719655111734596,73.17885996487585,64.99159952000001,66.875,65.0
312.0,69.53154378297023,61.61948387761891,73.17885996487585,64.99159952000001,66.875,65.0
313.0,69.53186222142871,62.87476923525828,73.17885996487585,64.99159952000001,66.875,65.0
314.0,69.53217844807077,72.94589081594948,73.17885996487585,64.99159952000001,66.875,65.0
315.0,69.53249249151585,73.37934913827003,73.17885996487585,64.99159952000001,66.875,65.0
316.0,69.53280437984391,73.53333744462881,73.17885996487585,64.99159952000001,66.875,65.0
317.0,69.53311414060806,73.66919710956586,73.17885996487585,64.99159952000001,66.875,65.0
318.0,69.53342180084711,73.79022706166448,73.17885996487585,64.99159952000001,66.875,65.0
319.0,69.53372738709857,73.89894266100488,73.17885996487585,64.99159952000001,66.875,65.0
320.0,69.53403092540997,73.99729982,73.17885996487585,64.99159952000001,66.875,65.0
321.0,69.53433244135086,74.08684544602268,73.17885996487585,64.99159952000001,66.875,65.0
322.0,69.53463196002392,74.16882121995978,73.17885996487585,64.99159952000001,66.875,65.0
323.0,69.5349295060761,74.24423690525497,73.17885996487585,64.99159952000001,66.875,65.0
324.0,69.53522510370907,74.31392322513778,73.17885996487585,64.99159952000001,66.875,65.0
325.0,69.53551877669001,74.37857071394524,73.17885996487585,64.99159952000001,66.875,65.0
326.0,69.53581054836133,74.43875873747972,73.17885996487585,64.99159952000001,66.875,65.0
327.0,69.53610044165052,74.49497749324917,73.17885996487585,64.99159952000001,66.875,65.00000000000001
328.0,69.53638847907972,74.54764491312945,73.17885996487585,64.99159952000001,66.875,64.99999999999999
329.0,69.53667468277524,74.597119808,73.17885996487585,64.99159952000001,66.875,65.00000000000001
330.0,69.53695907447599,74.64371220349615,73.17885996487585,64.99159952000001,66.875,64.99999999999999
331.0,69.53724167554272,74.68769154975256,73.17885996487585,64.99159952000001,66.875,65.00000000000001
332.0,69.53752250696647,74.72929330335178,73.17885996487585,64.99159952000001,66.875,64.99999999999999
333.0,69.53780158937654,74.7687242496597,73.17885996487585,64.99159952000001,66.875,65.00000000000001
334.0,69.53807894304914,74.80616684086614,73.17885996487585,64.99159952000001,66.875,64.99999999999999
335.0,69.53835458791454,74.84178275787127,73.17885996487585,64.99159952000001,66.875,65.00000000000001
336.0,69.53862854356548,74.87571585496983,73.17885996487585,64.99159952000001,66.875,64.99999999999999
337.0,69.53890082926372,74.90809460987171,73.17885996487585,64.99159952000001,66.875,65.00000000000001
338.0,69.5391714639482,74.93903417435607,73.17885996487585,64.99159952000001,66.875,64.99999999999999
339.0,69.5394404662411,74.96863810028238,73.17885996487585,64.99159952000001,66.875,65.00000000000001
340.0,69.53970785445564,74.9969998,73.17885996487585,64.99159952000001,66.875,64.99999999999999
341.0,69.53997364660226,75.02420378814577,73.17885996487585,64.99159952000001,66.875,65.00000000000001
342.0,69.54023786039498,75.05032674248005,73.17885996487585,64.99159952000001,66.875,64.99999999999999
343.0,69.54050051325838,75.07543841412341,73.17885996487585,64.99159952000001,66.875,65.00000000000001
344.0,69.54076162233282,75.09960241182513,73.17885996487585,64.99159952000001,66.875,64.99999999999999
345.0,69.5410212044813,75.12287688036123,73.17885996487585,64.99159952000001,66.875,65.00000000000001
346.0,69.5412792762949,75.14531508954757,73.17885996487585,64.99159952000001,66.875,64.99999999999999
347.0,69.54153585409857,75.1669659474616,73.17885996487585,64.99159952000001,66.875,65.00000000000001
348.0,69.54179095395695,75.18787444913501,73.17885996487585,64.99159952000001,66.875,64.99999999999999
349.0,69.54204459167896,75.20808207009186,73.17885996487585,64.99159952000001,66.875,65.00000000000001
350.0,69.54229678282424,75.22762711256946,73.17885996487585,64.99159952000001,66.875,64.99999999999999
351.0,69.54254754270728,75.24654501100225,73.17885996487585,64.99159952000001,66.875,65.00000000000001
352.0,69.54279688640331,75.26486860231441,73.17885996487585,64.99159952000001,66.875,64.99999999999999
353.0,69.54304482875236,75.28262836571429,73.17885996487585,64.99159952000001,66.875,65.00000000000001
354.0,69.54329138436465,75.29985263597585,73.17885996487585,64.99159952000001,66.875,64.99999999999999
355.0,69.54353656762503,75.31656779360337,73.17885996487585,64.99159952000001,66.875,65.00000000000001
356.0,69.54378039269749,75.33279843478292,73.17885996487585,64.99159952000001,66.875,64.99999999999999
357.0,69.5440228735297,75.34856752361249,73.17885996487585,64.99159952000001,66.875,65.00000000000001
358.0,69.54426402385708,75.36389652875296,73.17885996487585,64.99159952000001,66.875,64.99999999999999
359.0,69.54450385720737,75.37880554635079,73.17885996487585,64.99159952000001,66.875,65.00000000000001
360.0,69.54474238690456,75.39331341083223,73.17885996487585,64.99159952000001,66.875,64.99999999999999
361.0,69.54497962607279,75.40743779495926,73.17885996487585,64.99159952000001,66.875,65.00000000000001
362.0,69.54521558764061,75.42119530035517,73.17885996487585,64.99159952000001,66.875,64.99999999999999
363.0,69.54545028434437,75.43460153955498,73.17885996487585,64.99159952000001,66.875,65.00000000000001
364.0,69.54568372873239,75.44767121050243,73.17885996487585,64.99159952000001,66.875,64.99999999999999
365.0,69.5459159331683,75.46041816430186,73.17885996487585,69.17321739496087,66.875,65.00000000000001
366.0,69.5461469098346,75.4650370848099,73.17885996487585,75.45689768501863,66.875,64.99999999999999
367.0,69.54637667073634,75.47563757136784,73.17885996487585,75.45689768501863,66.875,65.0
368.0,69.54660522770438,75.485952403725,73.17885996487585,75.45689768501863,66.875,65.0
369.0,69.54683259239884,75.49599261139237,73.17885996487585,75.45689768501863,66.875,65.0
370.0,69.54705877631196,75.51023074238265,73.17885996487585,75.45689768501863,66.875,65.0
371.0,69.54728379077194,75.46065003768011,73.17885996487585,75.45689768501863,66.875,65.0
372.0,69.54750764694523,75.35016333721346,73.17885996487585,75.45689768501863,66.875,65.0
373.0,69.54773035584016,75.03100783546306,73.17885996487585,75.45689768501863,66.875,65.0
374.0,69.5479519283097,74.1450456931359,73.17885996487585,75.45689768501863,66.875,65.0
375.0,69.54817237505411,71.84115516788931,73.17885996487585,75.45689768501863,66.875,65.0
376.0,69.54839170662414,64.77794152064607,73.17885996487585,75.45689768501863,66.875,65.0
377.0,69.54860993342363,56.708955138434305,73.17885996487585,75.45689768501863,66.875,65.0
378.0,69.54882706571212,65.0,73.17885996487585,75.45689768501863,66.875,65.0
379.0,69.54904311360755,65.0,73.17885996487585,75.45689768501863,66.875,65.0
380.0,69.54925808708883,65.0,73.17885996487585,75.45689768501863,66.875,65.0
381.0,69.54947199599843,64.99999999999999,73.17885996487585,75.45689768501863,66.875,64.99999999999999
382.0,69.54968485004466,65.0,73.17885996487585,75.45689768501863,66.875,65.0
383.0,69.54989665880412,65.0,73.17885996487585,75.45689768501863,66.875,65.0
384.0,69.55010743172429,65.0,73.17885996487585,75.45689768501863,66.875,65.0
385.0,69.55031717812561,65.0,73.17885996487585,75.45689768501863,66.875,65.0
386.0,69.55052590720383,65.0,73.17885996487585,75.45689768501863,66.875,65.0
387.0,69.55073362803188,65.0,73.17885996487585,75.45689768501863,66.875,65.0
388.0,69.55094034956257,65.0,73.17885996487585,75.45689768501863,66.875,65.0
389.0,69.55114608063043,65.0,73.17885996487585,75.45689768501863,66.875,65.0
390.0,69.55135082995376,65.0,73.17885996487585,75.45689768501863,66.875,65.0
391.0,69.5515546061364,65.0,73.17885996487585,75.45689768501863,66.875,65.0
392.0,69.55175741767042,65.0,73.17885996487585,75.45689768501863,66.875,65.0
393.0,69.55195927293721,65.0,73.17885996487585,75.45689768501863,66.875,65.0
394.0,69.55216018020991,65.0,73.17885996487585,75.45689768501863,66.875,65.0
395.0,69.55236014765528,65.0,73.17885996487585,75.45689768501863,66.875,65.0
396.0,69.55255918333506,65.0,73.17885996487585,75.45689768501863,66.875,65.0
397.0,69.5527572952083,65.0,73.17885996487585,75.45689768501863,66.875,65.0
398.0,69.55295449113255,65.0,73.17885996487585,75.45689768501863,66.875,65.0
399.0,69.55315077886613,65.0,73.17885996487585,75.45689768501863,66.875,65.0
400.0,69.55334616606929,65.0,73.17885996487585,75.45689768501863,66.875,65.0
401.0,69.55354066030638,65.0,73.17885996487585,75.45689768501863,66.875,65.0
402.0,69.55373426904684,65.0,73.17885996487585,75.45689768501863,66.875,65.0
403.0,69.55392699966714,65.0,73.17885996487585,75.45689768501863,66.875,65.0
404.0,69.55411885945225,65.0,73.17885996487585,75.45689768501863,66.875,65.0
405.0,69.5543098555974,65.0,73.17885996487585,75.45689768501863,66.875,65.0
406.0,69.5544999952087,65.0,73.17885996487585,75.45689768501863,66.875,65.0
407.0,69.55468928530568,65.0,73.17885996487585,75.45689768501863,66.875,65.0
408.0,69.55487773282209,65.0,73.17885996487585,75.45689768501863,66.875,65.0
409.0,69.55506534460729,65.0,73.17885996487585,75.45689768501863,66.875,65.0
410.0,69.55525212742778,65.0,73.17885996487585,75.45689768501863,66.875,65.0
411.0,69.5554380879683,65.0,73.17885996487585,75.45689768501863,66.875,65.0
412.0,69.55562323283374,65.0,73.17885996487585,75.45689768501863,66.875,65.0
413.0,69.5558075685494,65.0,73.17885996487585,75.45689768501863,66.875,65.0
414.0,69.55599110156332,65.0,73.17885996487585,75.45689768501863,66.875,65.0
415.0,69.55617383824666,65.0,73.17885996487585,75.45689768501863,66.875,65.0
416.0,69.55635578489553,65.0,73.17885996487585,75.45689768501863,66.875,65.0
417.0,69.55653694773157,65.0,73.17885996487585,75.45689768501863,66.875,65.0
418.0,69.55671733290377,65.0,73.17885996487585,75.45689768501863,66.875,65.0
419.0,69.55689694648919,65.0,73.17885996487585,75.45689768501863,66.875,65.0
420.0,69.55707579449404,65.0,73.17885996487585,75.45689768501863,66.875,65.0
421.0,69.55725388285495,65.0,73.17885996487585,75.45689768501863,66.875,65.0
422.0,69.5574312174401,65.0,73.17885996487585,75.45689768501863,66.875,65.0
423.0,69.55760780404995,65.0,73.17885996487585,75.45689768501863,66.875,65.0
424.0,69.55778364841869,65.0,73.17885996487585,75.45689768501863,66.875,65.0
425.0,69.557958756215,65.0,73.17885996487585,75.45689768501863,66.875,65.0
426.0,69.55813313304297,65.0,73.17885996487585,75.45689768501863,66.875,65.0
427.0,69.55830678444332,65.0,73.17885996487585,73.3631086847832,66.875,65.0
428.0,69.55847971589411,65.012,73.17885996487585,71.27250126782123,66.875,65.0
429.0,69.55865193281193,65.0180024,73.17885996487585,65.0072012,66.875,65.0
430.0,69.55882344055269,65.00601320144001,73.17885996487585,65.0072012,66.875,65.00000000000001
431.0,69.55899424441246,64.99402400288,73.17885996487585,65.0072012,66.875,65.0
432.0,69.55916434962829,64.97518616646306,73.17885996487585,65.0072012,66.875,65.0
433.0,69.55933376137959,65.05183288366305,73.17885996487585,65.0072012,66.875,65.0
434.0,69.55950248478833,65.2597746468221,73.17885996487585,65.0072012,66.875,65.0
435.0,69.5596705249201,65.70026205137823,73.17885996487585,65.0072012,66.875,65.0
436.0,69.55983788678522,66.89763095884827,73.17885996487585,65.0072012,66.875,65.0
437.0,69.56000457533915,69.96453251454894,73.17885996487585,65.0072012,66.875,65.0
438.0,69.56017059548365,64.6547768442616,73.17885996487585,65.0072012,66.875,65.0
439.0,69.56033595206709,52.61040144894767,73.17885996487585,65.0072012,66.875,64.99999999999999
440.0,69.56050064988585,56.5453409491465,73.17885996487585,65.0072012,66.875,65.0
441.0,69.5606646936843,56.400446866960486,73.17885996487585,65.0072012,66.875,65.0
442.0,69.56082808815643,56.272028499688396,73.17885996487585,65.0072012,66.875,65.0
443.0,69.56099083794565,56.15717932386584,73.17885996487585,65.0072012,66.875,65.0
444.0,69.56115294764635,56.05366417854441,73.17885996487585,65.0072012,66.875,65.0
445.0,69.56131442180397,55.959732024717916,73.17885996487585,65.0072012,66.875,65.0
446.0,69.56147526491601,55.87398886249891,73.17885996487585,65.0072012,66.875,65.0
447.0,69.56163548143262,55.79530920656066,73.17885996487585,65.0072012,66.875,65.0
448.0,69.56179507575729,55.72277300664715,73.17885996487585,65.0072012,66.875,65.0
449.0,69.56195405224726,55.65561979317609,73.17885996487585,65.0072012,66.875,65.0
450.0,69.56211241521471,55.593214748680914,73.17885996487585,65.0072012,66.875,65.0
451.0,69.56227016892697,55.53502320296715,73.17885996487585,65.0072012,66.875,65.0
452.0,69.56242731760716,55.48059118580795,73.17885996487585,65.0072012,66.875,65.0
453.0,69.562583865435,55.429530406489164,73.17885996487585,65.0072012,66.875,65.0
454.0,69.56273981654708,55.38150651610477,73.17885996487585,65.0072012,66.875,65.0
455.0,69.56289517503767,55.33622983677076,73.17885996487585,65.0072012,66.875,65.0
456.0,69.56304994495962,55.29344796734025,73.17885996487585,65.0072012,66.875,65.0
457.0,69.56320413032407,55.25293983251547,73.17885996487585,65.0072012,66.875,65.0
458.0,69.56335773510203,55.21451085367544,73.17885996487585,65.0072012,66.875,65.0
459.0,69.56351076322409,55.1779889997415,73.17885996487585,65.0072012,66.875,65.0
460.0,69.56366321858134,55.14322153457392,73.17885996487585,65.0072012,66.875,65.0
461.0,69.563815105026,55.11007232018383,73.17885996487585,65.0072012,66.875,65.0
462.0,69.56396642637165,55.07841956686618,73.17885996487585,65.0072012,66.875,65.0
463.0,69.56411718639396,55.04815394526117,73.17885996487585,65.0072012,66.875,65.0
464.0,69.5642673888311,55.01917699347601,73.17885996487585,65.0072012,66.875,65.0
465.0,69.56441703738433,54.99139976626261,73.17885996487585,65.0072012,66.875,65.0
466.0,69.56456613571832,54.96474168394019,73.17885996487585,65.0072012,66.875,65.0
467.0,69.56471468746183,54.93912954706361,73.17885996487585,65.0072012,66.875,65.0
468.0,69.56486269620804,54.914496689346606,73.17885996487585,65.0072012,66.875,65.0
469.0,69.56501016551493,54.89078224648012,73.17885996487585,65.0072012,66.875,65.0
470.0,69.56515709890625,54.867930522558076,73.17885996487585,65.0072012,66.875,65.0
471.0,69.56530349987109,54.84589043907391,73.17885996487585,65.0072012,66.875,65.0
472.0,69.56544937186514,54.82461505406292,73.17885996487585,65.0072012,66.875,65.0
473.0,69.56559471831073,54.804061141073845,73.17885996487585,65.0072012,66.875,65.0
474.0,69.56573954259743,54.784188819365745,73.17885996487585,65.0072012,66.875,65.0
475.0,69.56588384808207,54.76496122812285,73.17885996487585,65.0072012,66.875,65.0
476.0,69.56602763808984,54.7463442386257,73.17885996487585,65.0072012,66.875,65.0
477.0,69.56617091591407,54.72830619926014,73.17885996487585,65.0072012,66.875,65.0
478.0,69.56631368481688,54.71081770902603,73.17885996487585,65.0072012,66.875,65.0
479.0,69.56645594802973,54.69385141585579,73.17885996487585,65.0072012,66.875,65.0
480.0,69.56659770875356,54.67738183659322,73.17885996487585,65.0072012,66.875,65.0
481.0,69.56673897015925,54.66138519593587,73.17885996487585,65.0072012,66.875,65.0
482.0,69.56687973538806,54.645839282024205,73.17885996487585,65.0072012,66.875,65.0
483.0,69.56702000755178,54.630723316681355,73.17885996487585,65.0072012,66.875,65.0
484.0,69.56715978973358,54.616017838578706,73.17885996487585,65.0072012,66.875,65.0
485.0,69.56729908498794,54.60170459783246,73.17885996487585,65.0072012,66.875,65.0
486.0,69.56743789634083,54.587766460732404,73.17885996487585,65.0072012,66.875,65.0
487.0,69.56757622679085,54.57418732347154,73.17885996487585,65.0072012,66.875,65.0
488.0,69.56771407930869,54.56095203388852,73.17885996487585,65.0072012,66.875,65.0
489.0,69.56785145683803,54.54804632035774,73.17885996487585,65.0072012,66.875,65.0
490.0,69.5679883622955,54.53545672706826,73.17885996487585,58.73211860211879,66.875,65.0
491.0,69.5681247985716,54.534893072666044,73.17885996487585,56.639572552791776,66.875,65.0
492.0,69.5682607685302,54.52653189789144,73.17885996487585,56.639572552791776,66.875,65.0
493.0,69.56839627500945,54.51845080595994,73.17885996487585,56.639572552791776,66.875,65.0
494.0,69.56853132082203,54.510639063112194,73.17885996487585,56.639572552791776,66.875,65.0
495.0,69.56866590875514,54.49639622965402,73.17885996487585,56.639572552791776,66.875,65.0
496.0,69.56880004157124,54.57695227824291,73.17885996487585,56.639572552791776,66.875,65.0
497.0,69.56893372200793,54.75886868995997,73.17885996487585,56.639572552791776,66.875,65.0
498.0,69.56906695277858,55.27197954764688,73.17885996487585,56.639572552791776,66.875,65.0
499.0,69.56919973657233,56.68496383814767,73.17885996487585,56.639572552791776,66.875,65.0
500.0,69.56933207605469,65.89383209298113,73.17885996487585,56.639572552791776,66.875,65.0
501.0,69.56946397386751,66.62435689742678,73.17885996487585,56.639572552791776,66.875,65.0
502.0,69.56959543262967,66.74676725596318,73.17885996487585,56.639572552791776,66.875,65.0
503.0,69.56972645493666,66.85430178365088,73.17885996487585,56.639572552791776,66.875,65.0
504.0,69.56985704336172,66.9496817114296,73.17885996487585,56.639572552791776,66.875,65.0
505.0,69.56998720045534,67.03498131277847,73.17885996487585,56.639572552791776,66.875,65.0
506.0,69.57011692874592,67.11181298305881,73.17885996487585,56.639572552791776,66.875,65.0
507.0,69.57024623074001,67.1814514731211,73.17885996487585,56.639572552791776,66.875,65.0
508.0,69.5703751089227,67.24491958644744,73.17885996487585,56.639572552791776,66.875,65.0
509.0,69.57050356575716,67.30304871388289,73.17885996487585,56.639572552791776,66.875,65.0
510.0,69.5706316036859,67.35652249543567,73.17885996487585,56.639572552791776,66.875,65.0
511.0,69.5707592251302,67.40590889935639,73.17885996487585,56.639572552791776,66.875,65.0
512.0,69.57088643249084,67.45168418281068,73.17885996487585,56.639572552791776,66.875,65.0
513.0,69.57101322814823,67.4942510554214,73.17885996487585,56.639572552791776,66.875,65.0
514.0,69.57113961446213,67.53395263336137,73.17885996487585,56.639572552791776,66.875,65.0
515.0,69.57126559377289,67.57108329022525,73.17885996487585,56.639572552791776,66.875,65.0
516.0,69.57139116840075,67.60589718849738,73.17885996487585,56.639572552791776,66.875,65.0
517.0,69.57151634064657,67.63861505553935,73.17885996487585,56.639572552791776,66.875,65.0
518.0,69.5716411127919,67.66942961552273,73.17885996487585,56.639572552791776,66.875,65.0
519.0,69.57176548709911,67.69850998134847,73.17885996487585,56.639572552791776,66.875,65.0
520.0,69.57188946581157,67.72600523390558,73.17885996487585,56.639572552791776,66.875,65.0
521.0,69.57201305115447,67.7520473605453,73.17885996487585,56.639572552791776,66.875,65.0
522.0,69.57213624533408,67.77675368402568,73.17885996487585,56.639572552791776,66.875,65.0
523.0,69.57225905053843,67.80022888311166,73.17885996487585,56.639572552791776,66.875,65.0
524.0,69.57238146893783,67.82256668351913,73.17885996487585,56.639572552791776,66.875,65.0
525.0,69.57250350268433,67.84385128090211,73.17885996487585,56.639572552791776,66.875,65.0
526.0,69.57262515391263,67.864158544632,73.17885996487585,56.639572552791776,66.875,65.0
527.0,69.57274642473989,67.88355704116584,73.17885996487585,56.639572552791776,66.875,65.0
528.0,69.57286731726576,67.90210890808837,73.17885996487585,56.639572552791776,66.875,65.0
529.0,69.57298783357326,67.91987060389455,73.17885996487585,56.639572552791776,66.875,65.0
530.0,69.5731079757282,67.93689355384689,73.17885996487585,56.639572552791776,66.875,65.0
531.0,69.57322774577949,67.95322470849817,73.17885996487585,56.639572552791776,66.875,65.0
532.0,69.57334714576002,73.37839396243588,73.17885996487585,56.639572552791776,66.875,65.0
533.0,69.57346617768596,65.0,73.17885996487585,56.639572552791776,66.875,65.0
534.0,69.57358484355744,65.0,73.17885996487585,56.639572552791776,66.875,65.0
535.0,69.57370314535841,65.0,73.17885996487585,56.639572552791776,66.875,65.0
536.0,69.57382108505729,65.0,73.17885996487585,56.639572552791776,66.875,65.0
537.0,69.57393866460633,65.0,73.17885996487585,56.639572552791776,66.875,65.0
538.0,69.57405588594291,65.0,73.17885996487585,56.639572552791776,66.875,65.0
539.0,69.5741727509886,65.0,73.17885996487585,56.639572552791776,66.875,65.0
540.0,69.57428926165005,65.0,73.17885996487585,56.639572552791776,66.875,65.0
541.0,69.57440541981876,65.0,73.17885996487585,56.639572552791776,66.875,65.0
542.0,69.57452122737139,65.0,73.17885996487585,56.639572552791776,66.875,65.0
543.0,69.57463668617002,65.0,73.17885996487585,56.639572552791776,66.875,65.0
544.0,69.57475179806204,65.0,73.17885996487585,56.639572552791776,66.875,65.0
545.0,69.57486656488048,65.0,73.17885996487585,56.639572552791776,66.875,65.0
546.0,69.57498098844415,65.0,73.17885996487585,56.639572552791776,66.875,65.0
547.0,69.57509507055774,65.0,73.17885996487585,56.639572552791776,66.875,65.0
548.0,69.57520881301211,65.0,73.17885996487585,56.639572552791776,66.875,65.0
549.0,69.57532221758419,65.0,73.17885996487585,56.639572552791776,66.875,65.0
550.0,69.57543528603718,65.0,73.17885996487585,56.639572552791776,66.875,65.0
551.0,69.57554802012092,65.0,73.17885996487585,58.73248120737813,66.875,65.0
552.0,69.57566042157173,64.994,73.17885996487585,62.91189182541365,66.875,65.0
553.0,69.57577249211283,64.9939988,73.17885996487585,62.91189182541365,66.875,65.0
554.0,69.57588423345435,64.9939976,73.17885996487585,62.91189182541365,66.875,65.0
555.0,69.57599564729304,64.9939964,73.17885996487585,62.91189182541365,66.875,65.0
556.0,69.57610673531325,64.99741951892848,73.17885996487585,62.91189182541365,66.875,65.0
557.0,69.57621749918646,64.95138820158424,73.17885996487585,62.91189182541365,66.875,65.0
558.0,69.5763279405715,64.86785884332303,73.17885996487585,62.91189182541365,66.875,65.0
559.0,69.57643806111498,64.64080250661875,73.17885996487585,62.91189182541365,66.875,65.0
560.0,69.57654786245078,64.02359939251905,73.17885996487585,62.91189182541365,66.875,65.0
561.0,69.57665734620076,62.439809676712024,73.17885996487585,62.91189182541365,66.875,65.0
562.0,69.5767665139749,64.91088094468476,73.17885996487585,62.91189182541365,66.875,65.0
563.0,69.57687536737083,64.9221445537158,73.17885996487585,62.91189182541365,66.875,65.0
564.0,69.57698390797461,56.39615139624456,73.17885996487585,62.91189182541365,66.875,65.0
565.0,69.57709213736037,56.26766804015023,73.17885996487585,62.91189182541365,66.875,65.0
566.0,69.57720005709065,56.15276078995751,73.17885996487585,62.91189182541365,66.875,65.0
567.0,69.57730766871667,56.04919333848297,73.17885996487585,62.91189182541365,66.875,65.0
568.0,69.57741497377815,55.955213750218,73.17885996487585,62.91189182541365,66.875,65.0
569.0,69.5775219738035,55.86942731259109,73.17885996487585,62.91189182541365,66.875,65.0
570.0,69.57762867030975,55.79070796559646,73.17885996487585,62.91189182541365,66.875,65.0
571.0,69.57773506480328,55.71813518972325,73.17885996487585,62.91189182541365,66.875,65.0
572.0,69.5778411587794,55.650948127915825,73.17885996487585,62.91189182541365,66.875,65.0
573.0,69.57794695372233,55.588511639549615,73.17885996487585,62.91189182541365,66.875,65.0
574.0,69.57805245110572,55.53029078247611,73.17885996487585,62.91189182541365,66.875,65.0
575.0,69.5781576523927,55.47583135573404,73.17885996487585,62.91189182541365,66.875,65.0
576.0,69.57826255903558,55.42474487139159,73.17885996487585,62.91189182541365,66.875,65.0
577.0,69.57836717247659,55.376696810829095,73.17885996487585,62.91189182541365,66.875,65.0
578.0,69.57847149414718,55.33139734920835,73.17885996487585,62.91189182541365,66.875,65.0
579.0,69.57857552546906,55.28859395740693,73.17885996487585,62.91189182541365,66.875,65.0
580.0,69.57867926785335,55.24806544808999,73.17885996487585,62.91189182541365,66.875,65.0
581.0,69.5787827227014,55.209617144072645,73.17885996487585,62.91189182541365,66.875,65.0
582.0,69.5788858914046,55.17307692717099,73.17885996487585,62.91189182541365,66.875,65.0
583.0,69.5789887753444,55.13829198394047,73.17885996487585,62.91189182541365,66.875,65.0
584.0,69.57909137589255,55.105126107514,73.17885996487585,62.91189182541365,66.875,65.0
585.0,69.57919369441099,55.07345744658924,73.17885996487585,62.91189182541365,66.875,65.0
586.0,69.57929573225238,55.04317661652927,73.17885996487585,62.91189182541365,66.875,65.0
587.0,69.57939749075949,55.01418510567422,73.17885996487585,62.91189182541365,66.875,65.0
588.0,69.57949897126618,54.986393923832146,73.17885996487585,62.91189182541365,66.875,65.0
589.0,69.5796001750965,54.95972245061673,73.17885996487585,62.91189182541365,66.875,65.0
590.0,69.57970110356572,54.93409744961509,73.17885996487585,62.91189182541365,66.875,65.0
591.0,69.5798017579795,54.909452220881036,73.17885996487585,62.91189182541365,66.875,65.0
592.0,69.57990213963494,54.885725869382156,73.17885996487585,62.91189182541365,66.875,65.0
593.0,69.58000224981988,54.86286267110419,73.17885996487585,62.91189182541365,66.875,65.0
594.0,69.58010208981337,54.84081152176818,73.17885996487585,62.91189182541365,66.875,65.0
595.0,69.58020166088546,54.81952545572892,73.17885996487585,62.91189182541365,66.875,65.0
596.0,69.5803009642978,54.798961224733205,73.17885996487585,62.91189182541365,66.875,65.0
597.0,69.58040000130312,54.779078927929305,73.17885996487585,62.91189182541365,66.875,65.0
598.0,69.58049877314575,54.75984168591675,73.17885996487585,62.91189182541365,66.875,65.0
599.0,69.58059728106149,54.7412153527718,73.17885996487585,62.91189182541365,66.875,65.0
600.0,69.58069552627775,54.72316826092729,73.17885996487585,62.91189182541365,66.875,65.0
601.0,69.58079351001355,54.70567099456671,73.17885996487585,62.91189182541365,66.875,65.0
602.0,69.58089123347956,54.68869618784066,73.17885996487585,62.91189182541365,66.875,65.0
603.0,69.58098869787858,54.67221834475466,73.17885996487585,62.91189182541365,66.875,65.0
604.0,69.58108590440496,54.656213678029985,73.17885996487585,62.91189182541365,66.875,65.0
605.0,69.58118285424514,54.640659964619864,73.17885996487585,62.91189182541365,66.875,65.0
606.0,69.58127954857764,54.62553641588362,73.17885996487585,62.91189182541365,66.875,65.0
607.0,69.5813759885731,54.61082356069317,73.17885996487585,62.91189182541365,66.875,65.0
608.0,69.5814721753943,54.5965031399763,73.17885996487585,62.91189182541365,66.875,65.0
609.0,69.5815681101962,54.58255801139737,73.17885996487585,62.91189182541365,66.875,65.0
610.0,69.5816637941262,54.56897206304328,73.17885996487585,62.91189182541365,66.875,65.0
611.0,69.58175922832383,54.55573013512643,73.17885996487585,62.91189182541365,66.875,65.0
612.0,69.58185441392153,54.54281794883886,73.17885996487585,62.91189182541365,66.875,65.0
613.0,69.58194935204382,54.53022204159851,73.17885996487585,62.91189182541365,66.875,65.0
614.0,69.58204404380784,54.5179297080196,73.17885996487585,60.815536233733354,66.875,65.0
615.0,69.58213849032391,54.497834990426774,73.17885996487585,56.61464132831145,66.875,65.0
616.0,69.5822326926942,54.47982200192647,73.17885996487585,56.61464132831145,66.875,65.0
617.0,69.58232665201443,54.46207849778536,73.17885996487585,56.61464132831145,66.875,65.0
618.0,69.58242036937258,54.444594306370846,73.17885996487585,56.61464132831145,66.875,65.0
619.0,69.58251384585006,54.43197916647654,73.17885996487585,56.61464132831145,66.875,65.0
620.0,69.5826070825208,54.35648118329937,73.17885996487585,56.61464132831145,66.875,65.0
621.0,69.58270008045204,54.182368457263,73.17885996487585,56.61464132831145,66.875,65.0
622.0,69.58279284070385,53.727294495482425,73.17885996487585,56.61464132831145,66.875,65.0
623.0,69.58288536432978,52.508096681744746,73.17885996487585,56.61464132831145,66.875,65.0
624.0,69.5829776523761,54.63103739704683,73.17885996487585,56.61464132831145,66.875,65.0
625.0,69.58306970588289,66.46734568394257,73.17885996487585,56.61464132831145,66.875,65.0
626.0,69.58316152588327,66.60838382508904,73.17885996487585,56.61464132831145,66.875,65.0
627.0,69.58325311340367,66.73089884544011,73.17885996487585,56.61464132831145,66.875,65.0
628.0,69.58334446946402,66.83854148910352,73.17885996487585,56.61464132831145,66.875,65.0
629.0,69.58343559507786,66.93403152197705,73.17885996487585,56.61464132831145,66.875,65.0
630.0,69.5835264912521,67.01944215050553,73.17885996487585,56.61464132831145,66.875,65.0
631.0,69.58361715898731,67.09638498371672,73.17885996487585,56.61464132831145,66.875,65.0
632.0,69.5837075992778,67.16613418836035,73.17885996487585,56.61464132831145,66.875,65.0
633.0,69.58379781311153,67.22971213215689,73.17885996487585,56.61464132831145,66.875,65.0
634.0,69.58388780147006,67.28794988066026,73.17885996487585,56.61464132831145,66.875,65.0
635.0,69.58397756532892,67.34153083191715,73.17885996487585,56.61464132831145,66.875,65.0
636.0,69.58406710565771,67.39102277575468,73.17885996487585,56.61464132831145,66.875,65.0
637.0,69.58415642341936,67.43690183979984,73.17885996487585,56.61464132831145,66.875,65.0
638.0,69.58424551957137,67.47957064202619,73.17885996487585,56.61464132831145,66.875,65.0
639.0,69.58433439506499,67.51937223649783,73.17885996487585,56.61464132831145,66.875,65.0
640.0,69.58442305084553,67.55660095783504,73.17885996487585,56.61464132831145,66.875,65.0
641.0,69.58451148785237,67.59151094772099,73.17885996487585,56.61464132831145,66.875,65.0
642.0,69.58459970701915,67.62432292701511,73.17885996487585,56.61464132831145,66.875,65.0
643.0,69.58468770927382,67.65522962463909,73.17885996487585,56.61464132831145,66.875,65.0
644.0,69.58477549553841,67.68440016708426,73.17885996487585,56.61464132831145,66.875,65.0
645.0,69.58486306672926,67.71198365575087,73.17885996487585,59.25061036786457,66.875,65.0
646.0,69.58495042375716,67.75065516427162,73.17885996487585,59.25061036786457,66.875,65.0
647.0,69.58503756752714,67.78798898506885,73.17885996487585,59.25061036786457,66.875,65.0
648.0,69.58512449893895,67.824089830116,73.17885996487585,59.25061036786457,66.875,65.0
649.0,69.58521121888661,67.85905146069442,73.17885996487585,59.25061036786457,66.875,65.0
650.0,69.58529772825872,67.88579953654802,73.17885996487585,59.25061036786457,66.875,65.0
651.0,69.58538402793852,68.00779639396222,73.17885996487585,59.25061036786457,66.875,65.0
652.0,69.58547011880373,73.70645911082822,73.17885996487585,59.25061036786457,66.875,65.0
653.0,69.58555600172708,66.18419935425406,73.17885996487585,59.25061036786457,66.875,65.0
654.0,69.58564167757544,68.22513781097516,73.17885996487585,59.25061036786457,66.875,65.0
655.0,69.58572714721102,73.57659642041443,73.17885996487585,59.25061036786457,66.875,65.0
656.0,69.58581241149041,73.76118538317536,73.17885996487585,59.25061036786457,66.875,65.0
657.0,69.58589747126528,73.92219074010562,73.17885996487585,59.25061036786457,66.875,65.0
658.0,69.58598232738203,74.06424135656378,73.17885996487585,59.25061036786457,66.875,65.0
659.0,69.5860669806821,74.19078648909802,73.17885996487585,59.25061036786457,66.875,65.0
660.0,69.58615143200184,74.30445611953675,73.17885996487585,59.25061036786457,66.875,65.0
661.0,69.58623568217256,74.40729528872508,73.17885996487585,59.25061036786457,66.875,65.0
662.0,69.58631973202058,74.5009213946304,73.17885996487585,59.25061036786457,66.875,65.0
663.0,69.58640358236748,74.58663269995266,73.17885996487585,59.25061036786457,66.875,65.0
664.0,69.58648723402969,74.66548498176685,73.17885996487585,59.25061036786457,66.875,65.0
665.0,69.5865706878191,74.73834681829973,73.17885996487585,59.25061036786457,66.875,65.0
666.0,69.58665394454246,74.80594021065666,73.17885996487585,59.25061036786457,66.875,65.0
667.0,69.58673700500212,74.86887092560018,73.17885996487585,59.25061036786457,66.875,65.0
668.0,69.58681986999532,74.92765149831291,73.17885996487585,59.25061036786457,66.875,65.0
669.0,69.58690254031485,74.98271890529293,73.17885996487585,59.25061036786457,66.875,65.0
670.0,69.58698501674895,75.03444830797342,73.17885996487585,59.25061036786457,66.875,65.0
671.0,69.58706730008086,75.08316385946223,73.17885996487585,59.25061036786457,66.875,65.0
672.0,69.58714939108951,75.12914728839267,73.17885996487585,59.25061036786457,66.875,65.0
673.0,69.58723129054921,75.17264478080334,73.17885996487585,59.25061036786457,66.875,65.0
674.0,69.58731299922978,75.21387254500517,73.17885996487585,59.25061036786457,66.875,65.0
675.0,69.5873945178967,75.25302134730153,73.17885996487585,59.25061036786457,66.875,65.0
676.0,69.58747584731059,75.29026023618474,73.17885996487585,67.55991726672971,66.875,65.0
677.0,69.58755698822803,75.31785572530066,73.17885996487585,67.55991726672971,66.875,65.0
678.0,69.58763794140114,75.34382604282993,73.17885996487585,67.55991726672971,66.875,65.0
679.0,69.58771870757772,75.36829158787134,73.17885996487585,67.55991726672971,66.875,65.0
680.0,69.587799287501,75.39136063101039,73.17885996487585,67.55991726672971,66.875,65.0
681.0,69.58787968191047,75.41763033694123,73.17885996487585,67.55991726672971,66.875,65.0
682.0,69.58795989154079,75.38220590035228,73.17885996487585,67.55991726672971,66.875,65.0
683.0,69.58803991712286,75.23590781463822,73.17885996487585,67.55991726672971,66.875,65.0
684.0,69.58811975938293,74.79023899844667,73.17885996487585,67.55991726672971,66.875,65.0
685.0,69.58819941904373,73.53267952495905,73.17885996487585,67.55991726672971,66.875,65.0
686.0,69.58827889682323,70.19337434323828,73.17885996487585,67.55991726672971,66.875,65.0
687.0,69.58835819343591,70.10081229824978,73.17885996487585,67.55991726672971,66.875,64.99999999999999
688.0,69.58843730959158,70.02225041479694,73.17885996487585,67.55991726672971,66.875,65.0
689.0,69.58851624599647,69.95482628145226,73.17885996487585,67.55991726672971,66.875,65.0
690.0,69.5885950033528,62.11158195264654,73.17885996487585,67.55991726672971,66.875,65.0
691.0,69.58867358235865,65.0,73.17885996487585,67.55991726672971,66.875,65.0
692.0,69.58875198370806,65.0,73.17885996487585,67.55991726672971,66.875,65.0
693.0,69.5888302080915,65.0,73.17885996487585,67.55991726672971,66.875,65.0
694.0,69.58890825619544,65.0,73.17885996487585,67.55991726672971,66.875,65.0
695.0,69.5889861287023,65.0,73.17885996487585,67.55991726672971,66.875,65.0
696.0,69.58906382629098,65.0,73.17885996487585,67.55991726672971,66.875,65.0
697.0,69.5891413496364,65.0,73.17885996487585,67.55991726672971,66.875,65.0
698.0,69.58921869940974,65.0,73.17885996487585,67.55991726672971,66.875,65.0
699.0,69.58929587627848,65.0,73.17885996487585,67.55991726672971,66.875,65.0
700.0,69.5893728809065,65.0,73.17885996487585,67.55991726672971,66.875,65.0
701.0,69.58944971395361,65.0,73.17885996487585,67.55991726672971,66.875,65.0
702.0,69.58952637607658,65.0,73.17885996487585,67.55991726672971,66.875,65.0
703.0,69.58960286792798,65.0,73.17885996487585,67.55991726672971,66.875,65.0
704.0,69.58967919015718,65.0,73.17885996487585,67.55991726672971,66.875,65.0
705.0,69.58975534340976,65.0,73.17885996487585,69.65916447944066,66.875,65.0
706.0,69.58983132832779,65.012,73.17885996487585,69.65916447944066,66.875,65.0
707.0,69.58990714554979,65.024,73.17885996487585,69.65916447944066,66.875,65.0
708.0,69.58998279571081,65.036,73.17885996487585,69.65916447944066,66.875,65.0
709.0,69.59005827944247,65.04799999999999,73.17885996487585,69.65916447944066,66.875,65.0
710.0,69.5901335973731,65.05315136214307,73.17885996487585,69.65916447944066,66.875,65.0
711.0,69.5902087501273,65.15036432870215,73.17885996487585,69.65916447944066,66.875,65.0
712.0,69.59028373832632,65.41461656919036,73.17885996487585,69.65916447944066,66.875,65.0
713.0,69.59035856258835,66.13292863263898,73.17885996487585,69.65916447944066,66.875,65.0
714.0,69.59043322352774,68.08550326187435,73.17885996487585,69.65916447944066,66.875,65.0
715.0,69.590507721756,73.20526680779794,73.17885996487585,69.65916447944066,66.875,65.0
716.0,69.59058205788101,73.38186386506685,73.17885996487585,69.65916447944066,66.875,65.0
717.0,69.59065623250757,73.53589838486225,73.17885996487585,69.65916447944066,66.875,65.0
718.0,69.59073024623704,73.67179882264863,73.17885996487585,69.65916447944066,66.875,65.0
719.0,69.59080409966786,73.7928650970509,73.17885996487585,69.65916447944066,66.875,65.0
720.0,69.59087779339482,73.90161332303407,73.17885996487585,69.65916447944066,66.875,65.0
721.0,69.59095132800988,74.0,73.17885996487585,69.65916447944066,66.875,65.0
722.0,69.59102470410166,74.08957249956401,73.17885996487585,69.65916447944066,66.875,65.0
723.0,69.59109792225593,74.1715728752538,73.17885996487585,69.65916447944066,66.875,65.0
724.0,69.59117098305482,74.24701119355326,73.17885996487585,69.65916447944066,66.875,65.0
725.0,69.59124388707785,74.31671842700025,73.17885996487585,69.65916447944066,66.875,65.0
726.0,69.59131663490118,74.3813853171681,73.17885996487585,69.65916447944066,66.875,65.0
727.0,69.5913892270981,74.44159140373267,73.17885996487585,69.65916447944066,66.875,65.0
728.0,69.59146166423884,74.49782703131511,73.17885996487585,69.65916447944066,66.875,65.0
729.0,69.59153394689044,74.55051025721681,73.17885996487585,69.65916447944066,66.875,65.0
730.0,69.5916060756171,74.60000000000001,73.17885996487585,69.65916447944066,66.875,65.0
731.0,69.59167805098014,74.64660637834179,73.17885996487585,69.65916447944066,66.875,65.0
732.0,69.5917498735377,74.6905989232415,73.17885996487585,69.65916447944066,66.875,65.0
733.0,69.59182154384521,74.73221316194463,73.17885996487585,69.65916447944066,66.875,65.0
734.0,69.59189306245504,74.77165594187538,73.17885996487585,71.61349566781574,66.875,65.0
735.0,69.59196442991687,74.8050641011677,73.17885996487585,71.61349566781574,66.875,65.0
736.0,69.59203564677726,74.83664503805547,73.17885996487585,73.58082467542683,66.875,65.0
737.0,69.59210671358005,74.8625099790131,73.17885996487585,73.58082467542683,66.875,65.0
738.0,69.59217763086617,74.88682011130037,73.17885996487585,73.58082467542683,66.875,65.0
739.0,69.59224839917411,74.91199956463628,73.17885996487585,73.58082467542683,66.875,65.0
740.0,69.59231901903901,74.90480541509774,73.17885996487585,73.58082467542683,66.875,65.0
741.0,69.59238949099368,74.84235472674361,73.17885996487585,73.58082467542683,66.875,65.0
742.0,69.59245981556792,74.59472682720975,73.17885996487585,73.58082467542683,66.875,65.0
743.0,69.59252999328886,73.87376490257503,73.17885996487585,73.58082467542683,66.875,65.0
744.0,69.59260002468113,71.93141878361733,73.17885996487585,73.58082467542683,66.875,65.0
745.0,69.59266991026624,71.23987801029322,73.17885996487585,73.58082467542683,66.875,65.0
746.0,69.59273965056356,69.49070158104881,73.17885996487585,73.58082467542683,66.875,65.0
747.0,69.59280924608929,69.40798269143131,73.17885996487585,73.58082467542683,66.875,65.0
748.0,69.59287869735722,69.33705966446063,73.17885996487585,73.58082467542683,66.875,65.0
749.0,69.59294800487862,69.2756410193608,73.17885996487585,73.58082467542683,66.875,65.0
750.0,69.59301716916205,69.22199967454263,73.17885996487585,73.58082467542683,66.875,65.0
751.0,69.59308619071338,69.17480670899523,73.17885996487585,73.58082467542683,66.875,65.0
752.0,69.59315507003599,69.1330213298203,73.17885996487585,73.58082467542683,66.875,65.0
753.0,69.5932238076309,69.0958158475384,73.17885996487585,73.58082467542683,66.875,65.0
754.0,69.59329240399627,69.06252319776236,73.17885996487585,73.58082467542683,66.875,65.0
755.0,69.59336085962799,69.03259940898222,73.17885996487585,73.58082467542683,66.875,65.0
756.0,69.59342917501925,69.00559623091586,73.17885996487585,73.58082467542683,66.875,65.0
757.0,69.59349735066094,68.98114082501043,73.17885996487585,73.58082467542683,66.875,65.0
758.0,69.59356538704147,68.95892046107012,73.17885996487585,73.58082467542683,66.875,65.0
759.0,69.59363328464653,68.93867082551863,73.17885996487585,73.58082467542683,66.875,65.0
760.0,69.5937010439596,68.92016697678234,73.17885996487585,73.58082467542683,66.875,65.0
761.0,69.59376866546184,68.90321626880397,73.17885996487585,73.58082467542683,66.875,65.0
762.0,69.59383614963191,68.88765275699713,73.17885996487585,73.58082467542683,66.875,65.0
763.0,69.59390349694577,68.87333273413286,73.17885996487585,73.58082467542683,66.875,65.0
764.0,69.59397070787763,68.86013113688593,73.17885996487585,73.58082467542683,66.875,65.0
765.0,69.59403778289875,68.84793863000384,73.17885996487585,73.58082467542683,66.875,65.0
766.0,69.59410472247838,68.8366592227512,73.17885996487585,73.58082467542683,66.875,65.0
767.0,69.59417152708347,68.82620830704724,73.17885996487585,73.58082467542683,66.875,65.0
768.0,69.59423819717837,68.81651103235123,73.17885996487585,73.58082467542683,66.875,65.0
769.0,69.59430473322546,68.80750095145522,73.17885996487585,73.58082467542683,66.875,65.0
770.0,69.59437113568467,68.79911888572643,73.17885996487585,73.58082467542683,66.875,65.0
771.0,69.59443740501355,68.79131196926572,73.17885996487585,73.58082467542683,66.875,65.0
772.0,69.59450354166775,68.78403283982152,73.17885996487585,73.58082467542683,66.875,65.0
773.0,69.5945695461003,68.77723895076491,73.17885996487585,73.58082467542683,66.875,65.0
774.0,69.59463541876225,68.77089198346714,73.17885996487585,73.58082467542683,66.875,65.0
775.0,69.59470116010245,68.76495734336633,73.17885996487585,73.58082467542683,66.875,65.0
776.0,69.59476677056735,68.75940372612645,73.17885996487585,73.58082467542683,66.875,65.0
777.0,69.59483225060137,68.75420274276551,73.17885996487585,73.58082467542683,66.875,65.0
778.0,69.59489760064686,68.74932859460783,73.17885996487585,73.58082467542683,66.875,65.0
779.0,69.59496282114377,68.74475779050435,73.17885996487585,73.58082467542683,66.875,65.0
780.0,69.59502791253021,68.74046890004935,73.17885996487585,73.58082467542683,66.875,65.0
781.0,69.59509287524178,68.7364423375653,73.17885996487585,73.58082467542683,66.875,65.0
782.0,69.59515770971235,68.73266017247839,73.17885996487585,73.58082467542683,66.875,65.0
783.0,69.59522241637342,68.72910596240625,73.17885996487585,73.58082467542683,66.875,65.0
784.0,69.59528699565463,68.72576460585415,73.17885996487585,73.58082467542683,66.875,65.0
785.0,69.5953514479834,68.72262221189102,73.17885996487585,73.58082467542683,66.875,65.0
786.0,69.59541577378509,68.71966598457298,73.17885996487585,73.58082467542683,66.875,65.0
787.0,69.59547997348315,68.7168841202104,73.17885996487585,73.58082467542683,66.875,65.0
788.0,69.59554404749885,68.71426571585032,73.17885996487585,73.58082467542683,66.875,65.0
789.0,69.5956079962516,68.71180068757815,73.17885996487585,73.58082467542683,66.875,65.0
790.0,69.5956718201585,68.70947969743683,73.17885996487585,73.58082467542683,66.875,65.0
791.0,69.59573551963496,68.70729408792714,73.17885996487585,73.58082467542683,66.875,65.0
792.0,69.59579909509442,68.70523582319215,73.17885996487585,73.58082467542683,66.875,65.0
793.0,69.59586254694808,68.70329743610871,73.17885996487585,73.58082467542683,66.875,65.0
794.0,69.59592587560537,68.70147198060914,73.17885996487585,73.58082467542683,66.875,65.0
795.0,69.59598908147383,68.69975298864416,73.17885996487585,73.58082467542683,66.875,65.0
796.0,69.59605216495896,68.69813443127214,73.17885996487585,73.58082467542683,66.875,65.0
797.0,69.59611512646444,68.69661068342366,73.17885996487585,73.58082467542683,66.875,65.0
798.0,69.59617796639186,68.69517649194614,73.17885996487585,73.58082467542683,66.875,65.0
799.0,69.59624068514104,68.69382694658064,73.17885996487585,73.58082467542683,66.875,65.0
800.0,69.59630328311002,68.6925574535641,73.17885996487585,73.58082467542683,66.875,65.0
801.0,69.59636576069465,68.69136371158699,73.17885996487585,73.58082467542683,66.875,65.0
802.0,69.59642811828931,68.69024168986681,73.17885996487585,73.58082467542683,66.875,65.0
803.0,69.59649035628628,68.68918760812541,73.17885996487585,73.58082467542683,66.875,65.0
804.0,69.59655247507605,68.68819791828219,73.17885996487585,73.58082467542683,66.875,65.0
805.0,69.59661447504742,68.68726928769549,73.17885996487585,73.58082467542683,66.875,65.0
806.0,69.5966763565871,68.68639858380361,73.17885996487585,73.58082467542683,66.875,65.0
807.0,69.59673812008015,68.68558286003211,73.17885996487585,73.58082467542683,66.875,65.0
808.0,69.59679976590999,68.68481934284868,73.17885996487585,73.58082467542683,66.875,65.0
809.0,69.59686129445791,68.68410541985956,73.17885996487585,73.58082467542683,66.875,65.0
810.0,69.5969227061038,68.68343862885192,73.17885996487585,73.58082467542683,66.875,65.0
811.0,69.59698400122552,68.68281664769678,73.17885996487585,73.58082467542683,66.875,65.0
812.0,69.59704518019923,68.6822372850359,73.17885996487585,73.58082467542683,66.875,65.0
813.0,69.5971062433996,68.68169847168292,73.17885996487585,73.58082467542683,66.875,65.0
814.0,69.59716719119919,68.68119825267729,73.17885996487585,73.58082467542683,66.875,65.0
815.0,69.59722802396907,68.68073477993387,73.17885996487585,73.58082467542683,66.875,65.0
816.0,69.59728874207858,68.68030630543798,73.17885996487585,73.58082467542683,66.875,65.0
817.0,69.59734934589524,68.67991117493973,73.17885996487585,73.58082467542683,66.875,65.0
818.0,69.59740983578516,68.6795478221063,73.17885996487585,73.58082467542683,66.875,65.0
819.0,69.59747021211236,68.67921476309381,73.17885996487585,73.58082467542683,66.875,65.0
820.0,69.59753047523965,68.67891059150547,73.17885996487585,73.58082467542683,66.875,65.0
821.0,69.5975906255279,68.67863397370387,73.17885996487585,73.58082467542683,66.875,65.0
822.0,69.59765066333632,68.67838364445005,73.17885996487585,73.58082467542683,66.875,65.0
823.0,69.59771058902254,68.6781584028429,73.17885996487585,73.58082467542683,66.875,65.0
824.0,69.59777040294273,68.6779571085356,73.17885996487585,73.58082467542683,66.875,65.0
825.0,69.59783010545114,68.6777786782079,73.17885996487585,73.58082467542683,66.875,65.0
826.0,69.59788969690072,68.67762208227423,73.17885996487585,73.58082467542683,66.875,65.0
827.0,69.59794917764255,68.67748634181017,73.17885996487585,73.58082467542683,66.875,65.0
828.0,69.59800854802627,68.67737052568037,73.17885996487585,73.58082467542683,66.875,65.0
829.0,69.59806780839996,68.67727374785363,73.17885996487585,73.58082467542683,66.875,65.0
830.0,69.59812695910999,68.67719516489062,73.17885996487585,73.58082467542683,66.875,65.0
831.0,69.59818600050134,68.67713397359215,73.17885996487585,73.58082467542683,66.875,65.0
832.0,69.59824493291735,68.67708940879618,73.17885996487585,73.58082467542683,66.875,65.0
833.0,69.59830375669974,68.6770607413129,73.17885996487585,73.58082467542683,66.875,65.0
834.0,69.59836247218892,68.67704727598827,73.17885996487585,73.58082467542683,66.875,65.0
835.0,69.59842107972362,68.67704834988665,73.17885996487585,73.58082467542683,66.875,65.0
836.0,69.59847957964102,68.67706333058459,73.17885996487585,73.58082467542683,66.875,65.0
837.0,69.59853797227679,68.6770916145678,73.17885996487585,73.58082467542683,66.875,65.0
838.0,69.59859625796537,68.67713262572443,73.17885996487585,73.58082467542683,66.875,65.0
839.0,69.59865443703937,68.67718581392803,73.17885996487585,73.58082467542683,66.875,65.0
840.0,69.59871250983004,68.6772506537042,73.17885996487585,73.58082467542683,66.875,65.0
841.0,69.59877047666721,68.67732664297527,73.17885996487585,73.58082467542683,66.875,65.0
842.0,69.59882833787924,68.6774133018779,73.17885996487585,73.58082467542683,66.875,65.0
843.0,69.5988860937929,68.67751017164888,73.17885996487585,73.58082467542683,66.875,65.0
844.0,69.59894374473383,68.67761681357456,73.17885996487585,73.58082467542683,66.875,65.0
845.0,69.59900129102574,68.67773280799987,73.17885996487585,73.58082467542683,66.875,65.0
846.0,69.59905873299154,68.67785775339314,73.17885996487585,73.58082467542683,66.875,65.0
847.0,69.59911607095216,68.67799126546306,73.17885996487585,73.58082467542683,66.875,65.0
848.0,69.59917330522734,68.67813297632478,73.17885996487585,73.58082467542683,66.875,65.0
849.0,69.59923043613544,68.67828253371152,73.17885996487585,73.58082467542683,66.875,65.0
850.0,69.5992874639936,68.67843960022965,73.17885996487585,73.58082467542683,66.875,65.0
851.0,69.599344389117,68.67860385265382,73.17885996487585,73.58082467542683,66.875,65.0
852.0,69.59940121182,68.67877498126008,73.17885996487585,73.58082467542683,66.875,65.0
853.0,69.5994579324154,68.67895268919472,73.17885996487585,73.58082467542683,66.875,65.0
854.0,69.59951455121465,68.67913669187648,73.17885996487585,73.58082467542683,66.875,65.0
855.0,69.5995710685277,68.6793267164302,73.17885996487585,73.58082467542683,66.875,65.0
856.0,69.59962748466343,68.6795225011502,73.17885996487585,73.58082467542683,66.875,65.0
857.0,69.59968379992918,68.67972379499146,73.17885996487585,73.58082467542683,66.875,65.0
858.0,69.59974001463097,68.67993035708689,73.17885996487585,73.58082467542683,66.875,65.0
859.0,69.59979612907355,68.6801419562896,73.17885996487585,73.58082467542683,66.875,65.0
860.0,69.59985214356033,68.68035837073823,73.17885996487585,73.58082467542683,66.875,65.0
861.0,69.59990805839331,68.68057938744428,73.17885996487585,73.58082467542683,66.875,65.0
862.0,69.59996387387342,68.68080480190024,73.17885996487585,73.58082467542683,66.875,65.0
863.0,69.60001959030022,68.68103441770712,73.17885996487585,73.58082467542683,66.875,65.0
864.0,69.60007520797171,68.68126804622055,73.17885996487585,73.58082467542683,66.875,65.0
865.0,69.60013072718499,68.68150550621421,73.17885996487585,73.58082467542683,66.875,65.0
866.0,69.60018614823558,68.68174662355977,73.17885996487585,73.58082467542683,66.875,65.0
867.0,69.60024147141807,68.68199123092232,73.17885996487585,73.58082467542683,66.875,65.0
868.0,69.60029669702531,68.68223916747063,73.17885996487585,73.58082467542683,66.875,65.0
869.0,69.60035182534929,68.68249027860107,73.17885996487585,73.58082467542683,66.875,65.0
870.0,69.60040685668083,68.68274441567503,73.17885996487585,73.58082467542683,66.875,65.0
871.0,69.60046179130906,68.68300143576847,73.17885996487585,73.58082467542683,66.875,65.0
872.0,69.60051662952226,68.68326120143344,73.17885996487585,73.58082467542683,66.875,65.0
873.0,69.60057137160736,68.68352358047078,73.17885996487585,73.58082467542683,66.875,65.0
874.0,69.60062601785008,68.68378844571322,73.17885996487585,73.58082467542683,66.875,65.0
875.0,69.60068056853491,68.6840556748188,73.17885996487585,73.58082467542683,66.875,65.0
876.0,69.60073502394509,68.68432515007349,73.17885996487585,73.58082467542683,66.875,65.0
877.0,69.60078938436281,68.68459675820311,73.17885996487585,73.58082467542683,66.875,65.0
878.0,69.60084365006901,68.6848703901936,73.17885996487585,73.58082467542683,66.875,65.0
879.0,69.60089782134332,68.68514594111944,73.17885996487585,73.58082467542683,66.875,65.0
880.0,69.60095189846429,68.68542330998001,73.17885996487585,73.58082467542683,66.875,65.0
881.0,69.6010058817093,68.68570239954289,73.17885996487585,73.58082467542683,66.875,65.0
882.0,69.6010597713546,68.68598311619448,73.17885996487585,73.58082467542683,66.875,65.0
883.0,69.60111356767531,68.686265369797,73.17885996487585,73.58082467542683,66.875,65.0
884.0,69.60116727094517,68.68654907355183,73.17885996487585,73.58082467542683,66.875,65.0
885.0,69.60122088143707,68.68683414386895,73.17885996487585,73.58082467542683,66.875,65.0
886.0,69.6012743994226,68.68712050024186,73.17885996487585,73.58082467542683,66.875,65.0
887.0,69.60132782517216,68.68740806512807,73.17885996487585,73.58082467542683,66.875,65.0
888.0,69.60138115895515,68.68769676383461,73.17885996487585,73.58082467542683,66.875,65.0
889.0,69.60143440103984,68.6879865244086,73.17885996487585,73.58082467542683,66.875,65.0
890.0,69.6014875516933,68.68827727753236,73.17885996487585,73.58082467542683,66.875,65.0
891.0,69.60154061118156,68.68856895642291,73.17885996487585,73.58082467542683,66.875,65.0
892.0,69.60159357976951,68.68886149673598,73.17885996487585,73.58082467542683,66.875,65.0
893.0,69.60164645772095,68.68915483647362,73.17885996487585,73.58082467542683,66.875,65.0
894.0,69.60169924529869,68.68944891589616,73.17885996487585,73.58082467542683,66.875,65.0
895.0,69.60175194276417,68.68974367743736,73.17885996487585,73.58082467542683,66.875,65.0
896.0,69.60180455037818,68.69003906562348,73.17885996487585,73.58082467542683,66.875,65.0
897.0,69.60185706839994,68.69033502699531,73.17885996487585,73.58082467542683,66.875,65.0
898.0,69.60190949708799,68.69063151003367,73.17885996487585,73.58082467542683,66.875,65.0
899.0,69.60196183669986,68.6909284650878,73.17885996487585,73.58082467542683,66.875,65.0
900.0,69.6020140874915,68.6912258443067,73.17885996487585,73.58082467542683,66.875,65.0
901.0,69.60206624971833,68.69152360157328,73.17885996487585,73.58082467542683,66.875,65.0
902.0,69.60211832363457,68.69182169244102,73.17885996487585,73.58082467542683,66.875,65.0
903.0,69.60217030949345,68.69212007407334,73.17885996487585,73.58082467542683,66.875,65.0
904.0,69.60222220754683,68.69241870518526,73.17885996487585,73.58082467542683,66.875,65.0
905.0,69.60227401804605,68.69271754598736,73.17885996487585,73.58082467542683,66.875,65.0
906.0,69.60232574124102,68.69301655813213,73.17885996487585,73.58082467542683,66.875,65.0
907.0,69.60237737738095,68.69331570466214,73.17885996487585,73.58082467542683,66.875,65.0
908.0,69.60242892671383,68.69361494996049,73.17885996487585,73.58082467542683,66.875,65.0
909.0,69.60248038948652,68.69391425970309,73.17885996487585,73.58082467542683,66.875,65.0
910.0,69.60253176594533,68.69421360081276,73.17885996487585,73.58082467542683,66.875,65.0
911.0,69.60258305633523,68.69451294141508,73.17885996487585,73.58082467542683,66.875,65.0
912.0,69.6026342609001,68.69481225079612,73.17885996487585,73.58082467542683,66.875,65.0
913.0,69.60268537988321,68.69511149936152,73.17885996487585,73.58082467542683,66.875,65.0
914.0,69.60273641352657,68.69541065859734,73.17885996487585,73.58082467542683,66.875,65.0
915.0,69.60278736207125,68.69570970103233,73.17885996487585,73.58082467542683,66.875,65.0
916.0,69.60283822575745,68.69600860020154,73.17885996487585,73.58082467542683,66.875,65.0
917.0,69.60288900482428,68.69630733061143,73.17885996487585,73.58082467542683,66.875,65.0
918.0,69.60293969951,68.69660586770628,73.17885996487585,73.58082467542683,66.875,65.0
919.0,69.60299031005196,68.69690418783567,73.17885996487585,73.58082467542683,66.875,65.0
920.0,69.60304083668623,68.69720226822339,73.17885996487585,73.58082467542683,66.875,65.0
921.0,69.6030912796485,68.69750008693747,73.17885996487585,73.58082467542683,66.875,65.0
922.0,69.60314163917293,68.69779762286116,73.17885996487585,73.58082467542683,66.875,65.0
923.0,69.60319191549313,68.6980948556651,73.17885996487585,73.58082467542683,66.875,65.0
924.0,69.6032421088416,68.69839176578056,73.17885996487585,73.58082467542683,66.875,65.0
925.0,69.60329221945003,68.69868833437347,73.17885996487585,73.58082467542683,66.875,65.0
926.0,69.60334224754912,68.69898454331964,73.17885996487585,73.58082467542683,66.875,65.0
927.0,69.6033921933687,68.69928037518058,73.17885996487585,73.58082467542683,66.875,65.0
928.0,69.60344205713763,68.69957581318052,73.17885996487585,73.58082467542683,66.875,65.0
929.0,69.60349183908384,68.699870841184,73.17885996487585,73.58082467542683,66.875,65.0
930.0,69.60354153943457,68.70016544367434,73.17885996487585,73.58082467542683,66.875,65.0
931.0,69.60359115841591,68.70045960573295,73.17885996487585,73.58082467542683,66.875,65.0
932.0,69.60364069625312,68.7007533130193,73.17885996487585,73.58082467542683,66.875,65.0
933.0,69.60369015317066,68.70104655175159,73.17885996487585,73.58082467542683,66.875,65.0
934.0,69.60373952939203,68.70133930868815,73.17885996487585,73.58082467542683,66.875,65.0
935.0,69.60378882513996,68.70163157110944,73.17885996487585,73.58082467542683,66.875,65.0
936.0,69.60383804063605,68.70192332680081,73.17885996487585,73.58082467542683,66.875,65.0
937.0,69.60388717610132,68.70221456403563,73.17885996487585,73.58082467542683,66.875,65.0
938.0,69.60393623175592,68.70250527155923,73.17885996487585,73.58082467542683,66.875,65.0
939.0,69.6039852078188,68.70279543857333,73.17885996487585,73.58082467542683,66.875,65.0
940.0,69.60403410450833,68.70308505472092,73.17885996487585,73.58082467542683,66.875,65.0
941.0,69.60408292204217,68.70337411007178,73.17885996487585,73.58082467542683,66.875,65.0
942.0,69.60413166063674,68.70366259510838,73.17885996487585,73.58082467542683,66.875,65.0
943.0,69.6041803205079,68.7039505007125,73.17885996487585,73.58082467542683,66.875,65.0
944.0,69.60422890187058,68.70423781815192,73.17885996487585,73.58082467542683,66.875,65.0
945.0,69.60427740493888,68.70452453906792,73.17885996487585,73.58082467542683,66.875,65.0
946.0,69.60432582992614,68.70481065546304,73.17885996487585,73.58082467542683,66.875,65.0
947.0,69.60437417704472,68.70509615968926,73.17885996487585,73.58082467542683,66.875,65.0
948.0,69.60442244650638,68.70538104443663,73.17885996487585,73.58082467542683,66.875,65.0
949.0,69.60447063852165,68.70566530272224,73.17885996487585,73.58082467542683,66.875,65.0
950.0,69.60451875330084,68.70594892787948,73.17885996487585,73.58082467542683,66.875,65.0
951.0,69.60456679105307,68.70623191354795,73.17885996487585,73.58082467542683,66.875,65.0
952.0,69.60461475198652,68.70651425366333,73.17885996487585,73.58082467542683,66.875,65.0
953.0,69.60466263630909,68.70679594244781,73.17885996487585,73.58082467542683,66.875,65.0
954.0,69.60471044422722,68.70707697440088,73.17885996487585,73.58082467542683,66.875,65.0
955.0,69.60475817594717,68.70735734429016,73.17885996487585,73.58082467542683,66.875,65.0
956.0,69.60480583167408,68.70763704714288,73.17885996487585,73.58082467542683,66.875,65.0
957.0,69.60485341161228,68.70791607823736,73.17885996487585,73.58082467542683,66.875,65.0
958.0,69.60490091596553,68.70819443309495,73.17885996487585,73.58082467542683,66.875,65.0
959.0,69.60494834493649,68.70847210747206,73.17885996487585,73.58082467542683,66.875,65.0
960.0,69.60499569872752,68.70874909735268,73.17885996487585,73.58082467542683,66.875,65.0
961.0,69.6050429775397,68.70902539894094,73.17885996487585,73.58082467542683,66.875,65.0
962.0,69.60509018157362,68.70930100865394,73.17885996487585,73.58082467542683,66.875,65.0
963.0,69.6051373110292,68.70957592311497,73.17885996487585,73.58082467542683,66.875,65.0
964.0,69.6051843661053,68.70985013914675,73.17885996487585,73.58082467542683,66.875,65.0
965.0,69.60523134700034,68.710123653765,73.17885996487585,73.58082467542683,66.875,65.0
966.0,69.60527825391169,68.7103964641722,73.17885996487585,73.58082467542683,66.875,65.0
967.0,69.60532508703632,68.71066856775154,73.17885996487585,73.58082467542683,66.875,65.0
968.0,69.60537184657002,68.71093996206105,73.17885996487585,73.58082467542683,66.875,65.0
969.0,69.60541853270833,68.71121064482793,73.17885996487585,73.58082467542683,66.875,65.0
970.0,69.60546514564565,68.71148061394308,73.17885996487585,73.58082467542683,66.875,65.0
971.0,69.60551168557585,68.71174986745581,73.17885996487585,73.58082467542683,66.875,65.0
972.0,69.60555815269184,68.71201840356859,73.17885996487585,73.58082467542683,66.875,65.0
973.0,69.60560454718635,68.71228622063221,73.17885996487585,73.58082467542683,66.875,65.0
974.0,69.60565086925072,68.71255331714083,73.17885996487585,73.58082467542683,66.875,65.0
975.0,69.60569711907608,68.7128196917274,73.17885996487585,73.58082467542683,66.875,65.0
976.0,69.60574329685251,68.7130853431591,73.17885996487585,73.58082467542683,66.875,65.0
977.0,69.60578940276963,68.71335027033285,73.17885996487585,73.58082467542683,66.875,65.0
978.0,69.60583543701607,68.71361447227135,73.17885996487585,73.58082467542683,66.875,65.0
979.0,69.60588139978005,68.71387794811857,73.17885996487585,73.58082467542683,66.875,65.0
980.0,69.60592729124896,68.71414069713609,73.17885996487585,73.58082467542683,66.875,65.0
981.0,69.60597311160943,68.7144027186991,73.17885996487585,73.58082467542683,66.875,65.0
982.0,69.6060188610475,68.71466401229269,73.17885996487585,73.58082467542683,66.875,65.0
983.0,69.6060645397484,68.71492457750816,73.17885996487585,73.58082467542683,66.875,65.0
984.0,69.60611014789679,68.71518441403958,73.17885996487585,73.58082467542683,66.875,65.0
985.0,69.60615568567671,68.71544352168037,73.17885996487585,73.58082467542683,66.875,65.0
986.0,69.60620115327126,68.71570190031998,73.17885996487585,73.58082467542683,66.875,65.0
987.0,69.6062465508631,68.71595954994069,73.17885996487585,73.58082467542683,66.875,65.0
988.0,69.60629187863412,68.71621647061454,73.17885996487585,73.58082467542683,66.875,65.0
989.0,69.60633713676545,68.71647266250028,73.17885996487585,73.58082467542683,66.875,65.0
990.0,69.60638232543786,68.71672812584049,73.17885996487585,73.58082467542683,66.875,65.0
991.0,69.60642744483111,68.71698286095874,73.17885996487585,73.58082467542683,66.875,65.0
992.0,69.60647249512446,68.71723686825688,73.17885996487585,73.58082467542683,66.875,65.0
993.0,69.60651747649655,68.71749014821232,73.17885996487585,73.58082467542683,66.875,65.0
994.0,69.60656238912526,68.71774270137557,73.17885996487585,73.58082467542683,66.875,65.0
995.0,69.60660723318776,68.71799452836758,73.17885996487585,73.58082467542683,66.875,65.0
996.0,69.60665200886073,68.71824562987752,73.17885996487585,73.58082467542683,66.875,65.0
997.0,69.60669671632029,68.71849600666025,73.17885996487585,73.58082467542683,66.875,65.0
998.0,69.6067413557416,68.71874565953414,73.17885996487585,73.58082467542683,66.875,65.0
999.0,69.60678592729953,68.71899458937888,73.17885996487585,73.58082467542683,66.875,65.0
1000.0,69.60683043116792,68.71924279713328,73.17885996487585,73.58082467542683,66.875,65.0
1001.0,69.60687486752036,68.7194902837932,73.17885996487585,73.58082467542683,66.875,65.0
1002.0,69.60691923652965,68.71973705040966,73.17885996487585,73.58082467542683,66.875,65.0
1003.0,69.60696353836776,68.71998309808667,73.17885996487585,73.58082467542683,66.875,65.0
1004.0,69.60700777320658,68.72022842797955,73.17885996487585,73.58082467542683,66.875,65.0
1005.0,69.60705194121677,68.72047304129295,73.17885996487585,73.58082467542683,66.875,65.0
1006.0,69.60709604256861,68.72071693927913,73.17885996487585,73.58082467542683,66.875,65.0
1007.0,69.60714007743194,68.72096012323625,73.17885996487585,73.58082467542683,66.875,65.0
1008.0,69.60718404597573,68.72120259450664,73.17885996487585,73.58082467542683,66.875,65.0
1009.0,69.60722794836853,68.72144435447521,73.17885996487585,73.58082467542683,66.875,65.0
1010.0,69.60727178477815,68.7216854045679,73.17885996487585,73.58082467542683,66.875,65.0
1011.0,69.60731555537173,68.72192574625007,73.17885996487585,73.58082467542683,66.875,65.0
1012.0,69.60735926031619,68.72216538102508,73.17885996487585,73.58082467542683,66.875,65.0
1013.0,69.60740289977744,68.72240431043285,73.17885996487585,73.58082467542683,66.875,65.0
1014.0,69.60744647392079,68.72264253604848,73.17885996487585,73.58082467542683,66.875,65.0
1015.0,69.60748998291133,68.72288005948077,73.17885996487585,73.58082467542683,66.875,65.0
1016.0,69.60753342691322,68.72311688237113,73.17885996487585,73.58082467542683,66.875,65.0
1017.0,69.60757680609021,68.72335300639205,73.17885996487585,73.58082467542683,66.875,65.0
1018.0,69.6076201206053,68.72358843324609,73.17885996487585,73.58082467542683,66.875,65.0
1019.0,69.60766337062113,68.72382316466452,73.17885996487585,73.58082467542683,66.875,65.0
1020.0,69.60770655629966,68.72405720240626,73.17885996487585,73.58082467542683,66.875,65.0
1021.0,69.60774967780215,68.72429054825666,73.17885996487585,73.58082467542683,66.875,65.0
1022.0,69.60779273528941,68.72452320402651,73.17885996487585,73.58082467542683,66.875,65.0
1023.0,69.60783572892167,68.72475517155088,73.17885996487585,73.58082467542683,66.875,65.0
1024.0,69.60787865885858,68.72498645268814,73.17885996487585,73.58082467542683,66.875,65.0
1025.0,69.6079215252593,68.72521704931893,73.17885996487585,73.58082467542683,66.875,65.0
1026.0,69.60796432828222,68.72544696334525,73.17885996487585,73.58082467542683,66.875,65.0
1027.0,69.60800706808534,68.72567619668942,73.17885996487585,73.58082467542683,66.875,65.0
1028.0,69.60804974482623,68.7259047512933,73.17885996487585,73.58082467542683,66.875,65.0
1029.0,69.6080923586615,68.72613262911723,73.17885996487585,73.58082467542683,66.875,65.0
1030.0,69.60813490974755,68.72635983213935,73.17885996487585,73.58082467542683,66.875,65.0
1031.0,69.60817739824014,68.72658636235464,73.17885996487585,73.58082467542683,66.875,65.0
1032.0,69.60821982429444,68.72681222177415,73.17885996487585,73.58082467542683,66.875,65.0
1033.0,69.60826218806513,68.72703741242424,73.17885996487585,73.58082467542683,66.875,65.0
1034.0,69.60830448970624,68.72726193634578,73.17885996487585,73.58082467542683,66.875,65.0
1035.0,69.60834672937143,68.72748579559347,73.17885996487585,73.58082467542683,66.875,65.0
1036.0,69.60838890721372,68.72770899223501,73.17885996487585,73.58082467542683,66.875,65.0
1037.0,69.6084310233855,68.72793152835051,73.17885996487585,73.58082467542683,66.875,65.0
1038.0,69.60847307803881,68.72815340603181,73.17885996487585,73.58082467542683,66.875,65.0
1039.0,69.60851507132512,68.7283746273818,73.17885996487585,73.58082467542683,66.875,65.0
1040.0,69.60855700339523,68.72859519451369,73.17885996487585,73.58082467542683,66.875,65.0
1041.0,69.60859887439959,68.72881510955061,73.17885996487585,73.58082467542683,66.875,65.0
1042.0,69.60864068448812,68.72903437462485,73.17885996487585,73.58082467542683,66.875,65.0
1043.0,69.60868243381002,68.72925299187727,73.17885996487585,73.58082467542683,66.875,65.0
1044.0,69.60872412251409,68.7294709634569,73.17885996487585,73.58082467542683,66.875,65.0
1045.0,69.60876575074876,68.72968829152019,73.17885996487585,73.58082467542683,66.875,65.0
1046.0,69.60880731866162,68.72990497823064,73.17885996487585,73.58082467542683,66.875,65.0
1047.0,69.60884882640012,68.73012102575817,73.17885996487585,73.58082467542683,66.875,65.0
1048.0,69.608890274111,68.73033643627876,73.17885996487585,73.58082467542683,66.875,65.0
1049.0,69.60893166194053,68.73055121197388,73.17885996487585,73.58082467542683,66.875,65.0
1050.0,69.60897299003422,68.73076535502997,73.17885996487585,73.58082467542683,66.875,65.0
1051.0,69.6090142585376,68.73097886763811,73.17885996487585,73.58082467542683,66.875,65.0
1052.0,69.60905546759523,68.73119175199353,73.17885996487585,73.58082467542683,66.875,65.0
1053.0,69.60909661735154,68.73140401029518,73.17885996487585,73.58082467542683,66.875,65.0
1054.0,69.60913770795015,68.73161564474528,73.17885996487585,73.58082467542683,66.875,65.0
1055.0,69.60917873953427,68.73182665754902,73.17885996487585,73.58082467542683,66.875,65.0
1056.0,69.60921971224681,68.73203705091406,73.17885996487585,73.58082467542683,66.875,65.0
1057.0,69.60926062622995,68.73224682705028,73.17885996487585,73.58082467542683,66.875,65.0
1058.0,69.60930148162551,68.73245598816925,73.17885996487585,73.58082467542683,66.875,65.0
1059.0,69.6093422785748,68.73266453648408,73.17885996487585,73.58082467542683,66.875,65.0
1060.0,69.60938301721873,68.73287247420892,73.17885996487585,73.58082467542683,66.875,65.0
1061.0,69.60942369769742,68.73307980355868,73.17885996487585,73.58082467542683,66.875,65.0
1062.0,69.60946432015099,68.73328652674877,73.17885996487585,73.58082467542683,66.875,65.0
1063.0,69.60950488471865,68.73349264599467,73.17885996487585,73.58082467542683,66.875,65.0
1064.0,69.60954539153933,68.73369816351173,73.17885996487585,73.58082467542683,66.875,65.0
1065.0,69.60958584075154,68.73390308151487,73.17885996487585,73.58082467542683,66.875,65.0
1066.0,69.60962623249323,68.73410740221826,73.17885996487585,73.58082467542683,66.875,65.0
1067.0,69.6096665669019,68.73431112783503,73.17885996487585,73.58082467542683,66.875,65.0
1068.0,69.60970684411454,68.7345142605771,73.17885996487585,73.58082467542683,66.875,65.0
1069.0,69.60974706426772,68.73471680265484,73.17885996487585,73.58082467542683,66.875,65.0
1070.0,69.60978722749769,68.73491875627685,73.17885996487585,73.58082467542683,66.875,65.0
1071.0,69.60982733393996,68.73512012364974,73.17885996487585,73.58082467542683,66.875,65.0
1072.0,69.60986738372974,68.73532090697789,73.17885996487585,73.58082467542683,66.875,65.0
1073.0,69.60990737700187,68.73552110846316,73.17885996487585,73.58082467542683,66.875,65.0
1074.0,69.60994731389054,68.73572073030482,73.17885996487585,73.58082467542683,66.875,65.0
1075.0,69.6099871945296,68.7359197746992,73.17885996487585,73.58082467542683,66.875,65.0
1076.0,69.61002701905238,68.73611824383957,73.17885996487585,73.58082467542683,66.875,65.0
1077.0,69.61006678759198,68.73631613991591,73.17885996487585,73.58082467542683,66.875,65.0
1078.0,69.61010650028071,68.73651346511477,73.17885996487585,73.58082467542683,66.875,65.0
1079.0,69.61014615725072,68.73671022161899,73.17885996487585,73.58082467542683,66.875,65.0
1080.0,69.61018575863353,68.73690641160762,73.17885996487585,73.58082467542683,66.875,65.0
1081.0,69.61022530456049,68.73710203725574,73.17885996487585,73.58082467542683,66.875,65.0
1082.0,69.61026479516208,68.73729710073422,73.17885996487585,73.58082467542683,66.875,65.0
1083.0,69.6103042305687,68.7374916042097,73.17885996487585,73.58082467542683,66.875,65.0
1084.0,69.61034361091022,68.73768554984424,73.17885996487585,73.58082467542683,66.875,65.0
1085.0,69.61038293631609,68.7378789397954,73.17885996487585,73.58082467542683,66.875,65.0
1086.0,69.61042220691525,68.7380717762159,73.17885996487585,73.58082467542683,66.875,65.0
1087.0,69.61046142283628,68.73826406125364,73.17885996487585,73.58082467542683,66.875,65.0
1088.0,69.6105005842072,68.73845579705146,73.17885996487585,73.58082467542683,66.875,65.0
1089.0,69.61053969115602,68.73864698574701,73.17885996487585,73.58082467542683,66.875,65.0
1090.0,69.6105787438098,68.7388376294728,73.17885996487585,73.58082467542683,66.875,65.0
1091.0,69.61061774229533,68.73902773035577,73.17885996487585,73.58082467542683,66.875,65.0
1092.0,69.61065668673923,68.73921729051754,73.17885996487585,73.58082467542683,66.875,65.0
1093.0,69.61069557726753,68.73940631207402,73.17885996487585,73.58082467542683,66.875,65.0
1094.0,69.61073441400576,68.73959479713541,73.17885996487585,73.58082467542683,66.875,65.0
1095.0,69.61077319707915,68.73978274780613,73.17885996487585,73.58082467542683,66.875,65.0
1096.0,69.61081192661251,68.73997016618466,73.17885996487585,73.58082467542683,66.875,65.0
