"tick","donation-normed-small","donation-small","donation-valued-small"
1.0,92.5,94.35718682044285,95.0
2.0,92.5,93.29056941504209,95.0
3.0,92.5,93.2537783614444,95.0
4.0,92.5,93.22168783648704,95.0
5.0,89.36469903123886,65.01159622504487,65.0
6.0,89.36469903123886,65.02319245008972,65.0
7.0,89.36469903123886,65.03478867513459,65.0
8.0,89.36469903123886,65.04638490017946,65.0
9.0,89.36469903123886,65.05136292973766,65.0
10.0,89.36469903123886,65.14530488286253,65.0
11.0,89.36469903123886,65.40066558697175,65.0
12.0,89.36469903123886,66.0948079486544,65.0
13.0,89.36469903123886,67.98168251677998,65.0
14.0,89.36469903123886,72.92917670469879,65.0
15.0,89.36469903123886,73.09983163956137,65.0
16.0,89.36469903123886,73.24868321924681,65.00000000000001
17.0,89.36469903123886,73.38001089093568,64.99999999999999
18.0,89.36469903123886,73.49700353787838,65.00000000000001
19.0,89.36469903123886,73.60209261302258,64.99999999999999
20.0,89.36469903123886,73.6971687836487,65.00000000000001
21.0,89.36469903123886,73.78372735554663,64.99999999999999
22.0,89.36469903123886,73.86296858973519,65.00000000000001
23.0,89.36469903123886,73.93586856606905,64.99999999999999
24.0,89.36469903123886,74.0032302965946,65.00000000000001
25.0,89.36469903123886,74.06572128087272,64.99999999999999
26.0,89.36469903123886,74.12390155827887,65.00000000000001
27.0,89.36469903123886,74.17824497436094,64.99999999999999
28.0,89.36469903123886,74.22915551966477,65.00000000000001
29.0,89.36469903123886,74.27698003589194,64.99999999999999
30.0,89.36469903123886,74.32201820687342,65.00000000000001
31.0,89.36469903123886,74.36453049445284,64.99999999999999
32.0,89.36469903123886,74.40474450087557,65.00000000000001
33.0,89.36469903123886,74.44286011358153,64.99999999999999
34.0,89.36469903123886,74.47905369853865,65.00000000000001
35.0,89.36469903123886,74.51348154331151,64.99999999999999
36.0,89.36469903123886,74.54628270351763,65.00000000000001
37.0,89.36469903123886,74.57758137112008,64.99999999999999
38.0,89.36469903123886,74.60748885667648,65.00000000000001
39.0,89.36469903123886,74.63610525777354,64.99999999999999
40.0,89.36469903123886,74.66352087072079,65.00000000000001
41.0,89.36469903123886,74.68981739092412,64.99999999999999
42.0,89.36469903123886,74.71506893833482,65.00000000000001
43.0,89.36469903123886,74.73934293732239,64.99999999999999
44.0,89.36469903123886,74.76270087478187,65.00000000000001
45.0,89.36469903123886,74.78519895590149,64.99999999999999
46.0,89.36469903123886,74.80688867352798,65.00000000000001
47.0,89.36469903123886,74.82781730426788,64.99999999999999
48.0,89.36469903123886,74.84802834221317,65.00000000000001
49.0,89.36469903123886,74.86756187935136,64.99999999999999
50.0,89.36469903123886,74.88645494023764,65.00000000000001
51.0,89.36469903123886,74.90474177728804,64.99999999999999
52.0,89.36469903123886,74.92245413205588,65.00000000000001
53.0,89.36469903123886,74.93962146702708,64.99999999999999
54.0,89.36469903123886,74.9562711717871,65.00000000000001
55.0,89.36469903123886,74.9724287468418,64.99999999999999
56.0,75.01872222801408,74.98811796790032,65.00000000000001
57.0,75.01872222801408,74.98734838955649,64.99999999999999
58.0,75.01872222801408,74.98615340779172,65.0
59.0,75.01872222801408,74.98455244838712,65.0
60.0,75.01872222801408,74.98256371749208,64.99999999999999
61.0,75.01872222801408,74.98934303136379,65.0
62.0,75.01872222801408,74.87292190074372,65.0
63.0,75.01872222801408,74.53326619318919,65.0
64.0,75.01872222801408,73.58739363967044,65.0
65.0,75.01872222801408,70.9942252663223,65.0
66.0,75.01872222801408,54.050999002616436,65.0
67.0,75.01872222801408,65.0,65.0
68.0,75.01872222801408,65.0,65.0
69.0,75.01872222801408,65.0,65.0
70.0,75.01872222801408,65.0,65.0
71.0,75.01872222801408,65.0,65.0
72.0,75.01872222801408,65.0,65.0
73.0,75.01872222801408,65.0,65.0
74.0,75.01872222801408,65.0,65.0
75.0,75.01872222801408,65.0,65.0
76.0,75.01872222801408,65.0,65.0
77.0,75.01872222801408,64.99999999999999,64.99999999999999
78.0,75.01872222801408,65.0,65.0
79.0,75.01872222801408,65.00000000000001,65.00000000000001
80.0,75.01872222801408,64.99999999999999,64.99999999999999
81.0,75.01872222801408,65.00000000000001,65.00000000000001
82.0,75.01872222801408,64.99999999999999,64.99999999999999
83.0,75.01872222801408,65.00000000000001,65.00000000000001
84.0,75.01872222801408,64.99999999999999,64.99999999999999
85.0,75.01872222801408,65.00000000000001,65.00000000000001
86.0,75.01872222801408,64.99999999999999,64.99999999999999
87.0,75.01872222801408,65.00000000000001,65.00000000000001
88.0,75.01872222801408,64.99999999999999,64.99999999999999
89.0,75.01872222801408,65.00000000000001,65.00000000000001
90.0,75.01872222801408,64.99999999999999,64.99999999999999
91.0,75.01872222801408,65.00000000000001,65.00000000000001
92.0,75.01872222801408,64.99999999999999,64.99999999999999
93.0,75.01872222801408,65.00000000000001,65.00000000000001
94.0,75.01872222801408,64.99999999999999,64.99999999999999
95.0,75.01872222801408,65.00000000000001,65.00000000000001
96.0,75.01872222801408,64.99999999999999,64.99999999999999
97.0,75.01872222801408,65.00000000000001,65.00000000000001
98.0,75.01872222801408,64.99999999999999,64.99999999999999
99.0,75.01872222801408,65.00000000000001,65.00000000000001
100.0,75.01872222801408,64.99999999999999,64.99999999999999
101.0,75.01872222801408,65.00000000000001,65.00000000000001
102.0,75.01872222801408,64.99999999999999,64.99999999999999
103.0,75.01872222801408,65.00000000000001,65.00000000000001
104.0,75.01872222801408,64.99999999999999,64.99999999999999
105.0,75.01872222801408,65.00000000000001,65.00000000000001
106.0,75.01872222801408,64.99999999999999,64.99999999999999
107.0,75.01872222801408,65.00000000000001,65.00000000000001
108.0,72.5835815749735,64.99999999999999,64.99999999999999
109.0,72.5835815749735,65.01200000000001,65.00000000000001
110.0,72.5835815749735,65.02399999999999,64.99999999999999
111.0,72.5835815749735,65.03600000000002,65.00000000000001
112.0,72.5835815749735,65.04799999999999,64.99999999999999
113.0,72.5835815749735,65.05315136214307,65.00000000000001
114.0,72.5835815749735,65.15036432870215,64.99999999999999
115.0,72.5835815749735,65.41461656919036,65.00000000000001
116.0,72.5835815749735,66.13292863263898,64.99999999999999
117.0,72.5835815749735,68.08550326187436,65.00000000000001
118.0,72.5835815749735,73.20526680779794,64.99999999999999
119.0,72.5835815749735,73.38186386506685,65.00000000000001
120.0,72.5835815749735,73.53589838486224,64.99999999999999
121.0,72.5835815749735,73.67179882264864,65.00000000000001
122.0,72.5835815749735,73.79286509705089,64.99999999999999
123.0,72.5835815749735,73.90161332303408,65.00000000000001
124.0,72.5835815749735,73.99999999999999,64.99999999999999
125.0,72.5835815749735,74.08957249956401,65.00000000000001
126.0,72.5835815749735,74.1715728752538,64.99999999999999
127.0,72.5835815749735,74.24701119355326,65.00000000000001
128.0,72.5835815749735,74.31671842700025,64.99999999999999
129.0,72.5835815749735,74.3813853171681,65.00000000000001
130.0,72.5835815749735,74.44159140373267,64.99999999999999
131.0,72.5835815749735,74.49782703131511,65.00000000000001
132.0,72.5835815749735,74.55051025721681,64.99999999999999
133.0,72.5835815749735,74.60000000000001,65.00000000000001
134.0,72.5835815749735,74.64660637834179,64.99999999999999
135.0,72.5835815749735,74.69059892324151,65.00000000000001
136.0,72.5835815749735,74.73221316194463,64.99999999999999
137.0,72.5835815749735,74.7716559418754,65.00000000000001
138.0,72.5835815749735,74.80910976997933,64.99999999999999
139.0,72.5835815749735,74.84473637567872,65.00000000000001
140.0,72.5835815749735,74.87867965644035,64.99999999999999
141.0,72.5835815749735,74.91106812853164,65.00000000000001
142.0,72.5835815749735,74.94201697828989,64.99999999999999
143.0,72.5835815749735,74.97162978865157,65.00000000000001
144.0,72.5835815749735,74.99999999999999,64.99999999999999
145.0,72.5835815749735,75.02721215233572,65.00000000000001
146.0,72.5835815749735,75.05334294643085,64.99999999999999
147.0,72.5835815749735,75.07846215433896,65.00000000000001
148.0,72.5835815749735,75.10263340389896,64.99999999999999
149.0,72.5835815749735,75.12591485733674,65.00000000000001
150.0,72.5835815749735,75.14835980045488,64.99999999999999
151.0,72.5835815749735,75.17001715600875,65.00000000000001
152.0,72.5835815749735,75.19093193253342,64.99999999999999
153.0,72.5835815749735,75.21114561800017,65.00000000000001
154.0,72.5835815749735,75.23069652614123,64.99999999999999
155.0,72.5835815749735,75.24962010202528,65.00000000000001
156.0,72.5835815749735,75.26794919243112,64.99999999999999
157.0,72.5835815749735,75.28571428571429,65.00000000000001
158.0,72.5835815749735,75.30294372515228,64.99999999999999
159.0,72.5835815749735,75.3196638991664,65.00000000000001
160.0,72.5835815749735,75.3358994113243,64.99999999999999
161.0,72.5835815749735,75.35167323261574,65.00000000000001
162.0,72.5835815749735,75.36700683814455,64.99999999999999
163.0,72.5835815749735,75.38192033008824,65.00000000000001
164.0,72.5835815749735,75.39643254852545,64.99999999999999
165.0,72.5835815749735,75.41056117152196,65.00000000000001
166.0,72.5835815749735,75.42432280568333,64.99999999999999
167.0,72.5835815749735,75.43773306823012,65.00000000000001
168.0,72.5835815749735,75.45080666151703,64.99999999999999
169.0,75.07751786241197,75.46355744080526,65.00000000000001
170.0,75.07751786241197,75.49008863733,64.99999999999999
171.0,75.07751786241197,75.51632243062771,65.00000000000001
172.0,75.07751786241197,75.5422704839969,64.99999999999999
173.0,75.07751786241197,75.56794383025873,65.00000000000001
174.0,75.07751786241197,75.5853113805503,64.99999999999999
175.0,75.07751786241197,75.71052147189408,65.00000000000001
176.0,75.07751786241197,76.03162077902684,64.99999999999999
177.0,75.07751786241197,76.88563203062655,65.00000000000001
178.0,75.07751786241197,79.18866223139523,64.99999999999999
179.0,75.07751786241197,85.21032310153966,65.00000000000001
180.0,79.1695377600794,74.84181784368299,64.99999999999999
181.0,79.1695377600794,65.00000000000001,65.00000000000001
182.0,75.17429057291928,64.99999999999999,64.99999999999999
183.0,75.17429057291928,64.98800000000001,65.00000000000001
184.0,75.17429057291928,64.976,65.0
185.0,75.17429057291928,64.96400000000001,65.0
186.0,75.17429057291928,64.952,65.0
187.0,75.17429057291928,64.94684863785695,65.0
188.0,75.17429057291928,64.84963567129783,65.0
189.0,75.17429057291928,64.58538343080966,65.00000000000001
190.0,75.17429057291928,63.86707136736101,65.0
191.0,75.17429057291928,61.914496738125656,65.0
192.0,75.17429057291928,56.79473319220205,65.0
193.0,75.17429057291928,56.618136134933174,65.0
194.0,75.17429057291928,56.46410161513776,65.0
195.0,75.17429057291928,56.32820117735139,65.0
196.0,75.17429057291928,56.207134902949086,65.0
197.0,75.17429057291928,56.09838667696594,65.0
198.0,75.17429057291928,56.0,64.99999999999999
199.0,75.17429057291928,55.91042750043599,65.0
200.0,75.17429057291928,55.828427124746185,65.0
201.0,75.17429057291928,55.75298880644675,65.0
202.0,75.17429057291928,55.68328157299974,65.0
203.0,75.17429057291928,55.61861468283191,65.0
204.0,75.17429057291928,55.55840859626733,65.0
205.0,75.17429057291928,55.50217296868491,65.0
206.0,75.17429057291928,55.44948974278318,65.0
207.0,75.17429057291928,55.40000000000001,65.0
208.0,75.17429057291928,55.353393621658206,65.0
209.0,75.17429057291928,55.30940107675851,65.0
210.0,75.17429057291928,55.267786838055365,65.0
211.0,75.17429057291928,55.22834405812463,65.0
212.0,75.17429057291928,55.19089023002066,65.0
213.0,75.17429057291928,55.1552636243213,65.00000000000001
214.0,75.17429057291928,55.12132034355964,65.0
215.0,75.17429057291928,55.08893187146837,65.0
216.0,75.17429057291928,55.0579830217101,65.0
217.0,75.17429057291928,55.02837021134845,65.0
218.0,75.17429057291928,55.0,65.0
219.0,75.17429057291928,54.9727878476643,65.0
220.0,75.17429057291928,54.94665705356915,65.0
221.0,75.17429057291928,54.92153784566106,65.0
222.0,75.17429057291928,54.89736659610102,65.0
223.0,75.17429057291928,54.87408514266328,65.0
224.0,75.17429057291928,54.8516401995451,65.0
225.0,75.17429057291928,54.82998284399125,65.0
226.0,75.17429057291928,54.809068067466576,65.0
227.0,75.17429057291928,54.78885438199984,65.0
228.0,75.17429057291928,54.76930347385876,65.0
229.0,75.17429057291928,54.750379897974746,65.0
230.0,75.17429057291928,54.732050807568875,65.0
231.0,75.17429057291928,54.71428571428572,65.0
232.0,58.826848484627625,54.69705627484771,65.0
233.0,58.826848484627625,54.67416294931824,65.0
234.0,58.826848484627625,54.65175428564495,65.0
235.0,58.826848484627625,54.62980731283815,65.0
236.0,58.826848484627625,54.60830055579397,65.0
237.0,58.826848484627625,54.590737052265325,65.0
238.0,58.826848484627625,54.52621563617574,65.0
239.0,58.826848484627625,54.37614791994506,65.0
240.0,58.826848484627625,53.992865518867994,65.0
241.0,58.826848484627625,52.97499367037606,65.0
242.0,55.7341890962046,55.55356706685878,65.0
243.0,55.7341890962046,55.465252318518765,65.0
244.0,55.7341890962046,55.38869927242621,65.0
245.0,55.7341890962046,55.321623630933374,65.0
246.0,55.7341890962046,55.26232198758592,65.0
247.0,55.7341890962046,55.20441086688783,65.0
248.0,55.7341890962046,55.22029750031182,65.0
249.0,55.7341890962046,55.364835229072106,65.0
250.0,55.7341890962046,55.850429560634204,65.0
251.0,55.7341890962046,69.67442676914358,65.0
252.0,55.7341890962046,72.71956669665735,65.0
253.0,55.7341890962046,65.0,65.0
254.0,55.7341890962046,65.0,65.0
255.0,55.7341890962046,65.0,65.0
256.0,55.7341890962046,65.0,65.0
257.0,55.7341890962046,65.0,65.0
258.0,55.7341890962046,65.0,65.0
259.0,55.7341890962046,65.0,65.0
260.0,55.7341890962046,65.0,65.0
261.0,55.7341890962046,65.0,65.0
262.0,55.7341890962046,65.0,65.0
263.0,55.7341890962046,65.0,65.0
264.0,55.7341890962046,65.0,65.0
265.0,55.7341890962046,65.00000000000001,65.00000000000001
266.0,55.7341890962046,64.99999999999999,64.99999999999999
267.0,55.7341890962046,65.00000000000001,65.00000000000001
268.0,55.7341890962046,64.99999999999999,64.99999999999999
269.0,55.7341890962046,65.00000000000001,65.00000000000001
270.0,55.7341890962046,64.99999999999999,64.99999999999999
271.0,55.7341890962046,65.00000000000001,65.00000000000001
272.0,55.7341890962046,64.99999999999999,64.99999999999999
273.0,55.7341890962046,65.00000000000001,65.00000000000001
274.0,55.7341890962046,64.99999999999999,64.99999999999999
275.0,55.7341890962046,65.00000000000001,65.00000000000001
276.0,55.7341890962046,64.99999999999999,64.99999999999999
277.0,55.7341890962046,65.00000000000001,65.00000000000001
278.0,55.7341890962046,64.99999999999999,64.99999999999999
279.0,55.7341890962046,65.00000000000001,65.00000000000001
280.0,55.7341890962046,64.99999999999999,64.99999999999999
281.0,55.7341890962046,65.00000000000001,65.00000000000001
282.0,55.7341890962046,64.99999999999999,64.99999999999999
283.0,55.7341890962046,65.00000000000001,65.00000000000001
284.0,55.7341890962046,64.99999999999999,64.99999999999999
285.0,55.7341890962046,65.00000000000001,65.00000000000001
286.0,55.7341890962046,64.99999999999999,64.99999999999999
287.0,55.7341890962046,65.00000000000001,65.00000000000001
288.0,55.7341890962046,64.99999999999999,64.99999999999999
289.0,55.7341890962046,65.00000000000001,65.00000000000001
290.0,55.7341890962046,64.99999999999999,64.99999999999999
291.0,55.7341890962046,65.00000000000001,65.00000000000001
292.0,55.7341890962046,64.99999999999999,64.99999999999999
293.0,55.7341890962046,65.00000000000001,65.00000000000001
294.0,55.7341890962046,64.99999999999999,64.99999999999999
295.0,55.7341890962046,65.00000000000001,65.00000000000001
296.0,55.7341890962046,64.99999999999999,64.99999999999999
297.0,55.7341890962046,65.00000000000001,65.00000000000001
298.0,55.7341890962046,64.99999999999999,64.99999999999999
299.0,55.7341890962046,65.00000000000001,65.00000000000001
300.0,55.7341890962046,64.99999999999999,64.99999999999999
301.0,55.7341890962046,65.00000000000001,65.00000000000001
302.0,59.85019775443411,64.99999999999999,64.99999999999999
303.0,62.94285714285714,64.98800000000001,65.00000000000001
304.0,64.99759999999999,64.988,65.0
305.0,64.99759999999999,64.99999760000001,65.0
306.0,64.99759999999999,65.0119952,65.0
307.0,64.99759999999999,65.03084143785695,65.0
308.0,64.99759999999999,64.9507774334409,65.0
309.0,64.99759999999999,64.78888849138245,65.00000000000001
310.0,64.99759999999999,64.43202219238778,65.0
311.0,64.99759999999999,63.46195901664117,65.0
312.0,64.99759999999999,61.01293850098887,65.0
313.0,64.99759999999999,67.9082891039531,65.0
314.0,64.99759999999999,81.58548961950322,65.0
315.0,64.99759999999999,73.53589838486225,65.0
316.0,64.99759999999999,73.67179882264863,65.0
317.0,64.99759999999999,73.7928650970509,65.0
318.0,64.99759999999999,73.90161332303406,65.0
319.0,64.99759999999999,74.0,65.0
320.0,64.99759999999999,74.089572499564,65.0
321.0,64.99759999999999,74.1715728752538,65.0
322.0,64.99759999999999,74.24701119355326,65.0
323.0,64.99759999999999,74.31671842700025,65.0
324.0,64.99759999999999,74.3813853171681,65.0
325.0,64.99759999999999,74.44159140373267,65.0
326.0,64.99759999999999,74.49782703131511,65.0
327.0,64.99759999999999,74.55051025721683,65.0
328.0,64.99759999999999,74.60000000000001,65.0
329.0,64.99759999999999,74.64660637834179,65.0
330.0,64.99759999999999,74.6905989232415,65.0
331.0,64.99759999999999,74.73221316194464,65.0
332.0,64.99759999999999,74.77165594187538,65.0
333.0,64.99759999999999,74.80910976997933,65.0
334.0,64.99759999999999,74.84473637567869,65.0
335.0,64.99759999999999,74.87867965644035,65.0
336.0,64.99759999999999,74.91106812853162,65.0
337.0,64.99759999999999,74.94201697828989,65.0
338.0,64.99759999999999,74.97162978865155,65.0
339.0,64.99759999999999,75.0,65.0
340.0,64.99759999999999,75.02721215233571,65.0
341.0,64.99759999999999,75.05334294643085,65.0
342.0,64.99759999999999,75.07846215433895,65.0
343.0,64.99759999999999,75.10263340389896,65.0
344.0,64.99759999999999,75.12591485733672,65.0
345.0,64.99759999999999,75.1483598004549,65.0
346.0,64.99759999999999,75.17001715600874,65.0
347.0,64.99759999999999,75.19093193253342,65.0
348.0,64.99759999999999,75.21114561800016,65.0
349.0,64.99759999999999,75.23069652614123,65.0
350.0,64.99759999999999,75.24962010202526,65.0
351.0,64.99759999999999,75.26794919243112,65.0
352.0,64.99759999999999,75.28571428571428,65.0
353.0,64.99759999999999,75.30294372515228,65.0
354.0,64.99759999999999,75.31966389916639,65.0
355.0,67.06153277983327,75.3358994113243,65.0
356.0,67.06153277983327,75.34773716539557,65.0
357.0,67.06153277983327,75.35913470370421,65.0
358.0,67.06153277983327,75.37011212842772,65.0
359.0,67.06153277983327,75.38068827964479,65.0
360.0,67.06153277983327,75.39312722700207,65.0
361.0,67.06153277983327,75.37500246357608,65.0
362.0,67.06153277983327,75.30173651098609,65.0
363.0,67.06153277983327,75.07919972370713,65.0
364.0,67.06153277983327,74.45149508690683,65.0
365.0,70.84213081459602,72.78462499975642,65.0
366.0,70.84213081459602,72.73062440573206,65.0
367.0,70.84213081459602,72.68373871045867,65.0
368.0,70.84213081459602,72.64252638855815,65.0
369.0,70.84213081459602,72.6059154937329,65.0
370.0,70.84213081459602,72.57778159957037,65.0
371.0,70.84213081459602,72.4897437630873,65.0
372.0,70.84213081459602,72.28994737926361,64.99999999999999
373.0,70.84213081459602,71.78139873702845,65.0
374.0,70.84213081459602,70.42937457534606,65.0
375.0,70.84213081459602,56.323865322887535,65.0
376.0,70.84213081459602,65.0,65.0
377.0,70.84213081459602,65.0,65.0
378.0,70.84213081459602,65.0,65.0
379.0,70.84213081459602,65.0,65.0
380.0,70.84213081459602,64.99999999999999,64.99999999999999
381.0,70.84213081459602,65.0,65.0
382.0,70.84213081459602,65.0,65.0
383.0,70.84213081459602,65.0,65.0
384.0,70.84213081459602,64.99999999999999,64.99999999999999
385.0,70.84213081459602,65.0,65.0
386.0,70.84213081459602,65.0,65.0
387.0,70.84213081459602,65.0,65.0
388.0,70.84213081459602,65.0,65.0
389.0,70.84213081459602,65.0,65.0
390.0,70.84213081459602,65.0,65.0
391.0,70.84213081459602,65.0,65.0
392.0,70.84213081459602,65.0,65.0
393.0,70.84213081459602,65.0,65.0
394.0,70.84213081459602,65.0,65.0
395.0,70.84213081459602,65.0,65.0
396.0,70.84213081459602,65.0,65.0
397.0,70.84213081459602,65.0,65.0
398.0,70.84213081459602,65.0,65.0
399.0,70.84213081459602,65.0,65.0
400.0,70.84213081459602,65.0,65.0
401.0,70.84213081459602,65.0,65.0
402.0,70.84213081459602,65.0,65.0
403.0,70.84213081459602,65.0,65.0
404.0,70.84213081459602,65.0,65.0
405.0,70.84213081459602,65.0,65.0
406.0,70.84213081459602,65.0,65.0
407.0,70.84213081459602,65.0,65.0
408.0,70.84213081459602,65.0,65.0
409.0,70.84213081459602,65.0,65.0
410.0,70.84213081459602,65.0,65.0
411.0,70.84213081459602,65.0,65.0
412.0,70.84213081459602,65.0,65.0
413.0,70.84213081459602,65.0,65.0
414.0,70.84213081459602,65.0,65.0
415.0,70.84213081459602,65.0,65.0
416.0,70.84213081459602,65.0,65.0
417.0,70.84213081459602,65.0,65.0
418.0,70.84213081459602,65.0,65.0
419.0,70.84213081459602,65.0,65.0
420.0,70.84213081459602,65.0,65.0
421.0,70.84213081459602,65.0,65.0
422.0,70.84213081459602,65.0,65.0
423.0,70.84213081459602,65.0,65.0
424.0,70.84213081459602,65.0,65.0
425.0,70.84213081459602,65.0,65.0
426.0,70.84213081459602,65.0,65.0
427.0,64.99759999999999,65.0,65.0
428.0,64.99759999999999,64.982,65.0
429.0,64.99759999999999,64.964,65.0
430.0,64.99759999999999,64.946,65.0
431.0,64.99759999999999,64.92800000000001,65.0
432.0,64.99759999999999,64.92027295678541,65.0
433.0,64.99759999999999,64.77445350694677,65.0
434.0,64.99759999999999,64.37807514621447,65.0
435.0,64.99759999999999,63.30060705104151,65.0
436.0,64.99759999999999,60.371745107188474,65.0
437.0,63.04799631225297,52.69209978830309,65.0
438.0,61.37402353923961,56.61018653124541,64.99999999999999
439.0,61.37402353923961,56.458526034989255,65.0
440.0,61.37402353923961,56.3249996207421,65.0
441.0,61.37402353923961,56.20630736987906,65.0
442.0,61.37402353923961,56.104470163832104,65.0
443.0,61.37402353923961,55.94611483561794,65.0
444.0,61.37402353923961,55.76511648962937,65.0
445.0,61.37402353923961,55.434594896952206,65.0
446.0,61.37402353923961,54.68360587052948,65.0
447.0,61.37402353923961,52.90202875708502,65.0
448.0,61.37402353923961,57.12491634364388,65.0
449.0,61.37402353923961,57.11459432391439,65.0
450.0,61.37402353923961,57.100845391420506,65.0
451.0,61.37402353923961,57.08487521203884,65.0
452.0,61.37402353923961,57.06749695162048,65.0
453.0,61.37402353923961,57.04926899466306,65.0
454.0,61.37402353923961,57.030579908450314,65.0
455.0,61.37402353923961,57.01170255360617,65.0
456.0,61.37402353923961,56.99282948848741,65.0
457.0,61.37402353923961,56.97409667677356,65.0
458.0,61.37402353923961,56.95559968312236,65.0
459.0,61.37402353923961,56.937404930714244,65.0
460.0,61.37402353923961,56.919557645462675,65.0
461.0,61.37402353923961,56.902087536464904,65.0
462.0,61.37402353923961,56.88501290473571,65.0
463.0,61.37402353923961,56.86834364496349,65.0
464.0,61.37402353923961,56.852083457563815,65.0
465.0,61.37402353923961,56.83623149087315,65.0
466.0,61.37402353923961,56.82078356787452,65.0
467.0,61.37402353923961,56.80573310721329,65.0
468.0,61.37402353923961,56.791071817402155,65.0
469.0,61.37402353923961,56.77679022150781,65.0
470.0,61.37402353923961,56.76287805430956,65.0
471.0,61.37402353923961,48.22281016461184,65.0
472.0,61.37402353923961,53.28855177927388,65.0
473.0,61.37402353923961,53.259981997140194,65.0
474.0,61.37402353923961,53.232493056984886,65.0
475.0,61.37402353923961,53.20601772369009,65.0
476.0,61.37402353923961,53.180494531396874,65.0
477.0,61.37402353923961,53.15586715712456,65.0
478.0,61.37402353923961,53.13208387610877,65.0
479.0,61.37402353923961,53.10909708648119,65.0
480.0,61.37402353923961,53.086862893037335,65.0
481.0,61.37402353923961,53.06534074155718,65.0
482.0,61.37402353923961,53.04449309654123,65.0
483.0,61.37402353923961,53.02428515636786,65.0
484.0,61.37402353923961,53.00468460081686,65.0
485.0,61.37402353923961,52.98566136667921,65.0
486.0,61.37402353923961,52.96718744781608,65.0
487.0,61.37402353923961,52.94923671656476,65.0
488.0,61.37402353923961,52.931784763837136,65.0
489.0,61.37402353923961,52.91480875563064,65.0
490.0,61.37402353923961,52.898287303988944,65.0
491.0,61.37402353923961,52.88220035071563,65.0
492.0,61.37402353923961,52.86652906237149,65.0
493.0,61.37402353923961,52.85125573527839,65.0
494.0,61.37402353923961,52.83636370941726,65.0
495.0,61.37402353923961,52.82183729024853,65.0
496.0,61.37402353923961,52.80766167760452,65.0
497.0,61.37402353923961,52.79382290090672,65.0
498.0,61.37402353923961,52.78030776005147,65.0
499.0,61.37402353923961,52.767103771384576,65.0
500.0,61.37402353923961,52.75419911825361,65.0
501.0,61.37402353923961,52.74158260568427,65.0
502.0,61.37402353923961,52.72924361877963,65.0
503.0,61.37402353923961,52.71717208448425,65.0
504.0,61.37402353923961,52.7053584363957,65.0
505.0,61.37402353923961,52.69379358233916,65.0
506.0,61.37402353923961,52.68246887445181,65.0
507.0,61.37402353923961,52.671376081549454,65.0
508.0,61.37402353923961,52.660507363572485,65.0
509.0,61.37402353923961,52.6498552479273,65.0
510.0,58.901906060751536,52.63941260755962,65.0
511.0,58.901906060751536,52.63870052313221,65.0
512.0,56.429542984064796,52.63818461656629,65.0
513.0,56.429542984064796,52.62938631796376,65.0
514.0,56.429542984064796,52.620772055969645,65.0
515.0,56.429542984064796,52.606898401904914,65.0
516.0,56.429542984064796,52.666293685515846,65.0
517.0,56.429542984064796,52.86331958333772,65.0
518.0,56.429542984064796,53.356028990465894,65.0
519.0,56.429542984064796,54.71095396194315,65.0
520.0,56.429542984064796,66.13707253370158,65.0
521.0,56.429542984064796,66.27397059922717,65.0
522.0,56.429542984064796,66.393006763462,65.0
523.0,56.429542984064796,66.49769580506093,65.0
524.0,56.429542984064796,66.59065650509713,65.0
525.0,56.429542984064796,66.6738853595475,65.0
526.0,56.429542984064796,66.74893458028947,65.0
527.0,56.429542984064796,66.81703157888428,65.0
528.0,56.429542984064796,66.87916138853463,65.0
529.0,56.429542984064796,66.93612488639278,65.0
530.0,56.429542984064796,66.98858078843723,65.0
531.0,56.429542984064796,67.03707650466576,65.0
532.0,56.429542984064796,67.0820711863426,65.0
533.0,56.429542984064796,67.12395319774858,65.0
534.0,56.429542984064796,67.16305353936544,65.0
535.0,56.429542984064796,67.19965628639916,65.0
536.0,56.429542984064796,67.23400679647504,65.0
537.0,56.429542984064796,67.2663182288586,65.0
538.0,56.429542984064796,67.29677677089488,65.0
539.0,56.429542984064796,67.32554586408239,65.0
540.0,56.429542984064796,67.35276964844499,65.0
541.0,56.429542984064796,67.37857579050916,65.0
542.0,56.429542984064796,67.40307782112865,65.0
543.0,56.429542984064796,67.42637708047702,65.0
544.0,56.429542984064796,67.44856434589381,65.0
545.0,56.429542984064796,67.46972120192906,65.0
546.0,56.429542984064796,67.48992119947687,65.0
547.0,56.429542984064796,67.50923084131611,65.0
548.0,56.429542984064796,67.52771042395985,65.0
549.0,56.429542984064796,67.54541475992558,65.0
550.0,56.429542984064796,67.56239379998809,65.0
551.0,56.429542984064796,67.57869317137504,65.0
552.0,56.429542984064796,67.59435464499732,65.0
553.0,56.429542984064796,67.6094165425092,65.0
554.0,56.429542984064796,67.62391409214156,65.0
555.0,56.429542984064796,67.63787974075298,65.0
556.0,56.429542984064796,67.65134342832152,65.0
557.0,56.429542984064796,67.66433283010286,65.0
558.0,56.429542984064796,67.67687357085804,65.0
559.0,56.429542984064796,67.68898941487731,65.0
560.0,56.429542984064796,67.70070243496441,65.0
561.0,56.429542984064796,67.71203316307758,65.0
562.0,56.429542984064796,67.72300072493285,65.0
563.0,56.429542984064796,67.73362296054772,65.0
564.0,56.429542984064796,67.74391653242606,65.0
565.0,56.429542984064796,67.75389702285331,65.0
566.0,56.429542984064796,67.76357902157243,65.0
567.0,56.429542984064796,67.77297620494333,65.0
568.0,56.429542984064796,67.7821014075456,65.0
569.0,56.429542984064796,67.79096668706107,65.0
570.0,58.66583243371182,67.7995833831683,65.0
571.0,64.2138450911179,67.820522087767,65.0
572.0,64.2138450911179,67.8303589896057,65.0
573.0,64.2138450911179,73.34341399794874,65.0
574.0,64.2138450911179,65.01761780438547,65.00000000000001
575.0,64.2138450911179,65.01213557355243,65.0
576.0,64.2138450911179,65.10921649724729,65.0
577.0,64.2138450911179,65.29770789601177,65.0
578.0,64.2138450911179,65.81008064009409,65.0
579.0,64.2138450911179,67.20285415973076,65.0
580.0,64.2138450911179,70.79215387906535,65.0
581.0,64.2138450911179,57.56469210800731,65.0
582.0,64.2138450911179,57.40466641665913,65.0
583.0,64.2138450911179,57.26508605839635,64.99999999999999
584.0,64.2138450911179,57.141938131428525,65.0
585.0,64.2138450911179,57.03223237211525,65.0
586.0,64.2138450911179,56.93368877056846,65.0
587.0,64.2138450911179,56.844534419729236,65.0
588.0,64.2138450911179,56.76336714893669,65.0
589.0,64.2138450911179,56.68906145543585,65.0
590.0,64.2138450911179,56.62070205451089,65.0
591.0,64.2138450911179,56.557535949725015,65.0
592.0,62.519491242173984,56.498937216730916,65.0
593.0,62.519491242173984,56.436686344359714,65.0
594.0,62.519491242173984,56.37803335438483,65.0
595.0,62.519491242173984,56.32259941881378,65.0
596.0,62.519491242173984,56.27005929898208,65.0
597.0,62.519491242173984,56.2245232971224,65.0
598.0,62.519491242173984,56.1223263073139,65.0
599.0,62.519491242173984,55.9151795101848,65.0
600.0,62.519491242173984,55.41885899610486,65.0
601.0,62.519491242173984,58.578145802891974,65.0
602.0,62.519491242173984,55.279234565075406,65.0
603.0,62.519491242173984,55.15062520030415,65.0
604.0,62.519491242173984,55.03718716258572,65.0
605.0,62.519491242173984,54.936028764899255,65.0
606.0,62.519491242173984,65.0,65.0
607.0,62.519491242173984,65.0,65.0
608.0,62.519491242173984,65.0,65.0
609.0,62.519491242173984,65.0,65.0
610.0,62.519491242173984,65.0,65.0
611.0,62.519491242173984,65.0,65.0
612.0,62.519491242173984,65.0,65.0
613.0,62.519491242173984,65.0,65.0
614.0,62.519491242173984,65.0,65.0
615.0,62.519491242173984,65.0,65.0
616.0,62.519491242173984,65.0,65.0
617.0,62.519491242173984,65.0,65.0
618.0,62.519491242173984,65.0,65.0
619.0,62.519491242173984,65.0,65.0
620.0,62.519491242173984,65.0,65.0
621.0,62.519491242173984,65.0,65.0
622.0,62.519491242173984,65.0,65.0
623.0,62.519491242173984,65.0,65.0
624.0,62.519491242173984,65.0,65.0
625.0,62.519491242173984,65.0,65.0
626.0,62.519491242173984,65.0,65.0
627.0,62.519491242173984,65.0,65.0
628.0,62.519491242173984,65.0,65.0
629.0,62.519491242173984,65.0,65.0
630.0,62.519491242173984,65.0,65.0
631.0,62.519491242173984,65.0,65.0
632.0,62.519491242173984,65.0,65.0
633.0,62.519491242173984,65.0,65.0
634.0,62.519491242173984,65.0,65.0
635.0,62.519491242173984,65.0,65.0
636.0,62.519491242173984,65.0,65.0
637.0,62.519491242173984,65.0,65.0
638.0,62.519491242173984,65.0,65.0
639.0,62.519491242173984,65.0,65.0
640.0,62.519491242173984,65.0,65.0
641.0,62.519491242173984,65.0,65.0
642.0,62.519491242173984,65.0,65.0
643.0,62.519491242173984,65.0,65.0
644.0,62.519491242173984,65.0,65.0
645.0,62.519491242173984,65.0,65.0
646.0,62.519491242173984,65.0,65.0
647.0,62.519491242173984,65.0,65.0
648.0,62.519491242173984,65.0,65.0
649.0,62.519491242173984,65.0,65.0
650.0,64.99160872066206,65.0,65.0
651.0,64.99160872066206,65.012,65.0
652.0,64.99160872066206,65.024,65.0
653.0,64.99160872066206,65.036,65.0
654.0,64.99160872066206,65.048,65.0
655.0,64.99160872066206,65.05315136214305,65.0
656.0,64.99160872066206,65.15036432870217,65.0
657.0,66.71603543534641,65.41461656919036,65.0
658.0,66.71603543534641,66.12695870550473,65.0
659.0,66.71603543534641,68.07356340760583,65.0
660.0,66.71603543534641,73.18735702639516,65.0
661.0,66.71603543534641,73.3579841565298,65.0
662.0,66.71603543534641,73.50945590493886,65.0
663.0,66.71603543534641,73.67179882264863,65.0
664.0,66.71603543534641,73.7928650970509,65.0
665.0,66.71603543534641,73.90161332303407,65.0
666.0,66.71603543534641,74.0,65.0
667.0,66.71603543534641,74.089572499564,65.0
668.0,66.71603543534641,74.1715728752538,65.0
669.0,66.71603543534641,74.24701119355326,65.0
670.0,66.71603543534641,74.31671842700025,65.0
671.0,66.71603543534641,74.3813853171681,65.0
672.0,66.71603543534641,74.44159140373267,65.0
673.0,66.71603543534641,74.49782703131511,65.0
674.0,66.71603543534641,74.55051025721683,65.0
675.0,66.71603543534641,74.60000000000001,65.0
676.0,66.71603543534641,74.64660637834179,65.0
677.0,66.71603543534641,74.6905989232415,65.0
678.0,66.71603543534641,74.73221316194464,65.0
679.0,66.71603543534641,74.77165594187538,65.0
680.0,66.71603543534641,74.80910976997934,65.0
681.0,66.71603543534641,74.84473637567869,65.0
682.0,66.71603543534641,74.87867965644035,65.0
683.0,66.71603543534641,74.91106812853162,65.0
684.0,66.71603543534641,74.94201697828989,65.0
685.0,66.71603543534641,74.97162978865155,65.0
686.0,66.71603543534641,75.0,65.0
687.0,66.71603543534641,75.02721215233571,65.0
688.0,66.71603543534641,75.05334294643085,65.0
689.0,66.71603543534641,75.07846215433895,65.0
690.0,66.71603543534641,75.10263340389896,65.0
691.0,66.71603543534641,75.12591485733672,65.0
692.0,66.71603543534641,75.1483598004549,65.0
693.0,66.71603543534641,75.17001715600874,65.0
694.0,66.71603543534641,75.19093193253342,65.0
695.0,66.71603543534641,75.21114561800017,65.0
696.0,66.71603543534641,75.23069652614123,65.0
697.0,68.76217474057466,75.24962010202526,65.0
698.0,68.76217474057466,75.26399533173635,65.0
699.0,68.76217474057466,75.27780656432473,65.0
700.0,68.76217474057466,75.29108214306798,65.0
701.0,68.76217474057466,75.3038484563873,65.0
702.0,68.76217474057466,75.31838665452005,65.0
703.0,68.76217474057466,75.30212993185313,65.0
704.0,68.76217474057466,75.23039549178431,65.0
705.0,68.76217474057466,75.00863349754047,64.99999999999999
706.0,68.76217474057466,74.37979504263252,65.0
707.0,68.76217474057466,72.70702101139965,65.0
708.0,68.76217474057466,72.66259596526538,65.0
709.0,68.76217474057466,72.62525364169072,65.0
710.0,68.76217474057466,72.59354961836384,65.0
711.0,68.76217474057466,72.56641046566692,65.0
712.0,68.76217474057466,72.54302022283098,65.0
713.0,68.76217474057466,72.52274658688428,65.0
714.0,68.76217474057466,72.50509138014131,65.0
715.0,68.76217474057466,72.48965639320443,65.0
716.0,68.76217474057466,72.47611926638929,65.0
717.0,68.76217474057466,72.46421610166,65.0
718.0,68.76217474057466,72.45372869411035,65.0
719.0,68.76217474057466,72.44447500069464,65.0
720.0,68.76217474057466,72.43630192006061,65.0
721.0,68.76217474057466,72.42907975008204,65.0
722.0,68.76217474057466,72.4226978818095,65.0
723.0,68.76217474057466,72.41706141720809,65.0
724.0,68.76217474057466,72.41208848579068,65.0
725.0,68.76217474057466,72.40770809609879,65.0
726.0,68.76217474057466,72.40385840082548,65.0
727.0,68.76217474057466,72.40048528496577,65.0
728.0,68.76217474057466,72.39754120851102,65.0
729.0,68.76217474057466,72.39498425140202,65.0
730.0,68.76217474057466,72.39277732044961,65.0
731.0,68.76217474057466,72.39088748689885,65.0
732.0,68.76217474057466,72.38928543008814,65.0
733.0,68.76217474057466,72.38794496781391,65.0
734.0,68.76217474057466,72.38684265797923,65.0
735.0,68.76217474057466,72.38595745917524,65.0
736.0,68.76217474057466,72.38527044024329,65.0
737.0,68.76217474057466,72.3847645307476,64.99999999999999
738.0,68.76217474057466,72.3844243057806,65.0
739.0,68.76217474057466,72.38423579970733,65.0
740.0,68.76217474057466,72.38418634440787,65.0
741.0,68.76217474057466,72.38426442833884,65.0
742.0,68.76217474057466,72.38445957335742,65.0
743.0,68.76217474057466,72.38476222675284,65.0
744.0,68.76217474057466,72.38516366634444,65.0
745.0,68.76217474057466,72.38565591684225,65.0
746.0,68.76217474057466,72.38623167594692,65.0
747.0,68.76217474057466,72.38688424889591,64.99999999999999
748.0,68.76217474057466,72.3876074903566,65.0
749.0,68.76217474057466,72.38839575272647,65.0
750.0,68.76217474057466,72.38924384003666,65.0
751.0,68.76217474057466,72.3901469667672,65.0
752.0,68.76217474057466,72.39110072097903,65.00000000000001
753.0,68.76217474057466,72.3921010312478,65.0
754.0,68.76217474057466,72.39314413695443,65.0
755.0,68.76217474057466,72.39422656154476,65.0
756.0,68.76217474057466,72.39534508842176,65.0
757.0,68.76217474057466,72.39649673917596,65.0
758.0,68.76217474057466,72.39767875389688,65.0
759.0,68.76217474057466,72.39888857333993,65.0
760.0,68.76217474057466,72.40012382275064,65.0
761.0,68.76217474057466,72.40138229717171,64.99999999999999
762.0,68.76217474057466,72.40266194807928,65.0
763.0,68.76217474057466,72.40396087121195,64.99999999999999
764.0,68.76217474057466,72.40527729547271,65.0
765.0,68.76217474057466,72.4066095727964,65.0
766.0,68.76217474057466,72.40795616888833,65.0
767.0,68.76217474057466,72.4093156547492,65.0
768.0,68.76217474057466,72.41068669891114,65.0
769.0,68.76217474057466,72.41206806031774,64.99999999999999
770.0,68.76217474057466,72.41345858178771,65.0
771.0,68.76217474057466,72.41485718400837,65.0
772.0,68.76217474057466,72.41626286001097,65.0
773.0,68.76217474057466,72.41767467008384,65.0
774.0,68.76217474057466,72.4190917370849,65.0
775.0,68.76217474057466,72.42051324211805,65.0
776.0,68.76217474057466,72.42193842054202,65.0
777.0,68.76217474057466,72.42336655828261,64.99999999999999
778.0,68.76217474057466,72.42479698842307,65.0
779.0,68.76217474057466,72.4262290880485,65.0
780.0,68.76217474057466,72.42766227532375,65.0
781.0,68.76217474057466,72.42909600678506,65.0
782.0,68.76217474057466,72.43052977482809,65.0
783.0,68.76217474057466,72.43196310537661,65.0
784.0,68.76217474057466,72.43339555571735,65.0
785.0,68.76217474057466,72.4348267124874,65.0
786.0,68.76217474057466,72.43625618980305,65.0
787.0,68.76217474057466,72.43768362751796,65.0
788.0,68.76217474057466,72.43910868960175,65.0
789.0,68.76217474057466,72.44053106262909,64.99999999999999
790.0,68.76217474057466,72.4419504543712,65.0
791.0,68.76217474057466,72.44336659248192,65.0
792.0,68.76217474057466,72.44477922327184,65.0
793.0,68.76217474057466,72.44618811056294,64.99999999999999
794.0,68.76217474057466,72.44759303461916,65.0
795.0,68.76217474057466,72.44899379114624,65.0
796.0,68.76217474057466,72.45039019035667,65.0
797.0,68.76217474057466,72.45178205609463,65.0
798.0,68.76217474057466,72.45316922501685,65.0
799.0,68.76217474057466,72.45455154582542,65.0
800.0,68.76217474057466,72.45592887854914,65.0
801.0,68.76217474057466,72.45730109386956,65.0
802.0,68.76217474057466,72.45866807248929,65.0
803.0,68.76217474057466,72.4600297045391,65.0
804.0,68.76217474057466,72.46138588902173,65.0
805.0,68.76217474057466,72.46273653328937,65.0
806.0,68.76217474057466,72.46408155255325,65.0
807.0,68.76217474057466,72.46542086942243,65.0
808.0,68.76217474057466,72.4667544134708,65.0
809.0,68.76217474057466,72.4680821208293,65.0
810.0,68.76217474057466,72.46940393380308,65.0
811.0,68.76217474057466,72.47071980051071,65.0
812.0,68.76217474057466,72.4720296745449,65.0
813.0,68.76217474057466,72.47333351465299,65.0
814.0,68.76217474057466,72.47463128443614,65.0
815.0,68.76217474057466,72.47592295206569,65.0
816.0,68.76217474057466,72.47720849001628,65.0
817.0,68.76217474057466,72.47848787481387,65.0
818.0,68.76217474057466,72.47976108679859,65.0
819.0,68.76217474057466,72.48102810990066,65.0
820.0,68.76217474057466,72.48228893142948,65.0
821.0,68.76217474057466,72.48354354187413,65.0
822.0,68.76217474057466,72.48479193471559,65.0
823.0,68.76217474057466,72.48603410624906,65.0
824.0,68.76217474057466,72.4872700554166,65.0
825.0,68.76217474057466,72.4884997836486,65.0
826.0,68.76217474057466,72.48972329471466,65.0
827.0,68.76217474057466,72.49094059458209,65.0
828.0,68.76217474057466,72.49215169128269,65.0
829.0,68.76217474057466,72.49335659478653,65.0
830.0,68.76217474057466,72.49455531688295,65.0
831.0,68.76217474057466,72.49574787106769,65.0
832.0,68.76217474057466,72.4969342724366,65.0
833.0,68.76217474057466,72.49811453758473,65.0
834.0,68.76217474057466,72.49928868451123,65.0
835.0,68.76217474057466,72.50045673252914,65.0
836.0,68.76217474057466,72.50161870218035,65.0
837.0,68.76217474057466,72.5027746151547,65.0
838.0,68.76217474057466,72.50392449421403,65.0
839.0,68.76217474057466,72.50506836311972,65.0
840.0,68.76217474057466,72.50620624656464,65.0
841.0,68.76217474057466,72.50733817010831,65.0
842.0,68.76217474057466,72.50846416011598,65.0
843.0,68.76217474057466,72.50958424370047,64.99999999999999
844.0,68.76217474057466,72.51069844866764,65.0
845.0,68.76217474057466,72.51180680346438,65.0
846.0,68.76217474057466,72.51290933712966,65.0
847.0,68.76217474057466,72.51400607924789,65.0
848.0,68.76217474057466,72.51509705990522,65.0
849.0,68.76217474057466,72.51618230964772,65.0
850.0,68.76217474057466,72.51726185944209,65.00000000000001
851.0,68.76217474057466,72.51833574063836,65.0
852.0,68.76217474057466,72.51940398493475,65.0
853.0,68.76217474057466,72.52046662434408,65.0
854.0,68.76217474057466,72.52152369116239,65.0
855.0,68.76217474057466,72.52257521793892,65.0
856.0,68.76217474057466,72.52362123744805,65.0
857.0,68.76217474057466,72.5246617826623,65.0
858.0,68.76217474057466,72.52569688672735,65.0
859.0,68.76217474057466,72.52672658293785,65.0
860.0,68.76217474057466,72.52775090471509,65.00000000000001
861.0,68.76217474057466,72.52876988558542,64.99999999999999
862.0,68.76217474057466,72.52978355916026,65.0
863.0,68.76217474057466,72.53079195911688,65.0
864.0,68.76217474057466,72.53179511918044,65.0
865.0,68.76217474057466,72.53279307310704,65.0
866.0,68.76217474057466,72.53378585466758,65.0
867.0,68.76217474057466,72.53477349763266,65.0
868.0,68.76217474057466,72.53575603575828,65.0
869.0,68.76217474057466,72.53673350277235,65.0
870.0,68.76217474057466,72.53770593236202,65.0
871.0,68.76217474057466,72.53867335816166,65.0
872.0,68.76217474057466,72.5396358137417,65.0
873.0,68.76217474057466,72.54059333259778,65.0
874.0,68.76217474057466,72.54154594814115,65.00000000000001
875.0,68.76217474057466,72.54249369368891,65.0
876.0,68.76217474057466,72.54343660245546,65.0
877.0,68.76217474057466,72.54437470754408,65.0
878.0,68.76217474057466,72.54530804193928,65.0
879.0,68.76217474057466,72.54623663849941,65.0
880.0,68.76217474057466,72.54716052994996,65.0
881.0,68.76217474057466,72.54807974887707,64.99999999999999
882.0,68.76217474057466,72.54899432772173,65.0
883.0,68.76217474057466,72.54990429877404,65.0
884.0,68.76217474057466,72.5508096941682,65.00000000000001
885.0,68.76217474057466,72.55171054587748,65.0
886.0,68.76217474057466,72.55260688571002,65.0
887.0,68.76217474057466,72.55349874530432,65.0
888.0,68.76217474057466,72.55438615612572,65.0
889.0,68.76217474057466,72.55526914946255,65.0
890.0,68.76217474057466,72.55614775642304,65.0
891.0,68.76217474057466,72.55702200793219,65.0
892.0,68.76217474057466,72.55789193472897,65.0
893.0,68.76217474057466,72.55875756736386,65.0
894.0,68.76217474057466,72.55961893619651,65.0
895.0,68.76217474057466,72.56047607139352,65.0
896.0,68.76217474057466,72.56132900292674,65.0
897.0,68.76217474057466,72.56217776057132,65.0
898.0,68.76217474057466,72.56302237390439,65.0
899.0,68.76217474057466,72.56386287230357,65.0
900.0,68.76217474057466,72.56469928494583,65.0
901.0,68.76217474057466,72.56553164080638,64.99999999999999
902.0,68.76217474057466,72.5663599686579,65.0
903.0,68.76217474057466,72.56718429706967,65.0
904.0,68.76217474057466,72.568004654407,65.0
905.0,68.76217474057466,72.5688210688307,65.0
906.0,68.76217474057466,72.56963356829677,65.0
907.0,68.76217474057466,72.57044218055601,65.0
908.0,68.76217474057466,72.57124693315403,65.0
909.0,68.76217474057466,72.572047853431,65.0
910.0,68.76217474057466,72.57284496852185,65.0
911.0,68.76217474057466,72.57363830535623,65.0
912.0,68.76217474057466,72.57442789065891,65.00000000000001
913.0,68.76217474057466,72.57521375094986,65.0
914.0,68.76217474057466,72.57599591254483,65.0
915.0,68.76217474057466,72.57677440155555,65.0
916.0,68.76217474057466,72.57754924389047,65.0
917.0,68.76217474057466,72.57832046525512,64.99999999999999
918.0,68.76217474057466,72.57908809115285,65.0
919.0,68.76217474057466,72.57985214688549,65.0
920.0,68.76217474057466,72.58061265755408,65.0
921.0,68.76217474057466,72.58136964805965,65.0
922.0,68.76217474057466,72.58212314310403,65.0
923.0,68.76217474057466,72.58287316719073,65.0
924.0,68.76217474057466,72.58361974462592,65.0
925.0,68.76217474057466,72.58436289951925,65.0
926.0,68.76217474057466,72.58510265578498,65.0
927.0,68.76217474057466,72.58583903714286,65.0
928.0,68.76217474057466,72.58657206711935,65.0
929.0,68.76217474057466,72.58730176904852,65.0
930.0,68.76217474057466,72.58802816607327,65.0
931.0,68.76217474057466,72.58875128114643,65.0
932.0,68.76217474057466,72.58947113703198,65.00000000000001
933.0,68.76217474057466,72.59018775630604,65.0
934.0,68.76217474057466,72.59090116135832,65.0
935.0,68.76217474057466,72.59161137439308,65.0
936.0,68.76217474057466,72.59231841743066,65.00000000000001
937.0,68.76217474057466,72.59302231230835,65.0
938.0,68.76217474057466,72.59372308068201,65.0
939.0,68.76217474057466,72.59442074402706,65.0
940.0,68.76217474057466,72.59511532364003,65.0
941.0,68.76217474057466,72.59580684063953,65.0
942.0,68.76217474057466,72.59649531596789,65.0
943.0,68.76217474057466,72.59718077039214,65.0
944.0,68.76217474057466,72.5978632245057,65.0
945.0,68.76217474057466,72.59854269872928,65.0
946.0,68.76217474057466,72.59921921331258,65.0
947.0,68.76217474057466,72.59989278833534,65.0
948.0,68.76217474057466,72.6005634437089,65.0
949.0,68.76217474057466,72.6012311991773,65.0
950.0,68.76217474057466,72.60189607431887,65.0
951.0,68.76217474057466,72.60255808854738,65.0
952.0,68.76217474057466,72.60321726111341,65.0
953.0,68.76217474057466,72.60387361110575,64.99999999999999
954.0,68.76217474057466,72.60452715745276,65.0
955.0,68.76217474057466,72.60517791892352,65.0
956.0,68.76217474057466,72.60582591412938,65.0
957.0,68.76217474057466,72.60647116152519,65.0
958.0,68.76217474057466,72.60711367941063,65.0
959.0,68.76217474057466,72.6077534859315,65.0
960.0,68.76217474057466,72.60839059908119,65.00000000000001
961.0,68.76217474057466,72.60902503670178,65.0
962.0,68.76217474057466,72.6096568164855,65.0
963.0,68.76217474057466,72.61028595597597,65.0
964.0,68.76217474057466,72.61091247256958,65.0
965.0,68.76217474057466,72.61153638351668,65.0
966.0,68.76217474057466,72.61215770592293,65.0
967.0,68.76217474057466,72.61277645675055,65.0
968.0,68.76217474057466,72.61339265281968,65.0
969.0,68.76217474057466,72.61400631080949,65.0
970.0,68.76217474057466,72.6146174472596,65.0
971.0,68.76217474057466,72.61522607857124,65.0
972.0,68.76217474057466,72.61583222100859,65.0
973.0,68.76217474057466,72.61643589069985,65.0
974.0,68.76217474057466,72.61703710363868,65.0
975.0,68.76217474057466,72.61763587568525,65.0
976.0,68.76217474057466,72.61823222256761,65.0
977.0,68.76217474057466,72.61882615988274,65.0
978.0,68.76217474057466,72.61941770309788,65.0
979.0,68.76217474057466,72.62000686755162,65.0
980.0,68.76217474057466,72.62059366845519,65.0
981.0,68.76217474057466,72.6211781208935,65.0
982.0,68.76217474057466,72.62176023982649,65.0
983.0,68.76217474057466,72.62234004009007,65.0
984.0,68.76217474057466,72.62291753639745,65.0
985.0,68.76217474057466,72.62349274334012,65.0
986.0,68.76217474057466,72.6240656753892,65.0
987.0,68.76217474057466,72.62463634689628,65.0
988.0,68.76217474057466,72.62520477209476,65.00000000000001
989.0,68.76217474057466,72.62577096510084,65.0
990.0,68.76217474057466,72.62633493991468,65.0
991.0,68.76217474057466,72.6268967104214,65.0
992.0,68.76217474057466,72.62745629039227,65.0
993.0,68.76217474057466,72.6280136934856,65.0
994.0,68.76217474057466,72.62856893324803,65.0
995.0,68.76217474057466,72.62912202311537,65.0
996.0,68.76217474057466,72.62967297641377,65.0
997.0,68.76217474057466,72.6302218063607,64.99999999999999
998.0,68.76217474057466,72.63076852606596,65.0
999.0,68.76217474057466,72.6313131485327,65.0
1000.0,68.76217474057466,72.63185568665848,65.0
1001.0,68.76217474057466,72.63239615323614,65.0
1002.0,68.76217474057466,72.63293456095495,65.0
1003.0,68.76217474057466,72.6334709224014,65.0
1004.0,68.76217474057466,72.63400525006033,65.0
1005.0,68.76217474057466,72.63453755631575,65.0
1006.0,68.76217474057466,72.63506785345197,65.0
1007.0,68.76217474057466,72.63559615365428,65.0
1008.0,68.76217474057466,72.63612246901017,65.0
1009.0,68.76217474057466,72.63664681150999,65.0
1010.0,68.76217474057466,72.63716919304808,65.00000000000001
1011.0,68.76217474057466,72.6376896254235,65.0
1012.0,68.76217474057466,72.6382081203411,65.00000000000001
1013.0,68.76217474057466,72.6387246894122,65.0
1014.0,68.76217474057466,72.63923934415568,65.0
1015.0,68.76217474057466,72.63975209599869,65.0
1016.0,68.76217474057466,72.64026295627761,65.0
1017.0,68.76217474057466,72.64077193623883,65.0
1018.0,68.76217474057466,72.64127904703972,65.0
1019.0,68.76217474057466,72.64178429974926,65.0
1020.0,68.76217474057466,72.64228770534909,65.0
1021.0,68.76217474057466,72.64278927473417,65.0
1022.0,68.76217474057466,72.6432890187137,65.0
1023.0,68.76217474057466,72.64378694801186,65.0
1024.0,68.76217474057466,72.64428307326862,65.0
1025.0,68.76217474057466,72.64477740504056,65.0
1026.0,68.76217474057466,72.64526995380159,65.0
1027.0,68.76217474057466,72.64576072994377,65.0
1028.0,68.76217474057466,72.64624974377811,65.0
1029.0,68.76217474057466,72.6467370055352,65.0
1030.0,68.76217474057466,72.64722252536613,65.0
1031.0,68.76217474057466,72.6477063133431,65.0
1032.0,68.76217474057466,72.64818837946021,65.0
1033.0,68.76217474057466,72.64866873363415,65.0
1034.0,68.76217474057466,72.64914738570504,65.0
1035.0,68.76217474057466,72.64962434543695,65.0
1036.0,68.76217474057466,72.65009962251877,65.0
1037.0,68.76217474057466,72.65057322656483,65.0
1038.0,68.76217474057466,72.65104516711564,65.0
1039.0,68.76217474057466,72.65151545363848,65.0
1040.0,68.76217474057466,72.65198409552823,65.0
1041.0,68.76217474057466,72.65245110210789,65.0
1042.0,68.76217474057466,72.65291648262935,65.00000000000001
1043.0,68.76217474057466,72.65338024627395,65.0
1044.0,68.76217474057466,72.6538424021533,65.0
1045.0,68.76217474057466,72.65430295930965,65.0
1046.0,68.76217474057466,72.65476192671686,65.0
1047.0,68.76217474057466,72.65521931328074,65.0
1048.0,68.76217474057466,72.65567512783984,65.0
1049.0,68.76217474057466,72.65612937916605,65.0
1050.0,68.76217474057466,72.65658207596512,65.0
1051.0,68.76217474057466,72.6570332268774,65.0
1052.0,68.76217474057466,72.65748284047834,65.0
1053.0,68.76217474057466,72.6579309252791,65.0
1054.0,68.76217474057466,72.65837748972721,65.0
1055.0,68.76217474057466,72.658822542207,65.0
1056.0,68.76217474057466,72.6592660910404,65.0
1057.0,68.76217474057466,72.65970814448723,65.0
1058.0,68.76217474057466,72.66014871074603,65.0
1059.0,68.76217474057466,72.66058779795442,65.0
1060.0,68.76217474057466,72.66102541418984,65.0
1061.0,68.76217474057466,72.66146156746986,65.0
1062.0,68.76217474057466,72.66189626575294,65.0
1063.0,68.76217474057466,72.66232951693884,65.0
1064.0,68.76217474057466,72.66276132886922,65.0
1065.0,68.76217474057466,72.66319170932807,64.99999999999999
1066.0,68.76217474057466,72.66362066604236,65.00000000000001
1067.0,68.76217474057466,72.66404820668244,65.0
1068.0,68.76217474057466,72.6644743388626,65.0
1069.0,68.76217474057466,72.66489907014159,65.0
1070.0,68.76217474057466,72.66532240802306,65.0
1071.0,68.76217474057466,72.66574435995611,64.99999999999999
1072.0,68.76217474057466,72.66616493333576,65.0
1073.0,68.76217474057466,72.66658413550341,65.0
1074.0,68.76217474057466,72.66700197374739,65.0
1075.0,68.76217474057466,72.66741845530328,64.99999999999999
1076.0,68.76217474057466,72.66783358735461,65.0
1077.0,68.76217474057466,72.66824737703307,65.0
1078.0,68.76217474057466,72.66865983141918,65.0
1079.0,68.76217474057466,72.66907095754262,65.0
1080.0,68.76217474057466,72.66948076238273,65.0
1081.0,68.76217474057466,72.66988925286894,65.0
1082.0,68.76217474057466,72.67029643588124,65.0
1083.0,68.76217474057466,72.6707023182505,65.0
1084.0,68.76217474057466,72.67110690675914,65.0
1085.0,68.76217474057466,72.67151020814123,65.0
1086.0,68.76217474057466,72.67191222908328,65.0
1087.0,68.76217474057466,72.67231297622432,65.0
1088.0,68.76217474057466,72.67271245615657,65.0
1089.0,68.76217474057466,72.67311067542566,65.0
1090.0,68.76217474057466,72.6735076405312,65.0
1091.0,68.76217474057466,72.67390335792705,65.0
1092.0,68.76217474057466,72.67429783402183,65.0
1093.0,68.76217474057466,72.67469107517918,65.0
1094.0,68.76217474057466,72.6750830877183,65.0
1095.0,68.76217474057466,72.67547387791423,65.0
1096.0,68.76217474057466,72.67586345199827,65.0
1097.0,68.76217474057466,72.67625181615834,65.0
1098.0,68.76217474057466,72.67663897653944,65.0
1099.0,68.76217474057466,72.67702493924382,65.0
1100.0,68.76217474057466,72.67740971033163,65.0
1101.0,68.76217474057466,72.677793295821,64.99999999999999
1102.0,68.76217474057466,72.67817570168863,65.0
1103.0,68.76217474057466,72.67855693386997,65.0
1104.0,68.76217474057466,72.67893699825973,65.0
1105.0,68.76217474057466,72.67931590071207,65.0
1106.0,68.76217474057466,72.67969364704108,65.0
1107.0,68.76217474057466,72.68007024302104,65.0
1108.0,68.76217474057466,72.68044569438682,65.0
1109.0,68.76217474057466,72.68082000683411,65.0
1110.0,68.76217474057466,72.68119318601995,65.0
1111.0,68.76217474057466,72.6815652375628,65.0
1112.0,68.76217474057466,72.68193616704309,65.0
1113.0,68.76217474057466,72.68230598000339,65.0
1114.0,68.76217474057466,72.68267468194885,65.0
1115.0,68.76217474057466,72.6830422783474,65.0
1116.0,68.76217474057466,72.6834087746302,65.0
1117.0,68.76217474057466,72.68377417619176,64.99999999999999
1118.0,68.76217474057466,72.68413848839045,65.0
1119.0,68.76217474057466,72.68450171654864,65.0
1120.0,68.76217474057466,72.68486386595318,65.0
1121.0,68.76217474057466,72.68522494185542,65.0
1122.0,68.76217474057466,72.68558494947187,65.0
1123.0,68.76217474057466,72.68594389398413,65.0
1124.0,68.76217474057466,72.68630178053945,65.0
1125.0,68.76217474057466,72.68665861425086,65.0
1126.0,68.76217474057466,72.68701440019754,65.0
1127.0,68.76217474057466,72.68736914342502,65.0
1128.0,68.76217474057466,72.68772284894558,65.0
1129.0,68.76217474057466,72.68807552173837,65.0
1130.0,68.76217474057466,72.6884271667498,65.0
1131.0,68.76217474057466,72.68877778889377,65.0
1132.0,68.76217474057466,72.68912739305198,65.00000000000001
1133.0,68.76217474057466,72.68947598407405,65.0
1134.0,68.76217474057466,72.68982356677803,65.00000000000001
1135.0,68.76217474057466,72.69017014595035,64.99999999999999
1136.0,68.76217474057466,72.69051572634642,65.0
1137.0,68.76217474057466,72.69086031269059,65.0
1138.0,68.76217474057466,72.69120390967656,65.00000000000001
1139.0,68.76217474057466,72.69154652196757,65.0
1140.0,68.76217474057466,72.69188815419672,65.0
1141.0,68.76217474057466,72.69222881096712,65.0
1142.0,68.76217474057466,72.69256849685219,65.0
1143.0,68.76217474057466,72.69290721639588,65.0
1144.0,68.76217474057466,72.69324497411293,65.0
1145.0,68.76217474057466,72.69358177448906,65.0
1146.0,68.76217474057466,72.6939176219813,65.0
1147.0,68.76217474057466,72.69425252101807,65.0
1148.0,68.76217474057466,72.69458647599959,65.0
1149.0,68.76217474057466,72.69491949129791,65.0
1150.0,68.76217474057466,72.69525157125732,65.0
1151.0,68.76217474057466,72.69558272019445,65.0
1152.0,68.76217474057466,72.69591294239855,65.0
1153.0,68.76217474057466,72.69624224213167,65.0
1154.0,68.76217474057466,72.69657062362894,65.0
1155.0,68.76217474057466,72.69689809109865,65.0
1156.0,68.76217474057466,72.69722464872267,65.0
1157.0,68.76217474057466,72.6975503006564,65.0
1158.0,68.76217474057466,72.6978750510293,65.0
1159.0,68.76217474057466,72.69819890394474,65.0
1160.0,68.76217474057466,72.69852186348051,65.0
1161.0,68.76217474057466,72.69884393368882,65.0
1162.0,68.76217474057466,72.69916511859664,65.0
1163.0,68.76217474057466,72.69948542220575,65.0
1164.0,68.76217474057466,72.69980484849312,65.0
1165.0,68.76217474057466,72.70012340141092,65.0
1166.0,68.76217474057466,72.70044108488686,65.0
1167.0,68.76217474057466,72.70075790282428,65.0
1168.0,68.76217474057466,72.70107385910241,65.0
1169.0,68.76217474057466,72.7013889575765,65.0
1170.0,68.76217474057466,72.70170320207808,65.0
1171.0,68.76217474057466,72.70201659641505,65.0
1172.0,68.76217474057466,72.70232914437197,65.0
1173.0,68.76217474057466,72.70264084971011,65.0
1174.0,68.76217474057466,72.70295171616776,65.0
1175.0,68.76217474057466,72.70326174746033,65.0
1176.0,68.76217474057466,72.70357094728058,65.0
1177.0,68.76217474057466,72.7038793192987,65.0
1178.0,68.76217474057466,72.70418686716259,65.0
1179.0,68.76217474057466,72.704493594498,65.0
1180.0,68.76217474057466,72.70479950490862,65.0
1181.0,68.76217474057466,72.70510460197639,65.0
1182.0,68.76217474057466,72.70540888926155,65.0
1183.0,68.76217474057466,72.70571237030283,65.0
1184.0,68.76217474057466,72.7060150486177,65.0
1185.0,68.76217474057466,72.70631692770237,65.0
1186.0,68.76217474057466,72.70661801103215,65.0
1187.0,68.76217474057466,72.70691830206135,65.0
1188.0,68.76217474057466,72.70721780422377,65.0
1189.0,68.76217474057466,72.70751652093254,65.0
1190.0,68.76217474057466,72.70781445558049,65.0
1191.0,68.76217474057466,72.70811161154018,65.0
1192.0,68.76217474057466,72.70840799216411,65.0
1193.0,68.76217474057466,72.70870360078486,65.0
1194.0,68.76217474057466,72.70899844071528,65.0
1195.0,68.76217474057466,72.70929251524849,65.0
1196.0,68.76217474057466,72.70958582765826,65.0
1197.0,68.76217474057466,72.7098783811989,65.0
1198.0,68.76217474057466,72.7101701791057,65.0
1199.0,68.76217474057466,72.71046122459471,65.0
1200.0,68.76217474057466,72.71075152086324,65.0
