"tick","donation-normed-big","donation-big group","donation-valued-big"
1.0,55.0,60.121475197315796,95.0
2.0,55.0,60.0800050800076,95.0
3.0,55.0,60.03952630678975,95.0
4.0,55.0,60.0,95.0
5.0,55.07462686567164,59.14189103455993,93.65671641791045
6.0,55.07462686567164,59.10554531620062,93.65671641791045
7.0,55.07462686567164,59.07003482239762,93.65671641791045
8.0,55.07462686567164,59.03532873205913,93.65671641791045
9.0,55.07462686567164,59.000929291884404,93.65671641791045
10.0,55.07462686567164,58.97357496573386,93.65671641791045
11.0,55.07462686567164,58.95836841351187,93.65671641791045
12.0,55.07462686567164,58.97491900430355,93.65671641791045
13.0,55.07462686567164,59.07657490370211,93.65671641791045
14.0,55.07462686567164,59.395540882877036,93.65671641791045
15.0,55.07462686567164,59.37698236090077,93.65671641791045
16.0,55.07462686567164,59.35748710905119,93.65671641791045
17.0,55.07462686567164,59.33733830533202,93.65671641791045
18.0,55.07462686567164,59.31674281655216,93.65671641791045
19.0,55.07462686567164,59.29585472997575,93.65671641791045
20.0,55.07462686567164,59.27479064223834,93.65671641791045
21.0,55.07462686567164,59.25363990979598,93.65671641791045
22.0,55.07462686567164,59.2324717091916,93.65671641791045
23.0,55.07462686567164,59.21134001507309,93.65671641791045
24.0,55.07462686567164,59.19028718261589,93.65671641791045
25.0,55.07462686567164,59.16934657250212,93.65671641791045
26.0,55.07462686567164,59.14854450533609,93.65671641791045
27.0,55.07462686567164,59.12790173767212,93.65671641791045
28.0,55.07462686567164,59.10743459106946,93.65671641791045
29.0,55.07462686567164,59.087155825696634,93.65671641791045
30.0,55.07462686567164,59.06707532331659,93.65671641791045
31.0,55.07462686567164,59.047200626260306,93.65671641791045
32.0,55.07462686567164,59.027537366381814,93.65671641791045
33.0,55.07462686567164,59.008089609090945,93.65671641791045
34.0,55.07462686567164,58.98886013121481,93.65671641791045
35.0,55.07462686567164,58.96985064685092,93.65671641791045
36.0,55.07462686567164,58.95106199201251,93.65671641791045
37.0,55.07462686567164,58.93249427638366,93.65671641791045
38.0,55.07462686567164,58.91414700864091,93.65671641791045
39.0,55.07462686567164,58.896019200394335,93.65671641791045
40.0,55.07462686567164,58.87810945273631,93.65671641791045
41.0,55.07462686567164,58.86041602856192,93.65671641791045
42.0,55.07462686567164,58.84293691318891,93.65671641791045
43.0,55.07462686567164,58.82566986531478,93.65671641791045
44.0,55.07462686567164,58.80861245995436,93.65671641791045
45.0,55.07462686567164,58.791762124694664,93.65671641791045
46.0,55.07462686567164,58.775116170364214,93.65671641791045
47.0,55.07462686567164,58.75867181701129,93.65671641791045
48.0,55.07462686567164,58.742426215933484,93.65671641791045
49.0,55.07462686567164,58.72637646837136,93.65671641791045
50.0,55.07462686567164,58.710519641377964,93.65671641791045
51.0,55.07462686567164,58.69485278128759,93.65671641791045
52.0,55.07462686567164,58.67937292514516,93.65671641791045
53.0,55.07462686567164,58.664077110389876,93.65671641791045
54.0,55.07462686567164,58.64896238305254,93.65671641791045
55.0,55.07462686567164,58.63402580467594,93.65671641791045
56.0,55.07462686567164,58.619264458143526,93.65671641791045
57.0,55.07462686567164,58.60467545256609,93.65671641791045
58.0,55.07462686567164,58.59025592736291,93.65671641791045
59.0,55.07462686567164,58.57600305564697,93.65671641791045
60.0,55.07462686567164,58.56191404701011,93.65671641791045
61.0,55.07462686567164,58.54798614979313,93.65671641791045
62.0,55.07462686567164,58.53421665290994,93.65671641791045
63.0,55.07462686567164,58.5206028872874,93.65671641791045
64.0,55.07462686567164,58.50714222697451,93.65671641791045
65.0,55.07462686567164,58.49383208996511,93.65671641791045
66.0,55.07462686567164,58.480669938775,93.65671641791045
67.0,55.07462686567164,58.46765328080627,93.65671641791045
68.0,55.07462686567164,58.45477966853081,93.65671641791045
69.0,55.07462686567164,58.44204669951589,93.65671641791045
70.0,55.07462686567164,58.42945201631626,93.65671641791045
71.0,55.07462686567164,58.4169933062525,93.65671641791045
72.0,55.07462686567164,58.40466830108982,93.65671641791045
73.0,55.07462686567164,58.39247477663653,93.65671641791045
74.0,55.07462686567164,58.380410552270746,93.65671641791045
75.0,55.07462686567164,58.368473490409436,93.65671641791045
76.0,55.07462686567164,58.35666149592893,93.65671641791045
77.0,55.07462686567164,58.344972515543795,93.65671641791045
78.0,55.07462686567164,58.33340453715521,93.65671641791045
79.0,55.07462686567164,58.32195558917052,93.65671641791045
80.0,55.07462686567164,58.31062373980433,93.65671641791045
81.0,55.07462686567164,58.29940709636237,93.65671641791045
82.0,55.07462686567164,58.28830380451547,93.65671641791045
83.0,55.07462686567164,58.27731204756394,93.65671641791045
84.0,55.07462686567164,58.26643004569969,93.65671641791045
85.0,55.07462686567164,58.25565605526512,93.65671641791045
86.0,55.07462686567164,58.24498836801366,93.65671641791045
87.0,55.07462686567164,58.2344253103722,93.65671641791045
88.0,55.07462686567164,58.22396524271025,93.65671641791045
89.0,55.07462686567164,58.21360655861222,93.65671641791045
90.0,55.07462686567164,58.203347684160136,93.65671641791045
91.0,55.07462686567164,58.193187077223484,93.65671641791045
92.0,55.07462686567164,58.18312322675867,93.65671641791045
93.0,55.07462686567164,58.17315465211844,93.65671641791045
94.0,55.07462686567164,58.163279902374065,93.65671641791045
95.0,55.07462686567164,58.15349755564616,93.65671641791045
96.0,55.07462686567164,58.14380621844998,93.65671641791045
97.0,55.07462686567164,58.13420452505121,93.65671641791045
98.0,55.07462686567164,58.1246911368354,93.65671641791045
99.0,55.07462686567164,58.11526474168832,93.65671641791045
100.0,55.07462686567164,58.10592405339162,93.65671641791045
101.0,55.07462686567164,58.09666781102814,93.65671641791045
102.0,55.07462686567164,58.08749477840333,93.65671641791045
103.0,55.07462686567164,58.07840374347612,93.65671641791045
104.0,55.07462686567164,58.069393517805416,93.65671641791045
105.0,55.07462686567164,58.06046293600718,93.65671641791045
106.0,55.07462686567164,58.05161085522547,93.65671641791045
107.0,55.07462686567164,58.042836154613575,93.65671641791045
108.0,55.07462686567164,58.0341377348307,93.65671641791045
109.0,55.07462686567164,58.02551451754776,93.65671641791045
110.0,55.07462686567164,58.01696544496622,93.65671641791045
111.0,55.07462686567164,58.008489479348384,93.65671641791045
112.0,55.07462686567164,58.00008560255927,93.65671641791045
113.0,55.07462686567164,57.99175281561911,93.65671641791045
114.0,55.07462686567164,57.98349013826838,93.65671641791045
115.0,55.07462686567164,57.975296608540795,93.65671641791045
116.0,55.07462686567164,57.96717128235005,93.65671641791045
117.0,55.07462686567164,57.95911323308412,93.65671641791045
118.0,55.07462686567164,57.951121551212026,93.65671641791045
119.0,55.07462686567164,57.943195343898395,93.65671641791045
120.0,55.07462686567164,57.935333734628635,93.65671641791045
121.0,55.07462686567164,57.927535862843676,93.65671641791045
122.0,55.07462686567164,57.91980088358339,93.65671641791045
123.0,55.07462686567164,57.91212796713951,93.65671641791045
124.0,55.07462686567164,57.90451629871644,93.65671641791045
125.0,55.07462686567164,57.89696507810104,93.65671641791045
126.0,55.07462686567164,57.889473519340974,93.65671641791045
127.0,55.07462686567164,57.88204085043129,93.65671641791045
128.0,55.07462686567164,57.87466631300719,93.65671641791046
129.0,55.07462686567164,57.8673491620473,93.65671641791043
130.0,55.07462686567164,57.86008866558178,93.65671641791045
131.0,55.07462686567164,57.8528841044092,93.65671641791045
132.0,55.07462686567164,57.8457347718197,93.65671641791045
133.0,55.07462686567164,57.83863997332634,93.65671641791043
134.0,55.07462686567164,57.83159902640147,93.65671641791043
135.0,55.07462686567164,57.82461126022058,93.65671641791045
136.0,55.07462686567164,57.81767601541256,93.65671641791045
137.0,55.07462686567164,57.81079264381648,93.65671641791045
138.0,55.07462686567164,57.80396050824234,93.65671641791045
139.0,55.07462686567164,57.79717898224126,93.65671641791045
140.0,55.07462686567164,57.79044744987807,93.65671641791043
141.0,55.07462686567164,57.78376530551091,93.65671641791046
142.0,55.07462686567164,57.777131953576536,93.65671641791045
143.0,55.07462686567164,57.77054680838014,93.65671641791045
144.0,55.07462686567164,57.764009293890965,93.65671641791046
145.0,55.07462686567164,57.757518843541746,93.65671641791045
146.0,55.07462686567164,57.751074900035064,93.65671641791045
147.0,55.07462686567164,57.74467691515196,93.65671641791045
148.0,55.07462686567164,57.7383243495671,93.65671641791045
149.0,55.07462686567164,57.732016672667015,93.65671641791043
150.0,55.07462686567164,57.7257533623741,93.65671641791046
151.0,55.07462686567164,57.71953390497383,93.65671641791045
152.0,55.07462686567164,57.71335779494582,93.65671641791045
153.0,55.07462686567164,57.70722453480027,93.65671641791045
154.0,55.07462686567164,57.701133634916474,93.65671641791045
155.0,55.07462686567164,57.69508461338759,93.65671641791045
156.0,55.07462686567164,57.689076995865776,93.65671641791046
157.0,55.07462686567164,57.68311031541437,93.65671641791045
158.0,55.07462686567164,57.6771841123614,93.65671641791045
159.0,55.07462686567164,57.67129793415677,93.65671641791045
160.0,55.07462686567164,57.66545133523377,93.65671641791045
161.0,55.07462686567164,57.65964387687241,93.65671641791045
162.0,55.07462686567164,57.653875127067735,93.65671641791043
163.0,55.07462686567164,57.648144660398565,93.65671641791046
164.0,55.07462686567164,57.642452057902474,93.65671641791045
165.0,55.07462686567164,57.636796906950465,93.65671641791045
166.0,55.07462686567164,57.63117880112694,93.65671641791045
167.0,55.07462686567164,57.62559734011128,93.65671641791043
168.0,55.07462686567164,57.6200521295619,93.65671641791046
169.0,55.07462686567164,57.61454278100378,93.65671641791045
170.0,55.07462686567164,57.609068911718,93.65671641791045
171.0,55.07462686567164,57.60363014463354,93.65671641791045
172.0,55.07462686567164,57.59822610822199,93.65671641791045
173.0,55.07462686567164,57.59285643639493,93.65671641791045
174.0,55.07462686567164,57.58752076840208,93.65671641791043
175.0,55.07462686567164,57.58221874873363,93.65671641791046
176.0,55.07462686567164,57.576950027022924,93.65671641791046
177.0,55.07462686567164,57.57171425795361,93.65671641791045
178.0,55.07462686567164,57.5665111011654,93.65671641791046
179.0,55.07462686567164,57.56134022116619,93.65671641791045
180.0,55.07462686567164,57.556201287241485,93.65671641791045
181.0,55.07462686567164,57.55109397337014,93.65671641791045
182.0,55.07462686567164,57.54601795813866,93.65671641791046
183.0,55.07462686567164,57.540972924658966,93.65671641791045
184.0,55.07462686567164,57.53595856048762,93.65671641791045
185.0,55.07462686567164,57.530974557546585,93.65671641791046
186.0,55.07462686567164,57.526020612046075,93.65671641791043
187.0,55.07462686567164,57.52109642440817,93.65671641791045
188.0,55.07462686567164,57.516201699194006,93.65671641791045
189.0,55.07462686567164,57.511336145028984,93.65671641791045
190.0,55.07462686567164,57.506499474534344,93.65671641791043
191.0,55.07462686567164,57.50169140425548,93.65671641791045
192.0,55.07462686567164,57.49691165459499,93.65671641791045
193.0,55.07462686567164,57.49215994974554,93.65671641791043
194.0,55.07462686567164,57.487436017624965,93.65671641791043
195.0,55.07462686567164,57.48273958981143,93.65671641791045
196.0,55.07462686567164,57.478070401482405,93.65671641791046
197.0,55.07462686567164,57.473428191351694,93.65671641791045
198.0,55.07462686567164,57.46881270161019,93.65671641791046
199.0,55.07462686567164,57.46422367786711,93.65671641791046
200.0,55.07462686567164,57.45966086909236,93.65671641791043
201.0,55.07462686567164,57.455124027559194,93.65671641791043
202.0,55.07462686567164,57.45061290879048,93.65671641791046
203.0,55.07462686567164,57.44612727150299,93.65671641791045
204.0,55.07462686567164,57.441666877555036,93.65671641791045
205.0,55.07462686567164,57.43723149189472,93.65671641791046
206.0,55.07462686567164,57.432820882507706,93.65671641791045
207.0,55.07462686567164,57.42843482036878,93.65671641791045
208.0,55.07462686567164,57.42407307939179,93.65671641791045
209.0,55.07462686567164,57.41973543638184,93.65671641791045
210.0,55.07462686567164,57.41542167098879,93.65671641791043
211.0,55.07462686567164,57.41113156565988,93.65671641791045
212.0,55.07462686567164,57.406864905595924,93.65671641791045
213.0,55.07462686567164,57.40262147870591,93.65671641791045
214.0,55.07462686567164,57.39840107556391,93.65671641791043
215.0,55.07462686567164,57.39420348936627,93.65671641791046
216.0,55.07462686567164,57.39002851588985,93.65671641791045
217.0,55.07462686567164,57.38587595345131,93.65671641791045
218.0,55.07462686567164,57.38174560286623,93.65671641791043
219.0,55.07462686567164,57.37763726740999,93.65671641791045
220.0,55.07462686567164,57.37355075277947,93.65671641791043
221.0,55.07462686567164,57.3694858670539,93.65671641791043
222.0,55.07462686567164,57.365442420659406,93.65671641791045
223.0,55.07462686567164,57.36142022633026,93.65671641791045
224.0,55.07462686567164,57.35741909907528,93.65671641791045
225.0,55.07462686567164,57.35343885614072,93.65671641791046
226.0,55.07462686567164,57.34947931697678,93.65671641791043
227.0,55.07462686567164,57.34554030320364,93.65671641791046
228.0,55.07462686567164,57.34162163857823,93.65671641791045
229.0,55.07462686567164,57.33772314896112,93.65671641791045
230.0,55.07462686567164,57.33384466228472,93.65671641791045
231.0,55.07462686567164,57.329986008522205,93.65671641791043
232.0,55.07462686567164,57.32614701965627,93.65671641791043
233.0,55.07462686567164,57.32232752964863,93.65671641791045
234.0,55.07462686567164,57.31852737441128,93.65671641791045
235.0,55.07462686567164,57.31474639177576,93.65671641791045
236.0,55.07462686567164,57.310984421465605,93.65671641791045
237.0,55.07462686567164,57.307241305068295,93.65671641791045
238.0,55.07462686567164,57.30351688600649,93.65671641791045
239.0,55.07462686567164,57.29981100951187,93.65671641791045
240.0,55.07462686567164,57.29612352259841,93.65671641791045
241.0,55.07462686567164,57.292454274035585,93.65671641791045
242.0,55.07462686567164,57.28880311432309,93.65671641791045
243.0,55.07462686567164,57.28516989566585,93.65671641791045
244.0,55.07462686567164,57.28155447194849,93.65671641791045
245.0,55.07462686567164,57.27795669871125,93.65671641791046
246.0,55.07462686567164,57.27437643312643,93.65671641791045
247.0,55.07462686567164,57.27081353397432,93.65671641791045
248.0,55.07462686567164,57.26726786162036,93.65671641791043
249.0,55.07462686567164,57.26373927799233,93.65671641791045
250.0,55.07462686567164,57.26022764655784,93.65671641791043
251.0,55.07462686567164,57.25673283230295,93.65671641791045
252.0,55.07462686567164,57.253254701710226,93.65671641791043
253.0,55.07462686567164,57.24979312273715,93.65671641791045
254.0,55.07462686567164,57.246347964796264,93.65671641791045
255.0,55.07462686567164,57.24291909873411,93.65671641791045
256.0,55.07462686567164,57.2395063968107,93.65671641791043
257.0,55.07462686567164,57.23610973268077,93.65671641791045
258.0,55.07462686567164,57.2327289813738,93.65671641791046
259.0,55.07462686567164,57.229364019274236,93.65671641791045
260.0,55.07462686567164,57.226014724104225,93.65671641791045
261.0,55.07462686567164,57.222680974903774,93.65671641791045
262.0,55.07462686567164,57.21936265201331,93.65671641791043
263.0,55.07462686567164,57.216059637055345,93.65671641791046
264.0,55.07462686567164,57.212771812917325,93.65671641791045
265.0,55.07462686567164,57.209499063734505,93.65671641791043
266.0,55.07462686567164,57.20624127487243,93.65671641791046
267.0,55.07462686567164,57.20299833291013,93.65671641791045
268.0,55.07462686567164,57.19977012562491,93.65671641791045
269.0,55.07462686567164,57.196556541974324,93.65671641791045
270.0,55.07462686567164,57.193357472082305,93.65671641791045
271.0,55.07462686567164,57.19017280722164,93.65671641791045
272.0,55.07462686567164,57.18700243979994,93.65671641791045
273.0,55.07462686567164,57.183846263343874,93.65671641791045
274.0,55.07462686567164,57.18070417248465,93.65671641791043
275.0,55.07462686567164,57.17757606294296,93.65671641791046
276.0,55.07462686567164,57.17446183151493,93.65671641791045
277.0,55.07462686567164,57.17136137605787,93.65671641791045
278.0,55.07462686567164,57.16827459547581,93.65671641791045
279.0,55.07462686567164,57.165201389706624,93.65671641791045
280.0,55.07462686567164,57.16214165970833,93.65671641791045
281.0,55.07462686567164,57.15909530744502,93.65671641791043
282.0,55.07462686567164,57.156062235874536,93.65671641791045
283.0,55.07462686567164,57.15304234893592,93.65671641791043
284.0,55.07462686567164,57.15003555153525,93.65671641791045
285.0,55.07462686567164,57.14704174953527,93.65671641791045
286.0,55.07462686567164,57.14406084974093,93.65671641791045
287.0,55.07462686567164,57.14109275988881,93.65671641791045
288.0,55.07462686567164,57.13813738863509,93.65671641791045
289.0,55.07462686567164,57.13519464554298,93.65671641791045
290.0,55.07462686567164,57.13226444107193,93.65671641791043
291.0,55.07462686567164,57.129346686566066,93.65671641791045
292.0,55.07462686567164,57.1264412942427,93.65671641791045
293.0,55.07462686567164,57.12354817718234,93.65671641791045
294.0,55.07462686567164,57.120667249316284,93.65671641791045
295.0,55.07462686567164,57.117798425417455,93.65671641791045
296.0,55.07462686567164,57.11494162108881,93.65671641791045
297.0,55.07462686567164,57.11209675275359,93.65671641791046
298.0,55.07462686567164,57.109263737644845,93.65671641791046
299.0,55.07462686567164,57.1064424937957,93.65671641791045
300.0,55.07462686567164,57.10363294002909,93.65671641791046
301.0,55.07462686567164,57.10083499594816,93.65671641791045
302.0,55.07462686567164,57.098048581926754,93.65671641791043
303.0,55.07462686567164,57.0952736191,93.65671641791045
304.0,55.07462686567164,57.09251002935446,93.65671641791045
305.0,55.07462686567164,57.08975773532015,93.65671641791045
306.0,55.07462686567164,57.08701666035987,93.65671641791046
307.0,55.07462686567164,57.08428672856207,93.65671641791045
308.0,55.07462686567164,57.08156786473056,93.65671641791045
309.0,55.07462686567164,57.078859994376785,93.65671641791045
310.0,55.07462686567164,57.07616304371104,93.65671641791045
311.0,55.07462686567164,57.073476939633814,93.65671641791045
312.0,55.07462686567164,57.0708016097281,93.65671641791045
313.0,55.07462686567164,57.068136982250536,93.65671641791045
314.0,55.07462686567164,57.065482986124316,93.65671641791045
315.0,55.07462686567164,57.06283955093019,93.65671641791046
316.0,55.07462686567164,57.06020660689944,93.65671641791045
317.0,55.07462686567164,57.05758408490609,93.65671641791045
318.0,55.07462686567164,57.05497191645879,93.65671641791045
319.0,55.07462686567164,57.05237003369399,93.65671641791045
320.0,55.07462686567164,57.049778369368504,93.65671641791045
321.0,55.07462686567164,57.047196856852,93.65671641791043
322.0,55.07462686567164,57.044625430119495,93.65671641791045
323.0,55.07462686567164,57.04206402374538,93.65671641791045
324.0,55.07462686567164,57.039512572895745,93.65671641791045
325.0,55.07462686567164,57.036971013320986,93.65671641791043
326.0,55.07462686567164,57.03443928135059,93.65671641791045
327.0,55.07462686567164,57.03191731388483,93.65671641791046
328.0,55.07462686567164,57.029405048389364,93.65671641791045
329.0,55.07462686567164,57.02690242288798,93.65671641791045
330.0,55.07462686567164,57.024409375957084,93.65671641791043
331.0,55.07462686567164,57.021925846718425,93.65671641791045
332.0,55.07462686567164,57.01945177483339,93.65671641791046
333.0,55.07462686567164,57.01698710049686,93.65671641791045
334.0,55.07462686567164,57.014531764431545,93.65671641791045
335.0,55.07462686567164,57.01208570788087,93.65671641791045
336.0,55.07462686567164,57.0096488726044,93.65671641791045
337.0,55.07462686567164,57.007221200871584,93.65671641791045
338.0,55.07462686567164,57.00480263545541,93.65671641791045
339.0,55.07462686567164,57.002393119627556,93.65671641791045
340.0,55.07462686567164,56.99999259715307,93.65671641791045
341.0,55.07462686567164,56.99760101228379,93.65671641791045
342.0,55.07462686567164,56.9952183097537,93.65671641791045
343.0,55.07462686567164,56.99284443477359,93.65671641791045
344.0,55.07462686567164,56.990479333025625,93.65671641791045
345.0,55.07462686567164,56.988122950657875,93.65671641791043
346.0,55.07462686567164,56.98577523428013,93.65671641791046
347.0,55.07462686567164,56.983436130957344,93.65671641791045
348.0,55.07462686567164,56.98110558820644,93.65671641791045
349.0,55.07462686567164,56.97878355398942,93.65671641791045
350.0,55.07462686567164,56.97646997671061,93.65671641791043
351.0,55.07462686567164,56.97416480520982,93.65671641791045
352.0,55.07462686567164,56.97186798875941,93.65671641791045
353.0,55.07462686567164,56.96957947705829,93.65671641791045
354.0,55.07462686567164,56.96729922022801,93.65671641791045
355.0,55.07462686567164,56.96502716880792,93.65671641791045
356.0,55.07462686567164,56.96276327375084,93.65671641791045
357.0,55.07462686567164,56.96050748641891,93.65671641791045
358.0,55.07462686567164,56.95825975857862,93.65671641791045
359.0,55.07462686567164,56.956020042396375,93.65671641791043
360.0,55.07462686567164,56.953788290435575,93.65671641791045
361.0,55.07462686567164,56.95156445565081,93.65671641791045
362.0,55.07462686567164,56.94934849138453,93.65671641791045
363.0,55.07462686567164,56.947140351363025,93.65671641791046
364.0,55.07462686567164,56.944939989691605,93.65671641791045
365.0,55.07462686567164,56.94274736085196,93.65671641791043
366.0,55.07462686567164,56.94056241969686,93.65671641791046
367.0,55.07462686567164,56.93838512144705,93.65671641791045
368.0,55.07462686567164,56.93621542168714,93.65671641791045
369.0,55.07462686567164,56.93405327636208,93.65671641791045
370.0,55.07462686567164,56.93189864177308,93.65671641791045
371.0,55.07462686567164,56.929751474573834,93.65671641791045
372.0,55.07462686567164,56.92761173176772,93.65671641791045
373.0,55.07462686567164,56.9254793707026,93.65671641791045
374.0,55.07462686567164,56.92335434906931,93.65671641791045
375.0,55.07462686567164,56.92123662489635,93.65671641791045
376.0,55.07462686567164,56.919126156547584,93.65671641791043
377.0,55.07462686567164,56.91702290271777,93.65671641791043
378.0,55.07462686567164,56.91492682243055,93.65671641791045
379.0,55.07462686567164,56.91283787503372,93.65671641791045
380.0,55.07462686567164,56.91075602019719,93.65671641791045
381.0,55.07462686567164,56.908681217908224,93.65671641791045
382.0,55.07462686567164,56.906613428469825,93.65671641791045
383.0,55.07462686567164,56.90455261249662,93.65671641791045
384.0,55.07462686567164,56.90249873091195,93.65671641791045
385.0,55.07462686567164,56.90045174494439,93.65671641791045
386.0,55.07462686567164,56.898411616125436,93.65671641791045
387.0,55.07462686567164,56.89637830628625,93.65671641791045
388.0,55.07462686567164,56.894351777553844,93.65671641791045
389.0,55.07462686567164,56.89233199234939,93.65671641791045
390.0,55.07462686567164,56.89031891338438,93.65671641791045
391.0,55.07462686567164,56.88831250365832,93.65671641791046
392.0,55.07462686567164,56.88631272645542,93.65671641791045
393.0,55.07462686567164,56.884319545342095,93.65671641791046
394.0,55.07462686567164,56.88233292416411,93.65671641791045
395.0,55.07462686567164,56.8803528270438,93.65671641791045
396.0,55.07462686567164,56.878379218377034,93.65671641791043
397.0,55.07462686567164,56.87641206283169,93.65671641791045
398.0,55.07462686567164,56.8744513253432,93.65671641791045
399.0,55.07462686567164,56.8724969711138,93.65671641791045
400.0,55.07462686567164,56.870548965608336,93.65671641791045
401.0,55.07462686567164,56.86860727455303,93.65671641791043
402.0,55.07462686567164,56.86667186393209,93.65671641791045
403.0,55.07462686567164,56.864742699985534,93.65671641791046
404.0,55.07462686567164,56.862819749206736,93.65671641791045
405.0,55.07462686567164,56.86090297833977,93.65671641791043
406.0,55.07462686567164,56.85899235437758,93.65671641791043
407.0,55.07462686567164,56.857087844558514,93.65671641791045
408.0,55.07462686567164,56.85518941636533,93.65671641791045
409.0,55.07462686567164,56.85329703752171,93.65671641791045
410.0,55.07462686567164,56.851410675990934,93.65671641791045
411.0,55.07462686567164,56.84953029997274,93.65671641791045
412.0,55.07462686567164,56.847655877901445,93.65671641791045
413.0,55.07462686567164,56.84578737844386,93.65671641791046
414.0,55.07462686567164,56.843924770497175,93.65671641791045
415.0,55.07462686567164,56.84206802318635,93.65671641791045
416.0,55.07462686567164,56.84021710586221,93.65671641791043
417.0,55.07462686567164,56.83837198809955,93.65671641791046
418.0,55.07462686567164,56.83653263969437,93.65671641791045
419.0,55.07462686567164,56.83469903066304,93.65671641791045
420.0,55.07462686567164,56.832871131238676,93.65671641791045
421.0,55.07462686567164,56.83104891187019,93.65671641791045
422.0,55.07462686567164,56.829232343220426,93.65671641791045
423.0,55.07462686567164,56.827421396163004,93.65671641791045
424.0,55.07462686567164,56.82561604178202,93.65671641791046
425.0,55.07462686567164,56.82381625136827,93.65671641791045
426.0,55.07462686567164,56.822021996419146,93.65671641791043
427.0,55.07462686567164,56.82023324863541,93.65671641791045
428.0,55.07462686567164,56.81844997992004,93.65671641791046
429.0,55.07462686567164,56.81667216237584,93.65671641791045
430.0,55.07462686567164,56.81489976830412,93.65671641791043
431.0,55.07462686567164,56.81313277020299,93.65671641791045
432.0,55.07462686567164,56.811371140764656,93.65671641791045
433.0,55.07462686567164,56.809614852874525,93.65671641791043
434.0,55.07462686567164,56.8078638796097,93.65671641791045
435.0,55.07462686567164,56.806118194235964,93.65671641791045
436.0,55.07462686567164,56.804377770207196,93.65671641791045
437.0,55.07462686567164,56.802642581163674,93.65671641791046
438.0,55.07462686567164,56.80091260092953,93.65671641791043
439.0,55.07462686567164,56.79918780351189,93.65671641791045
440.0,55.07462686567164,56.797468163099,93.65671641791043
441.0,55.07462686567164,56.7957536540585,93.65671641791045
442.0,55.07462686567164,56.79404425093617,93.65671641791043
443.0,55.07462686567164,56.7923399284538,93.65671641791045
444.0,55.07462686567164,56.79064066150813,93.65671641791043
445.0,55.07462686567164,56.78894642516873,93.65671641791045
446.0,55.07462686567164,56.787257194677366,93.65671641791045
447.0,55.07462686567164,56.78557294544566,93.65671641791043
448.0,55.07462686567164,56.78389365305386,93.65671641791045
449.0,55.07462686567164,56.78221929324936,93.65671641791045
450.0,55.07462686567164,56.780549841945245,93.65671641791045
451.0,55.07462686567164,56.778885275219224,93.65671641791043
452.0,55.07462686567164,56.777225569311014,93.65671641791045
453.0,55.07462686567164,56.77557070062269,93.65671641791045
454.0,55.07462686567164,56.77392064571539,93.65671641791045
455.0,55.07462686567164,56.77227538130965,93.65671641791045
456.0,55.07462686567164,56.77063488428257,93.65671641791043
457.0,55.07462686567164,56.76899913166738,93.65671641791046
458.0,55.07462686567164,56.767368100651886,93.65671641791045
459.0,55.07462686567164,56.765741768576945,93.65671641791045
460.0,55.07462686567164,56.76412011293547,93.65671641791043
461.0,55.07462686567164,56.762503111370556,93.65671641791045
462.0,55.07462686567164,56.76089074167482,93.65671641791045
463.0,55.07462686567164,56.7592829817889,93.65671641791045
464.0,55.07462686567164,56.75767980979984,93.65671641791043
465.0,55.07462686567164,56.75608120394076,93.65671641791045
466.0,55.07462686567164,56.754487142587934,93.65671641791045
467.0,55.07462686567164,56.75289760426197,93.65671641791045
468.0,55.07462686567164,56.75131256762434,93.65671641791046
469.0,55.07462686567164,56.749732011477114,93.65671641791045
470.0,55.07462686567164,56.74815591476242,93.65671641791043
471.0,55.07462686567164,56.746584256560055,93.65671641791043
472.0,55.07462686567164,56.74501701608682,93.65671641791045
473.0,55.07462686567164,56.74345417269591,93.65671641791043
474.0,55.07462686567164,56.74189570587472,93.65671641791045
475.0,55.07462686567164,56.74034159524497,93.65671641791045
476.0,55.07462686567164,56.73879182055999,93.65671641791046
477.0,55.07462686567164,56.73724636170533,93.65671641791046
478.0,55.07462686567164,56.73570519869672,93.65671641791045
479.0,55.07462686567164,56.73416831167855,93.65671641791045
480.0,55.07462686567164,56.7326356809242,93.65671641791045
481.0,55.07462686567164,56.73110728683363,93.65671641791045
482.0,55.07462686567164,56.729583109933046,93.65671641791045
483.0,55.07462686567164,56.72806313087346,93.65671641791045
484.0,55.07462686567164,56.72654733043014,93.65671641791045
485.0,55.07462686567164,56.7250356895014,93.65671641791046
486.0,55.07462686567164,56.72352818910707,93.65671641791046
487.0,55.07462686567164,56.72202481038826,93.65671641791043
488.0,55.07462686567164,56.720525534606104,93.65671641791045
489.0,55.07462686567164,56.71903034314056,93.65671641791045
490.0,55.07462686567164,56.71753921748986,93.65671641791045
491.0,55.07462686567164,56.716052139268804,93.65671641791045
492.0,55.07462686567164,56.714569090208734,93.65671641791045
493.0,55.07462686567164,56.71309005215619,93.65671641791043
494.0,55.07462686567164,56.711615007071714,93.65671641791045
495.0,55.07462686567164,56.71014393702928,93.65671641791045
496.0,55.07462686567164,56.708676824215225,93.65671641791045
497.0,55.07462686567164,56.707213650927564,93.65671641791045
498.0,55.07462686567164,56.70575439957465,93.65671641791045
499.0,55.07462686567164,56.704299052674926,93.65671641791045
500.0,55.07462686567164,56.70284759285508,93.65671641791043
501.0,55.07462686567164,56.701400002850605,93.65671641791046
502.0,55.07462686567164,56.699956265503204,93.65671641791045
503.0,55.07462686567164,56.69851636376158,93.65671641791045
504.0,55.07462686567164,56.697080280679515,93.65671641791045
505.0,55.07462686567164,56.695647999415385,93.65671641791045
506.0,55.07462686567164,56.69421950323147,93.65671641791045
507.0,55.07462686567164,56.69279477549249,93.65671641791045
508.0,55.07462686567164,56.69137379966613,93.65671641791045
509.0,55.07462686567164,56.689956559320656,93.65671641791043
510.0,55.07462686567164,56.6885430381253,93.65671641791043
511.0,55.07462686567164,56.68713321984885,93.65671641791045
512.0,55.07462686567164,56.685727088358796,93.65671641791045
513.0,55.07462686567164,56.68432462762143,93.65671641791045
514.0,55.07462686567164,56.682925821699804,93.65671641791045
515.0,55.07462686567164,56.681530654753864,93.65671641791045
516.0,55.07462686567164,56.680139111039814,93.65671641791045
517.0,55.07462686567164,56.678751174908484,93.65671641791045
518.0,55.07462686567164,56.67736683080546,93.65671641791045
519.0,55.07462686567164,56.675986063269654,93.65671641791046
520.0,55.07462686567164,56.67460885693345,93.65671641791045
521.0,55.07462686567164,56.6732351965211,93.65671641791043
522.0,55.07462686567164,56.671865066848376,93.65671641791045
523.0,55.07462686567164,56.67049845282198,93.65671641791045
524.0,55.07462686567164,56.66913533943915,93.65671641791045
525.0,55.07462686567164,56.66777571178566,93.65671641791045
526.0,55.07462686567164,56.66641955503695,93.65671641791045
527.0,55.07462686567164,56.66506685445619,93.65671641791043
528.0,55.07462686567164,56.66371759539364,93.65671641791046
529.0,55.07462686567164,56.662371763286735,93.65671641791045
530.0,55.07462686567164,56.66102934365879,93.65671641791045
531.0,55.07462686567164,56.659690322118934,93.65671641791045
532.0,55.07462686567164,56.65835468436043,93.65671641791045
533.0,55.07462686567164,56.657022416161155,93.65671641791046
534.0,55.07462686567164,56.65569350338229,93.65671641791045
535.0,55.07462686567164,56.65436793196814,93.65671641791045
536.0,55.07462686567164,56.653045687945166,93.65671641791045
537.0,55.07462686567164,56.65172675742104,93.65671641791045
538.0,55.07462686567164,56.65041112658523,93.65671641791043
539.0,55.07462686567164,56.64909878170719,93.65671641791045
540.0,55.07462686567164,56.64778970913608,93.65671641791045
541.0,55.07462686567164,56.6464838953003,93.65671641791045
542.0,55.07462686567164,56.645181326707444,93.65671641791045
543.0,55.07462686567164,56.64388198994249,93.65671641791045
544.0,55.07462686567164,56.64258587166826,93.65671641791045
545.0,55.07462686567164,56.641292958624405,93.65671641791045
546.0,55.07462686567164,56.64000323762661,93.65671641791045
547.0,55.07462686567164,56.63871669556687,93.65671641791043
548.0,55.07462686567164,56.63743331941177,93.65671641791045
549.0,55.07462686567164,56.63615309620335,93.65671641791045
550.0,55.07462686567164,56.634876013056825,93.65671641791045
551.0,55.07462686567164,56.63360205716162,93.65671641791045
552.0,55.07462686567164,56.632331215780155,93.65671641791045
553.0,55.07462686567164,56.63106347624676,93.65671641791045
554.0,55.07462686567164,56.6297988259686,93.65671641791045
555.0,55.07462686567164,56.62853725242357,93.65671641791043
556.0,55.07462686567164,56.6272787431606,93.65671641791043
557.0,55.07462686567164,56.626023285799526,93.65671641791045
558.0,55.07462686567164,56.624770868029415,93.65671641791045
559.0,55.07462686567164,56.623521477608925,93.65671641791046
560.0,55.07462686567164,56.62227510236585,93.65671641791045
561.0,55.07462686567164,56.6210317301961,93.65671641791045
562.0,55.07462686567164,56.61979134906355,93.65671641791043
563.0,55.07462686567164,56.61855394699956,93.65671641791045
564.0,55.07462686567164,56.61731951210232,93.65671641791043
565.0,55.07462686567164,56.6160880325363,93.65671641791043
566.0,55.07462686567164,56.61485949653226,93.65671641791045
567.0,55.07462686567164,56.61363389238646,93.65671641791045
568.0,55.07462686567164,56.612411208459655,93.65671641791046
569.0,55.07462686567164,56.61119143317769,93.65671641791043
570.0,55.07462686567164,56.60997455503018,93.65671641791045
571.0,55.07462686567164,56.60876056257082,93.65671641791045
572.0,55.07462686567164,56.607549444416044,93.65671641791046
573.0,55.07462686567164,56.606341189245406,93.65671641791046
574.0,55.07462686567164,56.60513578580026,93.65671641791045
575.0,55.07462686567164,56.60393322288419,93.65671641791043
576.0,55.07462686567164,56.60273348936227,93.65671641791045
577.0,55.07462686567164,56.601536574160484,93.65671641791045
578.0,55.07462686567164,56.600342466265,93.65671641791046
579.0,55.07462686567164,56.599151154722804,93.65671641791045
580.0,55.07462686567164,56.59796262864007,93.65671641791045
581.0,55.07462686567164,56.59677687718264,93.65671641791045
582.0,55.07462686567164,56.59559388957471,93.65671641791043
583.0,55.07462686567164,56.59441365509967,93.65671641791043
584.0,55.07462686567164,56.593236163098325,93.65671641791046
585.0,55.07462686567164,56.59206140296951,93.65671641791045
586.0,55.07462686567164,56.59088936416922,93.65671641791045
587.0,55.07462686567164,56.58972003621034,93.65671641791045
588.0,55.07462686567164,56.58855340866232,93.65671641791046
589.0,55.07462686567164,56.58738947115041,93.65671641791045
590.0,55.07462686567164,56.58622821335587,93.65671641791045
591.0,55.07462686567164,56.58506962501505,93.65671641791045
592.0,55.07462686567164,56.58391369591928,93.65671641791045
593.0,55.07462686567164,56.58276041591473,93.65671641791046
594.0,55.07462686567164,56.58160977490119,93.65671641791045
595.0,55.07462686567164,56.580461762832826,93.65671641791045
596.0,55.07462686567164,56.57931636971693,93.65671641791045
597.0,55.07462686567164,56.57817358561373,93.65671641791046
598.0,55.07462686567164,56.57703340063667,93.65671641791045
599.0,55.07462686567164,56.575895804951045,93.65671641791045
600.0,55.07462686567164,56.57476078877456,93.65671641791045
601.0,55.07462686567164,56.573628342376175,93.65671641791043
602.0,55.07462686567164,56.572498456076374,93.65671641791043
603.0,55.07462686567164,56.571371120246525,93.65671641791045
604.0,55.07462686567164,56.570246325308695,93.65671641791045
605.0,55.07462686567164,56.56912406173518,93.65671641791045
606.0,55.07462686567164,56.56800432004812,93.65671641791046
607.0,55.07462686567164,56.56688709081945,93.65671641791045
608.0,55.07462686567164,56.56577236466993,93.65671641791045
609.0,55.07462686567164,56.564660132269665,93.65671641791045
610.0,55.07462686567164,56.563550384337326,93.65671641791043
611.0,55.07462686567164,56.56244311163979,93.65671641791045
612.0,55.07462686567164,56.56133830499148,93.65671641791043
613.0,55.07462686567164,56.560235955255344,93.65671641791045
614.0,55.07462686567164,56.559136053340644,93.65671641791045
615.0,55.07462686567164,56.5580385902046,93.65671641791046
616.0,55.07462686567164,56.5569435568501,93.65671641791046
617.0,55.07462686567164,56.55585094432755,93.65671641791045
618.0,55.07462686567164,56.5547607437325,93.65671641791045
619.0,55.07462686567164,56.55367294620663,93.65671641791045
620.0,55.07462686567164,56.552587542937026,93.65671641791045
621.0,55.07462686567164,56.55150452515614,93.65671641791045
622.0,55.07462686567164,56.550423884141104,93.65671641791045
623.0,55.07462686567164,56.54934561121368,93.65671641791045
624.0,55.07462686567164,56.54826969773984,93.65671641791045
625.0,55.07462686567164,56.54719613512957,93.65671641791045
626.0,55.07462686567164,56.54612491483661,93.65671641791045
627.0,55.07462686567164,56.545056028357976,93.65671641791045
628.0,55.07462686567164,56.54398946723427,93.65671641791045
629.0,55.07462686567164,56.542925223048506,93.65671641791046
630.0,55.07462686567164,56.54186328742622,93.65671641791045
631.0,55.07462686567164,56.540803652035635,93.65671641791045
632.0,55.07462686567164,56.539746308586835,93.65671641791045
633.0,55.07462686567164,56.538691248831306,93.65671641791045
634.0,55.07462686567164,56.53763846456265,93.65671641791045
635.0,55.07462686567164,56.53658794761533,93.65671641791045
636.0,55.07462686567164,56.53553968986466,93.65671641791045
637.0,55.07462686567164,56.5344936832268,93.65671641791045
638.0,55.07462686567164,56.5334499196584,93.65671641791043
639.0,55.07462686567164,56.53240839115624,93.65671641791045
640.0,55.07462686567164,56.53136908975688,93.65671641791043
641.0,55.07462686567164,56.53033200753658,93.65671641791045
642.0,55.07462686567164,56.52929713661118,93.65671641791045
643.0,55.07462686567164,56.52826446913528,93.65671641791043
644.0,55.07462686567164,56.5272339973029,93.65671641791045
645.0,55.07462686567164,56.526205713346414,93.65671641791046
646.0,55.07462686567164,56.52517960953645,93.65671641791045
647.0,55.07462686567164,56.52415567818194,93.65671641791043
648.0,55.07462686567164,56.52313391163008,93.65671641791045
649.0,55.07462686567164,56.52211430226519,93.65671641791045
650.0,55.07462686567164,56.52109684250944,93.65671641791045
651.0,55.07462686567164,56.520081524822,93.65671641791045
652.0,55.07462686567164,56.51906834169889,93.65671641791043
653.0,55.07462686567164,56.51805728567334,93.65671641791045
654.0,55.07462686567164,56.51704834931462,93.65671641791046
655.0,55.07462686567164,56.516041525228346,93.65671641791045
656.0,55.07462686567164,56.51503680605649,93.65671641791043
657.0,55.07462686567164,56.514034184476714,93.65671641791043
658.0,55.07462686567164,56.51303365320187,93.65671641791045
659.0,55.07462686567164,56.512035204980975,93.65671641791045
660.0,55.07462686567164,56.511038832597414,93.65671641791043
661.0,55.07462686567164,56.51004452886991,93.65671641791045
662.0,55.07462686567164,56.50905228665211,93.65671641791045
663.0,55.07462686567164,56.50806209883168,93.65671641791043
664.0,55.07462686567164,56.50707395833101,93.65671641791045
665.0,55.07462686567164,56.50608785810628,93.65671641791043
666.0,55.07462686567164,56.50510379114775,93.65671641791045
667.0,55.07462686567164,56.504121750479115,93.65671641791046
668.0,55.07462686567164,56.50314172915788,93.65671641791046
669.0,55.07462686567164,56.50216372027413,93.65671641791043
670.0,55.07462686567164,56.50118771695199,93.65671641791046
671.0,55.07462686567164,56.50021371234748,93.65671641791045
672.0,55.07462686567164,56.49924169964983,93.65671641791045
673.0,55.07462686567164,56.49827167208045,93.65671641791043
674.0,55.07462686567164,56.497303622893114,93.65671641791045
675.0,55.07462686567164,56.49633754537367,93.65671641791046
676.0,55.07462686567164,56.49537343283961,93.65671641791045
677.0,55.07462686567164,56.4944112786404,93.65671641791043
678.0,55.07462686567164,56.49345107615653,93.65671641791045
679.0,55.07462686567164,56.492492818800464,93.65671641791045
680.0,55.07462686567164,56.491536500014846,93.65671641791045
681.0,55.07462686567164,56.49058211327399,93.65671641791045
682.0,55.07462686567164,56.48962965208256,93.65671641791046
683.0,55.07462686567164,56.48867910997563,93.65671641791046
684.0,55.07462686567164,56.487730480518906,93.65671641791045
685.0,55.07462686567164,56.486783757307954,93.65671641791045
686.0,55.07462686567164,56.48583893396872,93.65671641791046
687.0,55.07462686567164,56.48489600415671,93.65671641791046
688.0,55.07462686567164,56.483954961556776,93.65671641791043
689.0,55.07462686567164,56.48301579988363,93.65671641791045
690.0,55.07462686567164,56.48207851288096,93.65671641791045
691.0,55.07462686567164,56.481143094321816,93.65671641791045
692.0,55.07462686567164,56.480209538008076,93.65671641791045
693.0,55.07462686567164,56.479277837770084,93.65671641791045
694.0,55.07462686567164,56.47834798746687,93.65671641791045
695.0,55.07462686567164,56.47741998098628,93.65671641791046
696.0,55.07462686567164,56.476493812244016,93.65671641791046
697.0,55.07462686567164,56.475569475183555,93.65671641791045
698.0,55.07462686567164,56.474646963776976,93.65671641791043
699.0,55.07462686567164,56.47372627202367,93.65671641791045
700.0,55.07462686567164,56.4728073939504,93.65671641791045
701.0,55.07462686567164,56.47189032361185,93.65671641791045
702.0,55.07462686567164,56.47097505508957,93.65671641791045
703.0,55.07462686567164,56.4700615824924,93.65671641791045
704.0,55.07462686567164,56.469149899956015,93.65671641791045
705.0,55.07462686567164,56.46824000164271,93.65671641791045
706.0,55.07462686567164,56.46733188174165,93.65671641791045
707.0,55.07462686567164,56.466425534468165,93.65671641791046
708.0,55.07462686567164,56.465520954064424,93.65671641791045
709.0,55.07462686567164,56.46461813479822,93.65671641791045
710.0,55.07462686567164,56.46371707096333,93.65671641791043
711.0,55.07462686567164,56.46281775687959,93.65671641791045
712.0,55.07462686567164,56.46192018689283,93.65671641791045
713.0,55.07462686567164,56.46102435537379,93.65671641791045
714.0,55.07462686567164,56.460130256718855,93.65671641791045
715.0,55.07462686567164,56.45923788534993,93.65671641791043
716.0,55.07462686567164,56.45834723571341,93.65671641791045
717.0,55.07462686567164,56.457458302281516,93.65671641791045
718.0,55.07462686567164,56.45657107955049,93.65671641791045
719.0,55.07462686567164,56.45568556204153,93.65671641791045
720.0,55.07462686567164,56.45480174430061,93.65671641791045
721.0,55.07462686567164,56.4539196208976,93.65671641791045
722.0,55.07462686567164,56.453039186426984,93.65671641791045
723.0,55.07462686567164,56.45216043550734,93.65671641791045
724.0,55.07462686567164,56.451283362781226,93.65671641791046
725.0,55.07462686567164,56.45040796291468,93.65671641791045
726.0,55.07462686567164,56.44953423059768,93.65671641791045
727.0,55.07462686567164,56.44866216054391,93.65671641791046
728.0,55.07462686567164,56.44779174749053,93.65671641791045
729.0,55.07462686567164,56.44692298619739,93.65671641791045
730.0,55.07462686567164,56.44605587144838,93.65671641791046
731.0,55.07462686567164,56.44519039804949,93.65671641791043
732.0,55.07462686567164,56.44432656083069,93.65671641791043
733.0,55.07462686567164,56.443464354643496,93.65671641791046
734.0,55.07462686567164,56.442603774363086,93.65671641791045
735.0,55.07462686567164,56.441744814886626,93.65671641791045
736.0,55.07462686567164,56.44088747113392,93.65671641791046
737.0,55.07462686567164,56.44003173804674,93.65671641791045
738.0,55.07462686567164,56.43917761058938,93.65671641791045
739.0,55.07462686567164,56.43832508374769,93.65671641791045
740.0,55.07462686567164,56.437474152529674,93.65671641791045
741.0,55.07462686567164,56.43662481196539,93.65671641791045
742.0,55.07462686567164,56.435777057105895,93.65671641791046
743.0,55.07462686567164,56.43493088302408,93.65671641791043
744.0,55.07462686567164,56.43408628481451,93.65671641791045
745.0,55.07462686567164,56.43324325759278,93.65671641791045
746.0,55.07462686567164,56.43240179649539,93.65671641791043
747.0,55.07462686567164,56.43156189668026,93.65671641791045
748.0,55.07462686567164,56.43072355332613,93.65671641791045
749.0,55.07462686567164,56.42988676163266,93.65671641791045
750.0,55.07462686567164,56.429051516819996,93.65671641791045
751.0,55.07462686567164,56.428217814129134,93.65671641791046
752.0,55.07462686567164,56.42738564882107,93.65671641791046
753.0,55.07462686567164,56.42655501617747,93.65671641791045
754.0,55.07462686567164,56.42572591150068,93.65671641791043
755.0,55.07462686567164,56.42489833011229,93.65671641791045
756.0,55.07462686567164,56.42407226735455,93.65671641791046
757.0,55.07462686567164,56.42324771858944,93.65671641791046
758.0,55.07462686567164,56.42242467919854,93.65671641791045
759.0,55.07462686567164,56.42160314458362,93.65671641791045
760.0,55.07462686567164,56.42078311016552,93.65671641791043
761.0,55.07462686567164,56.41996457138483,93.65671641791043
762.0,55.07462686567164,56.419147523701476,93.65671641791043
763.0,55.07462686567164,56.41833196259463,93.65671641791046
764.0,55.07462686567164,56.41751788356249,93.65671641791045
765.0,55.07462686567164,56.41670528212265,93.65671641791046
766.0,55.07462686567164,56.415894153811514,93.65671641791045
767.0,55.07462686567164,56.41508449418397,93.65671641791043
768.0,55.07462686567164,56.41427629881435,93.65671641791043
769.0,55.07462686567164,56.41346956329497,93.65671641791045
770.0,55.07462686567164,56.412664283237035,93.65671641791046
771.0,55.07462686567164,56.41186045426998,93.65671641791043
772.0,55.07462686567164,56.41105807204208,93.65671641791046
773.0,55.07462686567164,56.410257132219314,93.65671641791045
774.0,55.07462686567164,56.40945763048626,93.65671641791045
775.0,55.07462686567164,56.40865956254484,93.65671641791045
776.0,55.07462686567164,56.40786292411582,93.65671641791043
777.0,55.07462686567164,56.407067710937206,93.65671641791046
778.0,55.07462686567164,56.40627391876506,93.65671641791046
779.0,55.07462686567164,56.405481543373,93.65671641791043
780.0,55.07462686567164,56.40469058055217,93.65671641791045
781.0,55.07462686567164,56.40390102611117,93.65671641791045
782.0,55.07462686567164,56.4031128758764,93.65671641791045
783.0,55.07462686567164,56.40232612569085,93.65671641791045
784.0,55.07462686567164,56.40154077141549,93.65671641791045
785.0,55.07462686567164,56.400756808927596,93.65671641791045
786.0,55.07462686567164,56.39997423412215,93.65671641791043
787.0,55.07462686567164,56.399193042910596,93.65671641791046
788.0,55.07462686567164,56.39841323122161,93.65671641791045
789.0,55.07462686567164,56.39763479500028,93.65671641791043
790.0,55.07462686567164,56.39685773020856,93.65671641791043
791.0,55.07462686567164,56.39608203282485,93.65671641791045
792.0,55.07462686567164,56.39530769884433,93.65671641791043
793.0,55.07462686567164,56.3945347242779,93.65671641791045
794.0,55.07462686567164,56.393763105153695,93.65671641791045
795.0,55.07462686567164,56.392992837515344,93.65671641791045
796.0,55.07462686567164,56.39222391742288,93.65671641791045
797.0,55.07462686567164,56.391456340952345,93.65671641791045
798.0,55.07462686567164,56.39069010419606,93.65671641791046
799.0,55.07462686567164,56.38992520326199,93.65671641791046
800.0,55.07462686567164,56.389161634273634,93.65671641791045
801.0,55.07462686567164,56.38839939337061,93.65671641791045
802.0,55.07462686567164,56.38763847670807,93.65671641791046
803.0,55.07462686567164,56.38687888045678,93.65671641791046
804.0,55.07462686567164,56.38612060080281,93.65671641791045
805.0,55.07462686567164,56.38536363394777,93.65671641791045
806.0,55.07462686567164,56.3846079761088,93.65671641791046
807.0,55.07462686567164,56.38385362351761,93.65671641791045
808.0,55.07462686567164,56.38310057242204,93.65671641791045
809.0,55.07462686567164,56.38234881908403,93.65671641791043
810.0,55.07462686567164,56.38159835978106,93.65671641791046
811.0,55.07462686567164,56.3808491908058,93.65671641791045
812.0,55.07462686567164,56.3801013084651,93.65671641791046
813.0,55.07462686567164,56.37935470908112,93.65671641791046
814.0,55.07462686567164,56.37860938899052,93.65671641791045
815.0,55.07462686567164,56.377865344544475,93.65671641791045
816.0,55.07462686567164,56.37712257210869,93.65671641791045
817.0,55.07462686567164,56.376381068063964,93.65671641791045
818.0,55.07462686567164,56.37564082880455,93.65671641791043
819.0,55.07462686567164,56.37490185073973,93.65671641791046
820.0,55.07462686567164,56.37416413029265,93.65671641791046
821.0,55.07462686567164,56.37342766390107,93.65671641791046
822.0,55.07462686567164,56.37269244801631,93.65671641791045
823.0,55.07462686567164,56.37195847910408,93.65671641791043
824.0,55.07462686567164,56.371225753643955,93.65671641791046
825.0,55.07462686567164,56.370494268129654,93.65671641791045
826.0,55.07462686567164,56.36976401906825,93.65671641791045
827.0,55.07462686567164,56.36903500298071,93.65671641791045
828.0,55.07462686567164,56.36830721640216,93.65671641791045
829.0,55.07462686567164,56.367580655880936,93.65671641791043
830.0,55.07462686567164,56.366855317978576,93.65671641791045
831.0,55.07462686567164,56.366131199270875,93.65671641791043
832.0,55.07462686567164,56.365408296346544,93.65671641791045
833.0,55.07462686567164,56.36468660580777,93.65671641791045
834.0,55.07462686567164,56.36396612426998,93.65671641791046
835.0,55.07462686567164,56.36324684836171,93.65671641791043
836.0,55.07462686567164,56.36252877472507,93.65671641791045
837.0,55.07462686567164,56.361811900014544,93.65671641791045
838.0,55.07462686567164,56.36109622089831,93.65671641791045
839.0,55.07462686567164,56.360381734057135,93.65671641791045
840.0,55.07462686567164,56.359668436184656,93.65671641791043
841.0,55.07462686567164,56.35895632398754,93.65671641791043
842.0,55.07462686567164,56.35824539418498,93.65671641791043
843.0,55.07462686567164,56.35753564350901,93.65671641791045
844.0,55.07462686567164,56.356827068704355,93.65671641791045
845.0,55.07462686567164,56.35611966652815,93.65671641791043
846.0,55.07462686567164,56.35541343374999,93.65671641791045
847.0,55.07462686567164,56.354708367152064,93.65671641791045
848.0,55.07462686567164,56.35400446352897,93.65671641791045
849.0,55.07462686567164,56.35330171968751,93.65671641791045
850.0,55.07462686567164,56.35260013244656,93.65671641791045
851.0,55.07462686567164,56.35189969863784,93.65671641791045
852.0,55.07462686567164,56.35120041510442,93.65671641791045
853.0,55.07462686567164,56.35050227870196,93.65671641791043
854.0,55.07462686567164,56.34980528629811,93.65671641791045
855.0,55.07462686567164,56.34910943477225,93.65671641791045
856.0,55.07462686567164,56.34841472101558,93.65671641791046
857.0,55.07462686567164,56.34772114193169,93.65671641791045
858.0,55.07462686567164,56.34702869443528,93.65671641791045
859.0,55.07462686567164,56.34633737545335,93.65671641791045
860.0,55.07462686567164,56.345647181924186,93.65671641791046
861.0,55.07462686567164,56.344958110797926,93.65671641791043
862.0,55.07462686567164,56.344270159036064,93.65671641791045
863.0,55.07462686567164,56.34358332361194,93.65671641791045
864.0,55.07462686567164,56.342897601509705,93.65671641791046
865.0,55.07462686567164,56.34221298972535,93.65671641791045
866.0,55.07462686567164,56.34152948526653,93.65671641791046
867.0,55.07462686567164,56.340847085151296,93.65671641791043
868.0,55.07462686567164,56.340165786409784,93.65671641791043
869.0,55.07462686567164,56.339485586082844,93.65671641791043
870.0,55.07462686567164,56.33880648122226,93.65671641791045
871.0,55.07462686567164,56.33812846889153,93.65671641791045
872.0,55.07462686567164,56.337451546164694,93.65671641791045
873.0,55.07462686567164,56.33677571012668,93.65671641791045
874.0,55.07462686567164,56.33610095787348,93.65671641791046
875.0,55.07462686567164,56.335427286512264,93.65671641791045
876.0,55.07462686567164,56.33475469316027,93.65671641791045
877.0,55.07462686567164,56.33408317494597,93.65671641791045
878.0,55.07462686567164,56.33341272900858,93.65671641791045
879.0,55.07462686567164,56.332743352497765,93.65671641791043
880.0,55.07462686567164,56.33207504257401,93.65671641791045
881.0,55.07462686567164,56.33140779640791,93.65671641791045
882.0,55.07462686567164,56.33074161118089,93.65671641791045
883.0,55.07462686567164,56.330076484084785,93.65671641791046
884.0,55.07462686567164,56.32941241232188,93.65671641791043
885.0,55.07462686567164,56.328749393104765,93.65671641791046
886.0,55.07462686567164,56.32808742365592,93.65671641791045
887.0,55.07462686567164,56.32742650120892,93.65671641791045
888.0,55.07462686567164,56.326766623006684,93.65671641791045
889.0,55.07462686567164,56.326107786302636,93.65671641791046
890.0,55.07462686567164,56.32544998836067,93.65671641791045
891.0,55.07462686567164,56.324793226454034,93.65671641791045
892.0,55.07462686567164,56.32413749786631,93.65671641791046
893.0,55.07462686567164,56.32348279989136,93.65671641791046
894.0,55.07462686567164,56.32282912983227,93.65671641791046
895.0,55.07462686567164,56.32217648500277,93.65671641791046
896.0,55.07462686567164,56.32152486272554,93.65671641791045
897.0,55.07462686567164,56.32087426033395,93.65671641791046
898.0,55.07462686567164,56.320224675170316,93.65671641791045
899.0,55.07462686567164,56.31957610458725,93.65671641791045
900.0,55.07462686567164,56.31892854594657,93.65671641791045
901.0,55.07462686567164,56.3182819966198,93.65671641791045
902.0,55.07462686567164,56.317636453987944,93.65671641791045
903.0,55.07462686567164,56.31699191544191,93.65671641791045
904.0,55.07462686567164,56.31634837838178,93.65671641791045
905.0,55.07462686567164,56.315705840216765,93.65671641791043
906.0,55.07462686567164,56.31506429836577,93.65671641791045
907.0,55.07462686567164,56.314423750257085,93.65671641791045
908.0,55.07462686567164,56.31378419332804,93.65671641791046
909.0,55.07462686567164,56.31314562502549,93.65671641791045
910.0,55.07462686567164,56.312508042805426,93.65671641791043
911.0,55.07462686567164,56.31187144413261,93.65671641791045
912.0,55.07462686567164,56.31123582648123,93.65671641791045
913.0,55.07462686567164,56.3106011873347,93.65671641791045
914.0,55.07462686567164,56.30996752418546,93.65671641791045
915.0,55.07462686567164,56.309334834534326,93.65671641791045
916.0,55.07462686567164,56.308703115891824,93.65671641791045
917.0,55.07462686567164,56.30807236577681,93.65671641791045
918.0,55.07462686567164,56.30744258171742,93.65671641791046
919.0,55.07462686567164,56.30681376125049,93.65671641791045
920.0,55.07462686567164,56.306185901921474,93.65671641791043
921.0,55.07462686567164,56.30555900128482,93.65671641791043
922.0,55.07462686567164,56.30493305690332,93.65671641791046
923.0,55.07462686567164,56.30430806634891,93.65671641791045
924.0,55.07462686567164,56.30368402720177,93.65671641791045
925.0,55.07462686567164,56.30306093705095,93.65671641791045
926.0,55.07462686567164,56.3024387934936,93.65671641791043
927.0,55.07462686567164,56.30181759413589,93.65671641791043
928.0,55.07462686567164,56.30119733659191,93.65671641791045
929.0,55.07462686567164,56.300578018485034,93.65671641791045
930.0,55.07462686567164,56.29995963744615,93.65671641791045
931.0,55.07462686567164,56.29934219111465,93.65671641791045
932.0,55.07462686567164,56.29872567713895,93.65671641791045
933.0,55.07462686567164,56.298110093174685,93.65671641791045
934.0,55.07462686567164,56.29749543688673,93.65671641791045
935.0,55.07462686567164,56.29688170594737,93.65671641791043
936.0,55.07462686567164,56.29626889803742,93.65671641791046
937.0,55.07462686567164,56.295657010845936,93.65671641791045
938.0,55.07462686567164,56.29504604206999,93.65671641791046
939.0,55.07462686567164,56.29443598941421,93.65671641791046
940.0,55.07462686567164,56.29382685059217,93.65671641791045
941.0,55.07462686567164,56.29321862332474,93.65671641791045
942.0,55.07462686567164,56.29261130534089,93.65671641791043
943.0,55.07462686567164,56.29200489437745,93.65671641791045
944.0,55.07462686567164,56.29139938817935,93.65671641791045
945.0,55.07462686567164,56.290794784499134,93.65671641791043
946.0,55.07462686567164,56.29019108109743,93.65671641791045
947.0,55.07462686567164,56.28958827574227,93.65671641791045
948.0,55.07462686567164,56.28898636620956,93.65671641791043
949.0,55.07462686567164,56.28838535028314,93.65671641791045
950.0,55.07462686567164,56.28778522575429,93.65671641791046
951.0,55.07462686567164,56.287185990422,93.65671641791045
952.0,55.07462686567164,56.28658764209258,93.65671641791045
953.0,55.07462686567164,56.28599017858039,93.65671641791046
954.0,55.07462686567164,56.2853935977072,93.65671641791043
955.0,55.07462686567164,56.28479789730182,93.65671641791043
956.0,55.07462686567164,56.28420307520107,93.65671641791045
957.0,55.07462686567164,56.28360912924885,93.65671641791045
958.0,55.07462686567164,56.28301605729704,93.65671641791045
959.0,55.07462686567164,56.282423857203945,93.65671641791045
960.0,55.07462686567164,56.28183252683616,93.65671641791046
961.0,55.07462686567164,56.28124206406688,93.65671641791043
962.0,55.07462686567164,56.2806524667768,93.65671641791043
963.0,55.07462686567164,56.28006373285413,93.65671641791046
964.0,55.07462686567164,56.279475860193855,93.65671641791045
965.0,55.07462686567164,56.278888846698514,93.65671641791045
966.0,55.07462686567164,56.27830269027744,93.65671641791045
967.0,55.07462686567164,56.27771738884724,93.65671641791045
968.0,55.07462686567164,56.27713294033182,93.65671641791045
969.0,55.07462686567164,56.276549342661795,93.65671641791043
970.0,55.07462686567164,56.27596659377498,93.65671641791043
971.0,55.07462686567164,56.2753846916161,93.65671641791045
972.0,55.07462686567164,56.27480363413682,93.65671641791045
973.0,55.07462686567164,56.27422341929604,93.65671641791043
974.0,55.07462686567164,56.273644045058916,93.65671641791045
975.0,55.07462686567164,56.27306550939829,93.65671641791046
976.0,55.07462686567164,56.27248781029302,93.65671641791045
977.0,55.07462686567164,56.27191094572955,93.65671641791045
978.0,55.07462686567164,56.27133491370046,93.65671641791045
979.0,55.07462686567164,56.270759712205404,93.65671641791045
980.0,55.07462686567164,56.27018533925079,93.65671641791045
981.0,55.07462686567164,56.269611792849496,93.65671641791045
982.0,55.07462686567164,56.269039071021474,93.65671641791045
983.0,55.07462686567164,56.26846717179274,93.65671641791046
984.0,55.07462686567164,56.267896093196256,93.65671641791045
985.0,55.07462686567164,56.267325833271656,93.65671641791045
986.0,55.07462686567164,56.26675639006503,93.65671641791045
987.0,55.07462686567164,56.26618776162875,93.65671641791045
988.0,55.07462686567164,56.26561994602225,93.65671641791045
989.0,55.07462686567164,56.26505294131055,93.65671641791045
990.0,55.07462686567164,56.264486745565954,93.65671641791046
991.0,55.07462686567164,56.26392135686662,93.65671641791045
992.0,55.07462686567164,56.263356773297716,93.65671641791045
993.0,55.07462686567164,56.26279299294981,93.65671641791045
994.0,55.07462686567164,56.26223001392091,93.65671641791045
995.0,55.07462686567164,56.26166783431442,93.65671641791045
996.0,55.07462686567164,56.261106452240334,93.65671641791043
997.0,55.07462686567164,56.26054586581515,93.65671641791045
998.0,55.07462686567164,56.259986073161464,93.65671641791045
999.0,55.07462686567164,56.25942707240752,93.65671641791045
1000.0,55.07462686567164,56.25886886168871,93.65671641791043
1001.0,55.07462686567164,56.25831143914558,93.65671641791045
1002.0,55.07462686567164,56.25775480292563,93.65671641791045
1003.0,55.07462686567164,56.257198951181806,93.65671641791043
1004.0,55.07462686567164,56.256643882073384,93.65671641791045
1005.0,55.07462686567164,56.256089593766106,93.65671641791045
1006.0,55.07462686567164,56.25553608443088,93.65671641791046
1007.0,55.07462686567164,56.25498335224502,93.65671641791043
1008.0,55.07462686567164,56.25443139539225,93.65671641791045
1009.0,55.07462686567164,56.253880212061304,93.65671641791045
1010.0,55.07462686567164,56.25332980044775,93.65671641791045
1011.0,55.07462686567164,56.25278015875232,93.65671641791046
1012.0,55.07462686567164,56.25223128518218,93.65671641791043
1013.0,55.07462686567164,56.2516831779497,93.65671641791043
1014.0,55.07462686567164,56.25113583527393,93.65671641791045
1015.0,55.07462686567164,56.25058925537885,93.65671641791045
1016.0,55.07462686567164,56.25004343649469,93.65671641791045
1017.0,55.07462686567164,56.24949837685727,93.65671641791045
1018.0,55.07462686567164,56.24895407470816,93.65671641791046
1019.0,55.07462686567164,56.248410528294805,93.65671641791043
1020.0,55.07462686567164,56.24786773587,93.65671641791043
1021.0,55.07462686567164,56.24732569569255,93.65671641791045
1022.0,55.07462686567164,56.246784406026286,93.65671641791045
1023.0,55.07462686567164,56.246243865141444,93.65671641791043
1024.0,55.07462686567164,56.245704071313206,93.65671641791045
1025.0,55.07462686567164,56.245165022822405,93.65671641791045
1026.0,55.07462686567164,56.244626717955946,93.65671641791043
1027.0,55.07462686567164,56.24408915500536,93.65671641791045
1028.0,55.07462686567164,56.243552332268564,93.65671641791045
1029.0,55.07462686567164,56.243016248048065,93.65671641791045
1030.0,55.07462686567164,56.242480900652616,93.65671641791045
1031.0,55.07462686567164,56.24194628839596,93.65671641791043
1032.0,55.07462686567164,56.24141240959719,93.65671641791045
1033.0,55.07462686567164,56.24087926258106,93.65671641791045
1034.0,55.07462686567164,56.24034684567725,93.65671641791045
1035.0,55.07462686567164,56.23981515722124,93.65671641791046
1036.0,55.07462686567164,56.239284195553495,93.65671641791043
1037.0,55.07462686567164,56.23875395901989,93.65671641791045
1038.0,55.07462686567164,56.23822444597158,93.65671641791046
1039.0,55.07462686567164,56.23769565476489,93.65671641791045
1040.0,55.07462686567164,56.23716758376158,93.65671641791045
1041.0,55.07462686567164,56.23664023132832,93.65671641791045
1042.0,55.07462686567164,56.23611359583704,93.65671641791046
1043.0,55.07462686567164,56.23558767566481,93.65671641791045
1044.0,55.07462686567164,56.235062469194155,93.65671641791045
1045.0,55.07462686567164,56.23453797481229,93.65671641791045
1046.0,55.07462686567164,56.23401419091158,93.65671641791046
1047.0,55.07462686567164,56.23349111588982,93.65671641791043
1048.0,55.07462686567164,56.23296874814967,93.65671641791043
1049.0,55.07462686567164,56.23244708609852,93.65671641791046
1050.0,55.07462686567164,56.23192612814916,93.65671641791045
1051.0,55.07462686567164,56.231405872719094,93.65671641791045
1052.0,55.07462686567164,56.23088631823137,93.65671641791045
1053.0,55.07462686567164,56.23036746311302,93.65671641791046
1054.0,55.07462686567164,56.229849305797046,93.65671641791043
1055.0,55.07462686567164,56.22933184472047,93.65671641791043
1056.0,55.07462686567164,56.22881507832595,93.65671641791045
1057.0,55.07462686567164,56.2282990050606,93.65671641791045
1058.0,55.07462686567164,56.2277836233763,93.65671641791045
1059.0,55.07462686567164,56.22726893173006,93.65671641791045
1060.0,55.07462686567164,56.226754928583574,93.65671641791045
1061.0,55.07462686567164,56.2262416124034,93.65671641791046
1062.0,55.07462686567164,56.22572898166074,93.65671641791045
1063.0,55.07462686567164,56.2252170348318,93.65671641791046
1064.0,55.07462686567164,56.224705770396895,93.65671641791045
1065.0,55.07462686567164,56.2241951868421,93.65671641791045
1066.0,55.07462686567164,56.223685282657094,93.65671641791043
1067.0,55.07462686567164,56.22317605633722,93.65671641791046
1068.0,55.07462686567164,56.222667506381704,93.65671641791045
1069.0,55.07462686567164,56.22215963129465,93.65671641791045
1070.0,55.07462686567164,56.22165242958533,93.65671641791045
1071.0,55.07462686567164,56.22114589976673,93.65671641791045
1072.0,55.07462686567164,56.220640040356955,93.65671641791045
1073.0,55.07462686567164,56.2201348498788,93.65671641791045
1074.0,55.07462686567164,56.219630326859175,93.65671641791046
1075.0,55.07462686567164,56.21912646982969,93.65671641791046
1076.0,55.07462686567164,56.218623277326834,93.65671641791046
1077.0,55.07462686567164,56.21812074789106,93.65671641791045
1078.0,55.07462686567164,56.21761888006767,93.65671641791045
1079.0,55.07462686567164,56.217117672406026,93.65671641791045
1080.0,55.07462686567164,56.21661712346068,93.65671641791043
1081.0,55.07462686567164,56.216117231789774,93.65671641791045
1082.0,55.07462686567164,56.21561799595641,93.65671641791045
1083.0,55.07462686567164,56.21511941452784,93.65671641791045
1084.0,55.07462686567164,56.214621486075636,93.65671641791043
1085.0,55.07462686567164,56.21412420917611,93.65671641791045
1086.0,55.07462686567164,56.21362758240955,93.65671641791045
1087.0,55.07462686567164,56.213131604360655,93.65671641791046
1088.0,55.07462686567164,56.212636273618585,93.65671641791045
1089.0,55.07462686567164,56.212141588776454,93.65671641791045
1090.0,55.07462686567164,56.21164754843203,93.65671641791043
1091.0,55.07462686567164,56.211154151186975,93.65671641791043
1092.0,55.07462686567164,56.210661395647776,93.65671641791045
1093.0,55.07462686567164,56.210169280424374,93.65671641791043
1094.0,55.07462686567164,56.20967780413149,93.65671641791045
1095.0,55.07462686567164,56.20918696538772,93.65671641791045
1096.0,55.07462686567164,56.20869676281621,93.65671641791045
1097.0,55.07462686567164,56.20820719504388,93.65671641791043
1098.0,55.07462686567164,56.20771826070201,93.65671641791043
1099.0,55.07462686567164,56.20722995842599,93.65671641791043
1100.0,55.07462686567164,56.20674228685491,93.65671641791045
1101.0,55.07462686567164,56.20625524463269,93.65671641791045
1102.0,55.07462686567164,56.20576883040696,93.65671641791045
1103.0,55.07462686567164,56.205283042829215,93.65671641791043
1104.0,55.07462686567164,56.20479788055547,93.65671641791046
1105.0,55.07462686567164,56.204313342245236,93.65671641791045
1106.0,55.07462686567164,56.20382942656236,93.65671641791045
1107.0,55.07462686567164,56.203346132174616,93.65671641791045
1108.0,55.07462686567164,56.202863457754056,93.65671641791043
1109.0,55.07462686567164,56.20238140197613,93.65671641791043
1110.0,55.07462686567164,56.20189996352049,93.65671641791045
1111.0,55.07462686567164,56.201419141071085,93.65671641791045
1112.0,55.07462686567164,56.20093893331541,93.65671641791045
1113.0,55.07462686567164,56.20045933894492,93.65671641791045
1114.0,55.07462686567164,56.19998035665496,93.65671641791045
1115.0,55.07462686567164,56.19950198514474,93.65671641791045
1116.0,55.07462686567164,56.19902422311763,93.65671641791045
1117.0,55.07462686567164,56.19854706928028,93.65671641791043
1118.0,55.07462686567164,56.19807052234387,93.65671641791045
1119.0,55.07462686567164,56.1975945810228,93.65671641791045
1120.0,55.07462686567164,56.197119244035456,93.65671641791045
1121.0,55.07462686567164,56.19664451010447,93.65671641791045
1122.0,55.07462686567164,56.19617037795532,93.65671641791045
1123.0,55.07462686567164,56.195696846318356,93.65671641791045
1124.0,55.07462686567164,56.19522391392671,93.65671641791045
1125.0,55.07462686567164,56.194751579517835,93.65671641791045
1126.0,55.07462686567164,56.19427984183259,93.65671641791043
1127.0,55.07462686567164,56.19380869961573,93.65671641791046
1128.0,55.07462686567164,56.19333815161575,93.65671641791045
1129.0,55.07462686567164,56.19286819658469,93.65671641791045
1130.0,55.07462686567164,56.19239883327825,93.65671641791045
1131.0,55.07462686567164,56.19193006045587,93.65671641791045
1132.0,55.07462686567164,56.191461876880645,93.65671641791045
1133.0,55.07462686567164,56.19099428131905,93.65671641791046
1134.0,55.07462686567164,56.19052727254128,93.65671641791045
1135.0,55.07462686567164,56.19006084932145,93.65671641791045
1136.0,55.07462686567164,56.18959501043692,93.65671641791043
1137.0,55.07462686567164,56.18912975466887,93.65671641791046
1138.0,55.07462686567164,56.18866508080162,93.65671641791045
1139.0,55.07462686567164,56.18820098762332,93.65671641791045
1140.0,55.07462686567164,56.18773747392552,93.65671641791046
1141.0,55.07462686567164,56.18727453850381,93.65671641791045
1142.0,55.07462686567164,56.186812180156494,93.65671641791045
1143.0,55.07462686567164,56.186350397685786,93.65671641791045
1144.0,55.07462686567164,56.18588918989738,93.65671641791045
1145.0,55.07462686567164,56.18542855560038,93.65671641791045
1146.0,55.07462686567164,56.18496849360731,93.65671641791045
1147.0,55.07462686567164,56.1845090027342,93.65671641791045
1148.0,55.07462686567164,56.18405008180041,93.65671641791043
1149.0,55.07462686567164,56.18359172962871,93.65671641791045
1150.0,55.07462686567164,56.18313394504556,93.65671641791043
1151.0,55.07462686567164,56.182676726880466,93.65671641791043
1152.0,55.07462686567164,56.182220073966384,93.65671641791043
1153.0,55.07462686567164,56.18176398513978,93.65671641791046
1154.0,55.07462686567164,56.18130845924028,93.65671641791045
1155.0,55.07462686567164,56.18085349511087,93.65671641791045
1156.0,55.07462686567164,56.180399091597906,93.65671641791045
1157.0,55.07462686567164,56.179945247551466,93.65671641791045
1158.0,55.07462686567164,56.17949196182409,93.65671641791043
1159.0,55.07462686567164,56.179039233272114,93.65671641791045
1160.0,55.07462686567164,56.178587060755305,93.65671641791045
1161.0,55.07462686567164,56.178135443136426,93.65671641791045
1162.0,55.07462686567164,56.17768437928138,93.65671641791045
1163.0,55.07462686567164,56.17723386805978,93.65671641791045
1164.0,55.07462686567164,56.176783908343914,93.65671641791045
1165.0,55.07462686567164,56.17633449900965,93.65671641791045
1166.0,55.07462686567164,56.17588563893593,93.65671641791045
1167.0,55.07462686567164,56.17543732700487,93.65671641791043
1168.0,55.07462686567164,56.17498956210192,93.65671641791045
1169.0,55.07462686567164,56.17454234311542,93.65671641791045
1170.0,55.07462686567164,56.17409566893745,93.65671641791043
1171.0,55.07462686567164,56.17364953846236,93.65671641791045
1172.0,55.07462686567164,56.17320395058835,93.65671641791045
1173.0,55.07462686567164,56.17275890421627,93.65671641791046
1174.0,55.07462686567164,56.17231439825073,93.65671641791043
1175.0,55.07462686567164,56.17187043159879,93.65671641791045
1176.0,55.07462686567164,56.171427003170685,93.65671641791045
1177.0,55.07462686567164,56.17098411188025,93.65671641791045
1178.0,55.07462686567164,56.170541756643686,93.65671641791043
1179.0,55.07462686567164,56.17009993638062,93.65671641791045
1180.0,55.07462686567164,56.16965865001402,93.65671641791045
1181.0,55.07462686567164,56.169217896469064,93.65671641791045
1182.0,55.07462686567164,56.168777674674864,93.65671641791045
1183.0,55.07462686567164,56.16833798356282,93.65671641791045
1184.0,55.07462686567164,56.16789882206797,93.65671641791045
1185.0,55.07462686567164,56.167460189127624,93.65671641791045
1186.0,55.07462686567164,56.167022083682866,93.65671641791045
1187.0,55.07462686567164,56.16658450467713,93.65671641791045
1188.0,55.07462686567164,56.16614745105689,93.65671641791045
1189.0,55.07462686567164,56.16571092177201,93.65671641791045
1190.0,55.07462686567164,56.165274915774816,93.65671641791045
1191.0,55.07462686567164,56.16483943202079,93.65671641791045
1192.0,55.07462686567164,56.16440446946831,93.65671641791045
1193.0,55.07462686567164,56.163970027078506,93.65671641791045
1194.0,55.07462686567164,56.16353610381547,93.65671641791046
1195.0,55.07462686567164,56.16310269864648,93.65671641791043
1196.0,55.07462686567164,56.16266981054129,93.65671641791045
1197.0,55.07462686567164,56.162237438472765,93.65671641791045
1198.0,55.07462686567164,56.16180558141632,93.65671641791045
1199.0,55.07462686567164,56.16137423835062,93.65671641791045
1200.0,55.07462686567164,56.160943408256706,93.65671641791045
1201.0,55.07462686567164,56.160513090119046,93.65671641791045
1202.0,55.07462686567164,56.16008328292447,93.65671641791045
1203.0,55.07462686567164,56.15965398566253,93.65671641791045
1204.0,55.07462686567164,56.159225197326165,93.65671641791045
1205.0,55.07462686567164,56.15879691691027,93.65671641791045
1206.0,55.07462686567164,56.15836914341299,93.65671641791045
1207.0,55.07462686567164,56.15794187583542,93.65671641791046
1208.0,55.07462686567164,56.15751511318128,93.65671641791045
1209.0,55.07462686567164,56.157088854456575,93.65671641791045
1210.0,55.07462686567164,56.15666309867038,93.65671641791045
1211.0,55.07462686567164,56.15623784483498,93.65671641791043
1212.0,55.07462686567164,56.15581309196449,93.65671641791045
1213.0,55.07462686567164,56.15538883907628,93.65671641791045
1214.0,55.07462686567164,56.1549650851902,93.65671641791046
1215.0,55.07462686567164,56.154541829329055,93.65671641791046
1216.0,55.07462686567164,56.15411907051817,93.65671641791045
1217.0,55.07462686567164,56.153696807785195,93.65671641791045
1218.0,55.07462686567164,56.153275040161155,93.65671641791045
1219.0,55.07462686567164,56.15285376667923,93.65671641791046
1220.0,55.07462686567164,56.15243298637519,93.65671641791046
1221.0,55.07462686567164,56.15201269828763,93.65671641791046
1222.0,55.07462686567164,56.15159290145768,93.65671641791046
1223.0,55.07462686567164,56.15117359492941,93.65671641791045
1224.0,55.07462686567164,56.15075477774907,93.65671641791045
1225.0,55.07462686567164,56.15033644896546,93.65671641791045
1226.0,55.07462686567164,56.14991860763023,93.65671641791045
1227.0,55.07462686567164,56.14950125279782,93.65671641791045
1228.0,55.07462686567164,56.14908438352443,93.65671641791045
1229.0,55.07462686567164,56.14866799886987,93.65671641791045
1230.0,55.07462686567164,56.14825209789552,93.65671641791043
1231.0,55.07462686567164,56.14783667966611,93.65671641791045
1232.0,55.07462686567164,56.147421743248294,93.65671641791045
1233.0,55.07462686567164,56.147007287711425,93.65671641791045
1234.0,55.07462686567164,56.14659331212782,93.65671641791045
1235.0,55.07462686567164,56.14617981557156,93.65671641791045
1236.0,55.07462686567164,56.14576679711968,93.65671641791043
1237.0,55.07462686567164,56.14535425585162,93.65671641791045
1238.0,55.07462686567164,56.14494219084919,93.65671641791043
1239.0,55.07462686567164,56.144530601196955,93.65671641791045
1240.0,55.07462686567164,56.14411948598149,93.65671641791046
1241.0,55.07462686567164,56.143708844292455,93.65671641791045
1242.0,55.07462686567164,56.14329867522125,93.65671641791045
1243.0,55.07462686567164,56.14288897786209,93.65671641791045
1244.0,55.07462686567164,56.1424797513117,93.65671641791045
1245.0,55.07462686567164,56.142070994669126,93.65671641791045
1246.0,55.07462686567164,56.14166270703564,93.65671641791045
1247.0,55.07462686567164,56.141254887515196,93.65671641791043
1248.0,55.07462686567164,56.14084753521401,93.65671641791043
1249.0,55.07462686567164,56.14044064924064,93.65671641791045
1250.0,55.07462686567164,56.14003422870623,93.65671641791045
1251.0,55.07462686567164,56.13962827272392,93.65671641791046
1252.0,55.07462686567164,56.139222780409746,93.65671641791046
1253.0,55.07462686567164,56.13881775088146,93.65671641791045
1254.0,55.07462686567164,56.13841318325962,93.65671641791045
1255.0,55.07462686567164,56.13800907666708,93.65671641791045
1256.0,55.07462686567164,56.13760543022899,93.65671641791045
1257.0,55.07462686567164,56.13720224307258,93.65671641791045
1258.0,55.07462686567164,56.136799514327684,93.65671641791045
1259.0,55.07462686567164,56.1363972431262,93.65671641791043
1260.0,55.07462686567164,56.1359954286028,93.65671641791045
1261.0,55.07462686567164,56.135594069893905,93.65671641791046
1262.0,55.07462686567164,56.13519316613833,93.65671641791043
1263.0,55.07462686567164,56.13479271647741,93.65671641791045
1264.0,55.07462686567164,56.134392720054755,93.65671641791043
1265.0,55.07462686567164,56.13399317601572,93.65671641791045
1266.0,55.07462686567164,56.13359408350868,93.65671641791045
1267.0,55.07462686567164,56.13319544168358,93.65671641791045
1268.0,55.07462686567164,56.13279724969291,93.65671641791045
1269.0,55.07462686567164,56.13239950669134,93.65671641791045
1270.0,55.07462686567164,56.13200221183599,93.65671641791045
1271.0,55.07462686567164,56.13160536428571,93.65671641791045
1272.0,55.07462686567164,56.131208963202,93.65671641791045
1273.0,55.07462686567164,56.13081300774828,93.65671641791045
1274.0,55.07462686567164,56.13041749709024,93.65671641791046
1275.0,55.07462686567164,56.13002243039587,93.65671641791046
1276.0,55.07462686567164,56.129627806835465,93.65671641791043
1277.0,55.07462686567164,56.12923362558077,93.65671641791045
1278.0,55.07462686567164,56.128839885806705,93.65671641791045
1279.0,55.07462686567164,56.12844658668966,93.65671641791045
1280.0,55.07462686567164,56.128053727408115,93.65671641791045
1281.0,55.07462686567164,56.127661307143356,93.65671641791045
1282.0,55.07462686567164,56.1272693250781,93.65671641791045
1283.0,55.07462686567164,56.126877780397386,93.65671641791045
1284.0,55.07462686567164,56.12648667228869,93.65671641791045
1285.0,55.07462686567164,56.126095999941334,93.65671641791045
1286.0,55.07462686567164,56.12570576254677,93.65671641791043
1287.0,55.07462686567164,56.12531595929846,93.65671641791045
1288.0,55.07462686567164,56.12492658939204,93.65671641791045
1289.0,55.07462686567164,56.12453765202525,93.65671641791046
1290.0,55.07462686567164,56.124149146398054,93.65671641791045
1291.0,55.07462686567164,56.12376107171225,93.65671641791045
1292.0,55.07462686567164,56.1233734271719,93.65671641791045
1293.0,55.07462686567164,56.122986211982756,93.65671641791045
1294.0,55.07462686567164,56.12259942535301,93.65671641791045
