"tick","donation-normed-small","donation-small","donation-valued-small"
1.0,92.5,94.9995,95.0
2.0,92.5,94.999,95.0
3.0,92.5,94.9985,95.0
4.0,92.5,94.998,95.0
5.0,92.5,94.99778535991071,95.0
6.0,92.5,94.99373481963741,95.0
7.0,92.5,94.98272430961707,95.0
8.0,92.5,94.9527946403067,95.0
9.0,92.5,94.87143736408856,95.0
10.0,92.5,94.65811388300843,95.0
11.0,92.5,94.65075567228888,95.0
12.0,92.5,94.64433756729741,95.0
13.0,92.5,94.63867504905632,95.0
14.0,92.5,94.63363062095621,95.0
15.0,92.5,94.62909944487357,95.0
16.0,92.5,94.625,95.0
17.0,92.5,94.62126781251816,95.0
18.0,92.5,94.61785113019775,95.0
19.0,92.5,94.61470786693528,95.0
20.0,92.5,94.61180339887498,95.0
21.0,92.5,94.609108945118,95.0
22.0,92.5,94.6066003581778,95.0
23.0,92.5,94.60425720702854,95.0
24.0,92.5,94.60206207261596,95.0
25.0,92.5,94.6,95.0
26.0,92.5,94.5980580675691,95.0
27.0,92.5,94.59622504486495,95.0
28.0,92.5,94.59449111825231,95.0
29.0,92.5,94.59284766908851,95.0
30.0,92.5,94.59128709291753,95.0
31.0,92.5,94.58980265101339,95.0
32.0,92.5,94.5883883476483,95.0
33.0,92.5,94.58703882797785,95.0
34.0,92.5,94.58574929257125,95.0
35.0,92.5,94.58451542547286,95.0
36.0,92.5,94.58333333333334,95.0
37.0,92.5,94.58219949365268,95.0
38.0,92.5,94.58111071056538,95.0
39.0,92.5,94.58006407690254,95.0
40.0,92.5,94.5790569415042,95.0
41.0,92.5,94.57808688094431,95.0
42.0,92.5,94.57715167498104,95.0
43.0,92.5,94.5762492851663,95.0
44.0,92.5,94.57537783614444,95.0
45.0,92.5,94.57453559925,95.0
46.0,92.5,94.57372097807745,95.0
47.0,92.5,94.57293249574894,95.0
48.0,92.5,94.5721687836487,95.0
49.0,92.5,94.57142857142858,95.0
50.0,92.5,94.57071067811866,95.0
51.0,92.5,94.5700140042014,95.0
52.0,92.5,94.56933752452815,95.0
53.0,92.5,94.56868028197434,95.0
54.0,92.5,94.56804138174398,95.0
55.0,92.5,94.56741998624632,95.0
56.0,92.5,94.5668153104781,95.0
57.0,92.5,94.56622661785325,95.0
58.0,92.5,94.56565321642987,95.0
59.0,92.5,94.56509445549041,95.0
60.0,92.5,94.5645497224368,95.0
61.0,92.5,94.56401843996645,95.0
62.0,92.5,94.5635000635001,95.0
63.0,92.5,94.56299407883486,95.0
64.0,92.5,94.5625,95.0
65.0,92.5,94.5620173672946,95.0
66.0,92.5,94.56154574548967,95.0
67.0,92.5,94.56108472217815,95.0
68.0,92.5,94.56063390625908,95.0
69.0,92.5,94.5601929265429,95.0
70.0,92.5,94.55976143046672,95.0
71.0,92.5,94.5593390829097,95.0
72.0,92.5,94.55892556509887,95.0
73.0,92.5,94.55852057359807,95.0
74.0,92.5,94.5581238193719,95.0
75.0,92.5,94.55773502691896,95.0
76.0,92.5,94.55735393346764,95.0
77.0,92.5,94.55698028822982,95.0
78.0,92.5,94.55661385170723,95.0
79.0,92.5,94.5562543950463,95.0
80.0,92.5,94.5559016994375,95.0
81.0,92.5,94.55555555555556,95.0
82.0,92.5,94.55521576303742,95.0
83.0,92.5,94.55488212999485,95.0
84.0,92.5,94.55455447255899,95.0
85.0,92.5,94.55423261445466,95.0
86.0,92.5,94.55391638660171,95.0
87.0,92.5,94.55360562674188,95.0
88.0,92.5,94.5533001790889,95.0
89.0,92.5,94.55299989400032,95.0
90.0,92.5,94.55270462766947,95.0
91.0,92.5,94.55241424183609,95.0
92.0,92.5,94.55212860351426,95.0
93.0,92.5,94.55184758473652,95.0
94.0,92.5,94.55157106231295,95.0
95.0,92.5,94.55129891760426,95.0
96.0,92.5,94.55103103630799,95.0
97.0,92.5,94.55076730825668,95.0
98.0,92.5,94.55050762722762,95.0
99.0,92.5,94.55025189076295,95.0
100.0,92.5,94.55,95.0
101.0,92.5,94.54975185951051,95.0
102.0,92.5,94.54950737714884,95.0
103.0,92.5,94.54926646390821,95.0
104.0,92.5,94.54902903378454,95.0
105.0,92.5,94.54879500364743,95.0
106.0,92.5,94.54856429311786,95.0
107.0,92.5,94.54833682445228,95.0
108.0,92.5,94.54811252243248,95.0
109.0,92.5,94.54789131426107,95.0
110.0,92.5,94.54767312946228,95.0
111.0,92.5,94.54745789978763,95.0
112.0,92.5,94.54724555912615,95.0
113.0,92.5,94.54703604341918,95.0
114.0,92.5,94.54682929057908,95.0
115.0,92.5,94.54662524041201,95.0
116.0,92.5,94.54642383454426,95.0
117.0,92.5,94.54622501635211,95.0
118.0,92.5,94.54602873089492,95.0
119.0,92.5,94.5458349248514,95.0
120.0,92.5,94.54564354645876,95.0
121.0,92.5,94.54545454545455,95.0
122.0,92.5,94.54526787302126,95.0
123.0,92.5,94.54508348173337,95.0
124.0,92.5,94.54490132550669,95.0
125.0,92.5,94.54472135955,95.0
126.0,92.5,94.54454354031874,95.0
127.0,92.5,94.5443678254708,95.0
128.0,92.5,94.54419417382417,95.0
129.0,92.5,94.54402254531628,95.0
130.0,92.5,94.54385290096535,95.0
131.0,92.5,94.54368520283306,95.0
132.0,92.5,94.54351941398893,95.0
133.0,92.5,94.5433554984762,95.0
134.0,92.5,94.54319342127907,95.0
135.0,92.5,94.54303314829119,95.0
136.0,92.5,94.54287464628563,95.0
137.0,92.5,94.54271788288584,95.0
138.0,92.5,94.54256282653793,95.0
139.0,92.5,94.542409446484,95.0
140.0,92.5,94.54225771273643,95.0
141.0,92.5,94.54210759605333,95.0
142.0,92.5,94.54195906791483,95.0
143.0,92.5,94.54181210050035,95.0
144.0,92.5,94.54166666666666,95.0
145.0,92.5,94.54152273992688,95.0
146.0,92.5,94.54138029443013,95.0
147.0,92.5,94.54123930494212,95.0
148.0,92.5,94.54109974682635,95.0
149.0,92.5,94.54096159602595,95.0
150.0,92.5,94.54082482904639,95.0
151.0,92.5,94.54068942293856,95.0
152.0,92.5,94.54055535528269,95.0
153.0,92.5,94.54042260417273,95.0
154.0,92.5,94.54029114820128,95.0
155.0,92.5,94.54016096644513,95.0
156.0,92.5,94.54003203845127,95.0
157.0,92.5,94.53990434422339,95.0
158.0,92.5,94.53977786420879,95.0
159.0,92.5,94.5396525792859,95.0
160.0,92.5,94.5395284707521,95.0
161.0,92.5,94.53940552031194,95.0
162.0,92.5,94.53928371006592,95.0
163.0,92.5,94.5391630224994,95.0
164.0,92.5,94.53904344047216,95.0
165.0,92.5,94.53892494720807,95.0
166.0,92.5,94.53880752628531,95.0
167.0,92.5,94.5386911616267,95.0
168.0,92.5,94.53857583749053,95.0
169.0,92.5,94.53846153846153,95.0
170.0,92.5,94.53834824944236,95.0
171.0,92.5,94.53823595564509,95.0
172.0,92.5,94.53812464258314,95.0
173.0,92.5,94.5380142960635,95.0
174.0,92.5,94.53790490217895,95.0
175.0,92.5,94.53779644730092,95.0
176.0,92.5,94.53768891807222,95.0
177.0,92.5,94.53758230140014,95.0
178.0,92.5,94.53747658444979,95.0
179.0,92.5,94.53737175463759,95.0
180.0,92.5,94.537267799625,95.0
181.0,92.5,94.53716470731236,95.0
182.0,92.5,94.53706246583306,95.0
183.0,92.5,94.53696106354774,95.0
184.0,92.5,94.53686048903873,95.0
185.0,92.5,94.53676073110469,95.0
186.0,92.5,94.53666177875535,95.0
187.0,92.5,94.53656362120635,95.0
188.0,92.5,94.53646624787447,95.0
189.0,92.5,94.53636964837267,95.0
190.0,92.5,94.5362738125055,95.0
191.0,92.5,94.53617873026462,95.0
192.0,92.5,94.53608439182435,95.0
193.0,92.5,94.53599078753743,95.0
194.0,92.5,94.53589790793089,95.0
195.0,92.5,94.53580574370197,95.0
196.0,92.5,94.53571428571429,95.0
197.0,92.5,94.53562352499395,95.0
198.0,92.5,94.53553345272594,95.0
199.0,92.5,94.53544406025041,95.0
200.0,92.5,94.53535533905934,95.0
201.0,92.5,94.53526728079292,95.0
202.0,92.5,94.53517987723652,95.0
203.0,92.5,94.53509312031717,95.0
204.0,92.5,94.5350070021007,95.0
205.0,92.5,94.53492151478848,95.0
206.0,92.5,94.53483665071458,95.0
207.0,92.5,94.53475240234285,95.0
208.0,92.5,94.53466876226408,95.0
209.0,92.5,94.5345857231933,95.0
210.0,92.5,94.53450327796712,95.0
211.0,92.5,94.53442141954108,95.0
212.0,92.5,94.53434014098717,95.0
213.0,92.5,94.53425943549138,95.0
214.0,92.5,94.53417929635123,95.0
215.0,92.5,94.53409971697353,95.0
216.0,92.5,94.53402069087198,95.0
217.0,92.5,94.5339422116651,95.0
218.0,92.5,94.53386427307393,95.0
219.0,92.5,94.53378686891998,95.0
220.0,92.5,94.53370999312315,95.0
221.0,92.5,94.53363363969981,95.0
222.0,92.5,94.5335578027607,95.0
223.0,92.5,94.53348247650912,95.0
224.0,92.5,94.53340765523906,95.0
225.0,92.5,94.53333333333333,95.0
226.0,92.5,94.5332595052619,95.0
227.0,92.5,94.53318616558,95.0
228.0,92.5,94.53311330892663,95.0
229.0,92.5,94.53304093002275,95.0
230.0,92.5,94.53296902366978,95.0
231.0,92.5,94.53289758474799,95.0
232.0,92.5,94.53282660821493,95.0
233.0,92.5,94.53275608910403,95.0
234.0,92.5,94.53268602252304,95.0
235.0,92.5,94.53261640365267,95.0
236.0,92.5,94.5325472277452,95.0
237.0,92.5,94.53247849012308,95.0
238.0,92.5,94.5324101861776,95.0
239.0,92.5,94.53234231136766,95.0
240.0,92.5,94.5322748612184,95.0
241.0,92.5,94.53220783132005,95.0
242.0,92.5,94.53214121732665,95.0
243.0,92.5,94.53207501495498,95.0
244.0,92.5,94.53200921998322,95.0
245.0,92.5,94.53194382825,95.0
246.0,92.5,94.53187883565316,95.0
247.0,92.5,94.53181423814878,95.0
248.0,92.5,94.53175003175005,95.0
249.0,92.5,94.53168621252622,95.0
250.0,92.5,94.53162277660168,95.0
251.0,92.5,94.53155972015489,95.0
252.0,92.5,94.53149703941743,95.0
253.0,92.5,94.5314347306731,95.0
254.0,92.5,94.53137279025691,95.0
255.0,92.5,94.53131121455426,95.0
256.0,92.5,94.53125,95.0
257.0,92.5,94.53118914307758,95.0
258.0,92.5,94.53112864031823,95.0
259.0,92.5,94.53106848830006,95.0
260.0,92.5,94.5310086836473,95.0
261.0,92.5,94.53094922302951,95.0
262.0,92.5,94.53089010316076,95.0
263.0,92.5,94.53083132079891,95.0
264.0,92.5,94.53077287274483,95.0
265.0,92.5,94.5307147558417,95.0
266.0,92.5,94.53065696697425,95.0
267.0,92.5,94.5305995030681,95.0
268.0,92.5,94.53054236108908,95.0
269.0,92.5,94.53048553804248,95.0
270.0,92.5,94.5304290309725,95.0
271.0,92.5,94.53037283696155,95.0
272.0,92.5,94.53031695312954,95.0
273.0,92.5,94.53026137663343,95.0
274.0,92.5,94.53020610466652,95.0
275.0,92.5,94.53015113445778,95.0
276.0,92.5,94.53009646327145,95.0
277.0,92.5,94.5300420884063,95.0
278.0,92.5,94.5299880071952,95.0
279.0,92.5,94.52993421700447,95.0
280.0,92.5,94.52988071523336,95.0
281.0,92.5,94.5298274993136,95.0
282.0,92.5,94.52977456670877,95.0
283.0,92.5,94.52972191491389,95.0
284.0,92.5,94.52966954145485,95.0
285.0,92.5,94.52961744388796,95.0
286.0,92.5,94.52956561979946,95.0
287.0,92.5,94.52951406680504,95.0
288.0,92.5,94.52946278254944,95.0
289.0,92.5,94.52941176470588,95.0
290.0,92.5,94.52936101097573,95.0
291.0,92.5,94.52931051908803,95.0
292.0,92.5,94.52926028679903,95.0
293.0,92.5,94.52921031189184,95.0
294.0,92.5,94.529160592176,95.0
295.0,92.5,94.52911112548698,95.0
296.0,92.5,94.52906190968596,95.0
297.0,92.5,94.52901294265928,95.0
298.0,92.5,94.52896422231818,95.0
299.0,92.5,94.52891574659832,95.0
300.0,92.5,94.52886751345947,95.0
301.0,92.5,94.52881952088521,95.0
302.0,92.5,94.52877176688241,95.0
303.0,92.5,94.52872424948107,95.0
304.0,92.5,94.52867696673381,95.0
305.0,92.5,94.52862991671569,95.0
306.0,92.5,94.52858309752375,95.0
307.0,92.5,94.52853650727677,95.0
308.0,92.5,94.5284901441149,95.0
309.0,92.5,94.52844400619942,95.0
310.0,92.5,94.52839809171235,95.0
311.0,92.5,94.52835239885619,95.0
312.0,92.5,94.52830692585363,95.0
313.0,92.5,94.52826167094722,95.0
314.0,92.5,94.52821663239915,95.0
315.0,92.5,94.52817180849095,95.0
316.0,92.5,94.52812719752315,95.0
317.0,92.5,94.52808279781509,95.0
318.0,92.5,94.5280386077046,95.0
319.0,92.5,94.52799462554779,95.0
320.0,92.5,94.52795084971875,95.0
321.0,92.5,94.52790727860929,95.0
322.0,92.5,94.52786391062877,95.0
323.0,92.5,94.52782074420374,95.0
324.0,92.5,94.52777777777779,95.0
325.0,92.5,94.52773500981127,95.0
326.0,92.5,94.52769243878109,95.0
327.0,92.5,94.52765006318046,95.0
328.0,92.5,94.52760788151872,95.0
329.0,92.5,94.52756589232101,95.0
330.0,92.5,94.52752409412815,95.0
331.0,92.5,94.52748248549646,95.0
332.0,92.5,94.52744106499742,95.0
333.0,92.5,94.52739983121755,95.0
334.0,92.5,94.52735878275823,95.0
335.0,92.5,94.52731791823541,95.0
336.0,92.5,94.5272772362795,95.0
337.0,92.5,94.52723673553514,95.0
338.0,92.5,94.52719641466102,95.0
339.0,92.5,94.52715627232968,95.0
340.0,92.5,94.52711630722733,95.0
341.0,92.5,94.52707651805369,95.0
342.0,92.5,94.5270369035218,95.0
343.0,92.5,94.5269974623578,95.0
344.0,92.5,94.52695819330086,95.0
345.0,92.5,94.5269190951029,95.0
346.0,92.5,94.52688016652851,95.0
347.0,92.5,94.52684140635475,95.0
348.0,92.5,94.52680281337095,95.0
349.0,92.5,94.52676438637862,95.0
350.0,92.5,94.52672612419124,95.0
351.0,92.5,94.52668802563417,95.0
352.0,92.5,94.52665008954446,95.0
353.0,92.5,94.52661231477062,95.0
354.0,92.5,94.52657470017263,95.0
355.0,92.5,94.52653724462172,95.0
356.0,92.5,94.52649994700016,95.0
357.0,92.5,94.52646280620124,95.0
358.0,92.5,94.52642582112908,95.0
359.0,92.5,94.52638899069846,95.0
360.0,92.5,94.52635231383474,95.0
361.0,92.5,94.52631578947368,95.0
362.0,92.5,94.52627941656138,95.0
363.0,92.5,94.52624319405408,95.0
364.0,92.5,94.52620712091804,95.0
365.0,92.5,94.52617119612951,95.0
366.0,92.5,94.52613541867447,95.0
367.0,92.5,94.52609978754859,95.0
368.0,92.5,94.52606430175713,95.0
369.0,92.5,94.52602896031476,95.0
370.0,92.5,94.5259937622455,95.0
371.0,92.5,94.52595870658256,95.0
372.0,92.5,94.52592379236826,95.0
373.0,92.5,94.52588901865393,95.0
374.0,92.5,94.52585438449975,95.0
375.0,92.5,94.52581988897472,95.0
376.0,92.5,94.52578553115647,95.0
377.0,92.5,94.52575131013123,95.0
378.0,92.5,94.52571722499368,95.0
379.0,92.5,94.52568327484688,95.0
380.0,92.5,94.52564945880212,95.0
381.0,92.5,94.52561577597893,95.0
382.0,92.5,94.52558222550483,95.0
383.0,92.5,94.52554880651539,95.0
384.0,92.5,94.525515518154,95.0
385.0,92.5,94.52548235957188,95.0
386.0,92.5,94.52544932992797,95.0
387.0,92.5,94.52541642838877,95.0
388.0,92.5,94.52538365412833,95.0
389.0,92.5,94.52535100632818,95.0
390.0,92.5,94.52531848417709,95.0
391.0,92.5,94.5252860868712,95.0
392.0,92.5,94.5252538136138,95.0
393.0,92.5,94.52522166361527,95.0
394.0,92.5,94.525189636093,95.0
395.0,92.5,94.52515773027133,95.0
396.0,92.5,94.52512594538148,95.0
397.0,92.5,94.52509428066142,95.0
398.0,92.5,94.52506273535586,95.0
399.0,92.5,94.52503130871608,95.0
400.0,92.5,94.525,95.0
401.0,92.5,94.52496880847194,95.0
402.0,92.5,94.5249377334027,95.0
403.0,92.5,94.52490677406934,95.0
404.0,92.5,94.52487592975525,95.0
405.0,92.5,94.52484519974999,95.0
406.0,92.5,94.52481458334928,95.0
407.0,92.5,94.52478407985483,95.0
408.0,92.5,94.52475368857442,95.0
409.0,92.5,94.5247234088217,95.0
410.0,92.5,94.52469323991623,95.0
411.0,92.5,94.52466318118334,95.0
412.0,92.5,94.52463323195411,95.0
413.0,92.5,94.52460339156525,95.0
414.0,92.5,94.52457365935916,95.0
415.0,92.5,94.52454403468369,95.0
416.0,92.5,94.52451451689227,95.0
417.0,92.5,94.52448510534371,95.0
418.0,92.5,94.52445579940222,95.0
419.0,92.5,94.5244265984373,95.0
420.0,92.5,94.52439750182371,95.0
421.0,92.5,94.52436850894142,95.0
422.0,92.5,94.52433961917556,95.0
423.0,92.5,94.52431083191632,95.0
424.0,92.5,94.52428214655893,95.0
425.0,92.5,94.52425356250363,95.0
426.0,92.5,94.52422507915557,95.0
427.0,92.5,94.5241966959248,95.0
428.0,92.5,94.52416841222615,95.0
429.0,92.5,94.52414022747926,95.0
430.0,92.5,94.52411214110853,95.0
431.0,92.5,94.52408415254294,95.0
432.0,92.5,94.52405626121623,95.0
433.0,92.5,94.5240284665666,95.0
434.0,92.5,94.52400076803687,95.0
435.0,92.5,94.52397316507427,95.0
436.0,92.5,94.52394565713053,95.0
437.0,92.5,94.52391824366175,95.0
438.0,92.5,94.52389092412838,95.0
439.0,92.5,94.52386369799517,95.0
440.0,92.5,94.52383656473114,95.0
441.0,92.5,94.52380952380952,95.0
442.0,92.5,94.52378257470772,95.0
443.0,92.5,94.52375571690729,95.0
444.0,92.5,94.52372894989381,95.0
445.0,92.5,94.523702273157,95.0
446.0,92.5,94.52367568619051,95.0
447.0,92.5,94.52364918849203,95.0
448.0,92.5,94.52362277956307,95.0
449.0,92.5,94.52359645890915,95.0
450.0,92.5,94.52357022603955,95.0
451.0,92.5,94.5235440804674,95.0
452.0,92.5,94.52351802170959,95.0
453.0,92.5,94.52349204928674,95.0
454.0,92.5,94.5234661627232,95.0
455.0,92.5,94.52344036154692,95.0
456.0,92.5,94.52341464528953,95.0
457.0,92.5,94.52338901348625,95.0
458.0,92.5,94.5233634656758,95.0
459.0,92.5,94.52333800140046,95.0
460.0,92.5,94.523312620206,95.0
461.0,92.5,94.52328732164162,95.0
462.0,92.5,94.52326210525996,95.0
463.0,92.5,94.523236970617,95.0
464.0,92.5,94.52321191727214,95.0
465.0,92.5,94.52318694478801,95.0
466.0,92.5,94.52316205273061,95.0
467.0,92.5,94.52313724066913,95.0
468.0,92.5,94.52311250817606,95.0
469.0,92.5,94.52308785482698,95.0
470.0,92.5,94.52306328020072,95.0
471.0,92.5,94.5230387838792,95.0
472.0,92.5,94.52301436544745,95.0
473.0,92.5,94.52299002449358,95.0
474.0,92.5,94.52296576060874,95.0
475.0,92.5,94.52294157338706,95.0
476.0,92.5,94.52291746242571,95.0
477.0,92.5,94.52289342732479,95.0
478.0,92.5,94.52286946768731,95.0
479.0,92.5,94.52284558311925,95.0
480.0,92.5,94.52282177322938,95.0
481.0,92.5,94.52279803762937,95.0
482.0,92.5,94.52277437593372,95.0
483.0,92.5,94.52275078775966,95.0
484.0,92.5,94.52272727272728,95.0
485.0,92.5,94.52270383045932,95.0
486.0,92.5,94.52268046058131,95.0
487.0,92.5,94.52265716272147,95.0
488.0,92.5,94.52263393651063,95.0
489.0,92.5,94.5226107815823,95.0
490.0,92.5,94.52258769757263,95.0
491.0,92.5,94.52256468412033,95.0
492.0,92.5,94.52254174086669,95.0
493.0,92.5,94.52251886745555,95.0
494.0,92.5,94.5224960635333,95.0
495.0,92.5,94.52247332874877,95.0
496.0,92.5,94.52245066275334,95.0
497.0,92.5,94.52242806520081,95.0
498.0,92.5,94.52240553574741,95.0
499.0,92.5,94.5223830740518,95.0
500.0,92.5,94.522360679775,95.0
501.0,92.5,94.52233835258043,95.0
502.0,92.5,94.52231609213388,95.0
503.0,92.5,94.52229389810338,95.0
504.0,92.5,94.52227177015936,95.0
505.0,92.5,94.5222497079745,95.0
506.0,92.5,94.52222771122372,95.0
507.0,92.5,94.52220577958421,95.0
508.0,92.5,94.52218391273541,95.0
509.0,92.5,94.52216211035889,95.0
510.0,92.5,94.52214037213851,95.0
511.0,92.5,94.52211869776019,95.0
512.0,92.5,94.52209708691207,95.0
513.0,92.5,94.52207553928443,95.0
514.0,92.5,94.52205405456957,95.0
515.0,92.5,94.52203263246196,95.0
516.0,92.5,94.52201127265815,95.0
517.0,92.5,94.52198997485668,95.0
518.0,92.5,94.52196873875819,95.0
519.0,92.5,94.5219475640653,95.0
520.0,92.5,94.52192645048267,95.0
521.0,92.5,94.5219053977169,95.0
522.0,92.5,94.52188440547661,95.0
523.0,92.5,94.52186347347234,95.0
524.0,92.5,94.52184260141652,95.0
525.0,92.5,94.5218217890236,95.0
526.0,92.5,94.52180103600985,95.0
527.0,92.5,94.52178034209345,95.0
528.0,92.5,94.52175970699446,95.0
529.0,92.5,94.52173913043478,95.0
530.0,92.5,94.52171861213814,95.0
531.0,92.5,94.52169815183014,95.0
532.0,92.5,94.5216777492381,95.0
533.0,92.5,94.5216574040912,95.0
534.0,92.5,94.52163711612039,95.0
535.0,92.5,94.52161688505836,95.0
536.0,92.5,94.52159671063953,95.0
537.0,92.5,94.5215765926001,95.0
538.0,92.5,94.52155653067796,95.0
539.0,92.5,94.5215365246127,95.0
540.0,92.5,94.5215165741456,95.0
541.0,92.5,94.52149667901962,95.0
542.0,92.5,94.52147683897938,95.0
543.0,92.5,94.52145705377114,95.0
544.0,92.5,94.5214373231428,95.0
545.0,92.5,94.5214176468439,95.0
546.0,92.5,94.52139802462554,95.0
547.0,92.5,94.52137845624046,95.0
548.0,92.5,94.52135894144291,95.0
549.0,92.5,94.52133947998882,95.0
550.0,92.5,94.52132007163557,95.0
551.0,92.5,94.52130071614212,95.0
552.0,92.5,94.52128141326897,95.0
553.0,92.5,94.52126216277813,95.0
554.0,92.5,94.5212429644331,95.0
555.0,92.5,94.5212238179989,95.0
556.0,92.5,94.521204723242,95.0
557.0,92.5,94.52118567993035,95.0
558.0,92.5,94.52116668783336,95.0
559.0,92.5,94.52114774672188,95.0
560.0,92.5,94.52112885636822,95.0
561.0,92.5,94.52111001654603,95.0
562.0,92.5,94.52109122703048,95.0
563.0,92.5,94.52107248759805,95.0
564.0,92.5,94.52105379802666,95.0
565.0,92.5,94.52103515809559,95.0
566.0,92.5,94.52101656758546,95.0
567.0,92.5,94.52099802627829,95.0
568.0,92.5,94.52097953395742,95.0
569.0,92.5,94.52096109040751,95.0
570.0,92.5,94.52094269541458,95.0
571.0,92.5,94.52092434876593,95.0
572.0,92.5,94.52090605025018,95.0
573.0,92.5,94.52088779965722,95.0
574.0,92.5,94.52086959677824,95.0
575.0,92.5,94.52085144140571,95.0
576.0,92.5,94.52083333333334,95.0
577.0,92.5,94.52081527235609,95.0
578.0,92.5,94.52079725827019,95.0
579.0,92.5,94.5207792908731,95.0
580.0,92.5,94.52076136996342,95.0
581.0,92.5,94.52074349534112,95.0
582.0,92.5,94.52072566680724,95.0
583.0,92.5,94.52070788416407,95.0
584.0,92.5,94.52069014721505,95.0
585.0,92.5,94.52067245576487,95.0
586.0,92.5,94.5206548096193,95.0
587.0,92.5,94.52063720858533,95.0
588.0,92.5,94.52061965247105,95.0
589.0,92.5,94.52060214108576,95.0
590.0,92.5,94.52058467423981,95.0
591.0,92.5,94.52056725174475,95.0
592.0,92.5,94.52054987341316,95.0
593.0,92.5,94.52053253905883,95.0
594.0,92.5,94.52051524849655,95.0
595.0,92.5,94.52049800154228,95.0
596.0,92.5,94.52048079801298,95.0
597.0,92.5,94.52046363772675,95.0
598.0,92.5,94.52044652050274,95.0
599.0,92.5,94.52042944616115,95.0
600.0,92.5,94.5204124145232,95.0
601.0,92.5,94.5203954254112,95.0
602.0,92.5,94.52037847864848,95.0
603.0,92.5,94.52036157405938,95.0
604.0,92.5,94.52034471146928,95.0
605.0,92.5,94.52032789070454,95.0
606.0,92.5,94.52031111159256,95.0
607.0,92.5,94.5202943739617,95.0
608.0,92.5,94.52027767764135,95.0
609.0,92.5,94.52026102246182,95.0
610.0,92.5,94.52024440825447,95.0
611.0,92.5,94.52022783485157,95.0
612.0,92.5,94.52021130208637,95.0
613.0,92.5,94.52019480979305,95.0
614.0,92.5,94.52017835780677,95.0
615.0,92.5,94.52016194596364,95.0
616.0,92.5,94.52014557410064,95.0
617.0,92.5,94.52012924205572,95.0
618.0,92.5,94.52011294966772,95.0
619.0,92.5,94.52009669677645,95.0
620.0,92.5,94.52008048322256,95.0
621.0,92.5,94.52006430884762,95.0
622.0,92.5,94.52004817349412,95.0
623.0,92.5,94.52003207700537,95.0
624.0,92.5,94.52001601922564,95.0
625.0,92.5,94.52000000000001,95.0
626.0,92.5,94.51998401917443,95.0
627.0,92.5,94.51996807659577,95.0
628.0,92.5,94.51995217211169,95.0
629.0,92.5,94.51993630557072,95.0
630.0,92.5,94.51992047682225,95.0
631.0,92.5,94.51990468571645,95.0
632.0,92.5,94.5198889321044,95.0
633.0,92.5,94.51987321583792,95.0
634.0,92.5,94.51985753676973,95.0
635.0,92.5,94.51984189475331,95.0
636.0,92.5,94.51982628964295,95.0
637.0,92.5,94.51981072129375,95.0
638.0,92.5,94.51979518956162,95.0
639.0,92.5,94.51977969430322,95.0
640.0,92.5,94.51976423537606,95.0
641.0,92.5,94.51974881263834,95.0
642.0,92.5,94.5197334259491,95.0
643.0,92.5,94.51971807516813,95.0
644.0,92.5,94.51970276015598,95.0
645.0,92.5,94.51968748077395,95.0
646.0,92.5,94.51967223688412,95.0
647.0,92.5,94.51965702834927,95.0
648.0,92.5,94.51964185503296,95.0
649.0,92.5,94.51962671679948,95.0
650.0,92.5,94.51961161351382,95.0
651.0,92.5,94.51959654504174,95.0
652.0,92.5,94.5195815112497,95.0
653.0,92.5,94.51956651200487,95.0
654.0,92.5,94.51955154717514,95.0
655.0,92.5,94.51953661662911,95.0
656.0,92.5,94.51952172023607,95.0
657.0,92.5,94.51950685786602,95.0
658.0,92.5,94.51949202938962,95.0
659.0,92.5,94.51947723467829,95.0
660.0,92.5,94.51946247360404,95.0
661.0,92.5,94.51944774603962,95.0
662.0,92.5,94.51943305185841,95.0
663.0,92.5,94.51941839093452,95.0
664.0,92.5,94.51940376314266,95.0
665.0,92.5,94.51938916835823,95.0
666.0,92.5,94.5193746064573,95.0
667.0,92.5,94.51936007731656,95.0
668.0,92.5,94.51934558081335,95.0
669.0,92.5,94.51933111682567,95.0
670.0,92.5,94.51931668523216,95.0
671.0,92.5,94.51930228591206,95.0
672.0,92.5,94.51928791874526,95.0
673.0,92.5,94.51927358361229,95.0
674.0,92.5,94.51925928039428,95.0
675.0,92.5,94.51924500897299,95.0
676.0,92.5,94.51923076923076,95.0
677.0,92.5,94.5192165610506,95.0
678.0,92.5,94.51920238431606,95.0
679.0,92.5,94.51918823891133,95.0
680.0,92.5,94.51917412472119,95.0
681.0,92.5,94.51916004163098,95.0
682.0,92.5,94.51914598952669,95.0
683.0,92.5,94.51913196829483,95.0
684.0,92.5,94.51911797782255,95.0
685.0,92.5,94.51910401799753,95.0
686.0,92.5,94.51909008870803,95.0
687.0,92.5,94.51907618984292,95.0
688.0,92.5,94.51906232129157,95.0
689.0,92.5,94.51904848294399,95.0
690.0,92.5,94.51903467469067,95.0
691.0,92.5,94.51902089642272,95.0
692.0,92.5,94.51900714803175,95.0
693.0,92.5,94.51899342940995,95.0
694.0,92.5,94.51897974045002,95.0
695.0,92.5,94.51896608104528,95.0
696.0,92.5,94.51895245108946,95.0
697.0,92.5,94.51893885047696,95.0
698.0,92.5,94.5189252791026,95.0
699.0,92.5,94.51891173686181,95.0
700.0,92.5,94.51889822365047,95.0
701.0,92.5,94.518884739365,95.0
702.0,92.5,94.51887128390241,95.0
703.0,92.5,94.51885785716011,95.0
704.0,92.5,94.5188444590361,95.0
705.0,92.5,94.51883108942886,95.0
706.0,92.5,94.51881774823737,95.0
707.0,92.5,94.5188044353611,95.0
708.0,92.5,94.51879115070008,95.0
709.0,92.5,94.51877789415472,95.0
710.0,92.5,94.51876466562602,95.0
711.0,92.5,94.51875146501543,95.0
712.0,92.5,94.5187382922249,95.0
713.0,92.5,94.51872514715683,95.0
714.0,92.5,94.51871202971412,95.0
715.0,92.5,94.51869893980017,95.0
716.0,92.5,94.5186858773188,95.0
717.0,92.5,94.51867284217433,95.0
718.0,92.5,94.51865983427156,95.0
719.0,92.5,94.5186468535157,95.0
720.0,92.5,94.5186338998125,95.0
721.0,92.5,94.5186209730681,95.0
722.0,92.5,94.51860807318913,95.0
723.0,92.5,94.51859520008264,95.0
724.0,92.5,94.51858235365617,95.0
725.0,92.5,94.51856953381771,95.0
726.0,92.5,94.51855674047563,95.0
727.0,92.5,94.51854397353881,95.0
728.0,92.5,94.51853123291653,95.0
729.0,92.5,94.51851851851852,95.0
730.0,92.5,94.51850583025494,95.0
731.0,92.5,94.51849316803639,95.0
732.0,92.5,94.51848053177386,95.0
733.0,92.5,94.51846792137883,95.0
734.0,92.5,94.51845533676314,95.0
735.0,92.5,94.51844277783908,95.0
736.0,92.5,94.51843024451937,95.0
737.0,92.5,94.5184177367171,95.0
738.0,92.5,94.51840525434581,95.0
739.0,92.5,94.51839279731944,95.0
740.0,92.5,94.51838036555235,95.0
741.0,92.5,94.51836795895926,95.0
742.0,92.5,94.51835557745537,95.0
743.0,92.5,94.51834322095617,95.0
744.0,92.5,94.51833088937767,95.0
745.0,92.5,94.51831858263618,95.0
746.0,92.5,94.51830630064845,95.0
747.0,92.5,94.51829404333162,95.0
748.0,92.5,94.51828181060317,95.0
749.0,92.5,94.51826960238104,95.0
750.0,92.5,94.5182574185835,95.0
751.0,92.5,94.51824525912922,95.0
752.0,92.5,94.51823312393724,95.0
753.0,92.5,94.51822101292699,95.0
754.0,92.5,94.51820892601822,95.0
755.0,92.5,94.51819686313118,95.0
756.0,92.5,94.51818482418633,95.0
757.0,92.5,94.51817280910463,95.0
758.0,92.5,94.5181608178073,95.0
759.0,92.5,94.51814885021602,95.0
760.0,92.5,94.51813690625275,95.0
761.0,92.5,94.51812498583986,95.0
762.0,92.5,94.51811308890005,95.0
763.0,92.5,94.5181012153564,95.0
764.0,92.5,94.51808936513231,95.0
765.0,92.5,94.51807753815156,95.0
766.0,92.5,94.51806573433825,95.0
767.0,92.5,94.51805395361684,95.0
768.0,92.5,94.51804219591217,95.0
769.0,92.5,94.51803046114937,95.0
770.0,92.5,94.51801874925391,95.0
771.0,92.5,94.51800706015163,95.0
772.0,92.5,94.51799539376871,95.0
773.0,92.5,94.51798375003163,95.0
774.0,92.5,94.51797212886724,95.0
775.0,92.5,94.51796053020267,95.0
776.0,92.5,94.51794895396544,95.0
777.0,92.5,94.51793740008335,95.0
778.0,92.5,94.51792586848455,95.0
779.0,92.5,94.51791435909749,95.0
780.0,92.5,94.51790287185098,95.0
781.0,92.5,94.51789140667411,95.0
782.0,92.5,94.51787996349631,95.0
783.0,92.5,94.5178685422473,95.0
784.0,92.5,94.51785714285714,95.0
785.0,92.5,94.51784576525621,95.0
786.0,92.5,94.51783440937515,95.0
787.0,92.5,94.51782307514499,95.0
788.0,92.5,94.51781176249698,95.0
789.0,92.5,94.51780047136273,95.0
790.0,92.5,94.51778920167412,95.0
791.0,92.5,94.51777795336336,95.0
792.0,92.5,94.51776672636296,95.0
793.0,92.5,94.51775552060572,95.0
794.0,92.5,94.51774433602469,95.0
795.0,92.5,94.5177331725533,95.0
796.0,92.5,94.51772203012521,95.0
797.0,92.5,94.51771090867439,95.0
798.0,92.5,94.51769980813512,95.0
799.0,92.5,94.51768872844193,95.0
800.0,92.5,94.51767766952966,95.0
801.0,92.5,94.51766663133344,95.0
802.0,92.5,94.51765561378866,95.0
803.0,92.5,94.517644616831,95.0
804.0,92.5,94.51763364039645,95.0
805.0,92.5,94.51762268442126,95.0
806.0,92.5,94.51761174884192,95.0
807.0,92.5,94.51760083359522,95.0
808.0,92.5,94.51758993861826,95.0
809.0,92.5,94.51757906384837,95.0
810.0,92.5,94.51756820922316,95.0
811.0,92.5,94.51755737468052,95.0
812.0,92.5,94.51754656015859,95.0
813.0,92.5,94.5175357655958,95.0
814.0,92.5,94.51752499093081,95.0
815.0,92.5,94.5175142361026,95.0
816.0,92.5,94.51750350105036,95.0
817.0,92.5,94.51749278571353,95.0
818.0,92.5,94.51748209003188,95.0
819.0,92.5,94.51747141394536,95.0
820.0,92.5,94.51746075739425,95.0
821.0,92.5,94.517450120319,95.0
822.0,92.5,94.51743950266038,95.0
823.0,92.5,94.51742890435939,95.0
824.0,92.5,94.51741832535728,95.0
825.0,92.5,94.51740776559556,95.0
826.0,92.5,94.51739722501597,95.0
827.0,92.5,94.51738670356052,95.0
828.0,92.5,94.51737620117142,95.0
829.0,92.5,94.51736571779118,95.0
830.0,92.5,94.51735525336252,95.0
831.0,92.5,94.5173448078284,95.0
832.0,92.5,94.51733438113203,95.0
833.0,92.5,94.51732397321688,95.0
834.0,92.5,94.51731358402661,95.0
835.0,92.5,94.51730321350514,95.0
836.0,92.5,94.51729286159664,95.0
837.0,92.5,94.5172825282455,95.0
838.0,92.5,94.51727221339634,95.0
839.0,92.5,94.51726191699399,95.0
840.0,92.5,94.51725163898355,95.0
841.0,92.5,94.51724137931035,95.0
842.0,92.5,94.51723113791988,95.0
843.0,92.5,94.51722091475796,95.0
844.0,92.5,94.51721070977054,95.0
845.0,92.5,94.51720052290383,95.0
846.0,92.5,94.51719035410432,95.0
847.0,92.5,94.51718020331859,95.0
848.0,92.5,94.51717007049358,95.0
849.0,92.5,94.51715995557636,95.0
850.0,92.5,94.51714985851424,95.0
851.0,92.5,94.51713977925478,95.0
852.0,92.5,94.51712971774569,95.0
853.0,92.5,94.51711967393494,95.0
854.0,92.5,94.51710964777074,95.0
855.0,92.5,94.51709963920142,95.0
856.0,92.5,94.51708964817561,95.0
857.0,92.5,94.51707967464213,95.0
858.0,92.5,94.51706971854998,95.0
859.0,92.5,94.51705977984838,95.0
860.0,92.5,94.51704985848676,95.0
861.0,92.5,94.51703995441478,95.0
862.0,92.5,94.51703006758225,95.0
863.0,92.5,94.51702019793925,95.0
864.0,92.5,94.51701034543599,95.0
865.0,92.5,94.51700051002294,95.0
866.0,92.5,94.51699069165076,95.0
867.0,92.5,94.51698089027028,95.0
868.0,92.5,94.51697110583255,95.0
869.0,92.5,94.51696133828882,95.0
870.0,92.5,94.51695158759051,95.0
871.0,92.5,94.51694185368929,95.0
872.0,92.5,94.51693213653697,95.0
873.0,92.5,94.51692243608557,95.0
874.0,92.5,94.5169127522873,95.0
875.0,92.5,94.51690308509457,95.0
876.0,92.5,94.51689343445999,95.0
877.0,92.5,94.51688380033633,95.0
878.0,92.5,94.51687418267656,95.0
879.0,92.5,94.51686458143386,95.0
880.0,92.5,94.51685499656159,95.0
881.0,92.5,94.51684542801323,95.0
882.0,92.5,94.51683587574254,95.0
883.0,92.5,94.5168263397034,95.0
884.0,92.5,94.51681681984991,95.0
885.0,92.5,94.51680731613632,95.0
886.0,92.5,94.51679782851708,95.0
887.0,92.5,94.51678835694682,95.0
888.0,92.5,94.51677890138035,95.0
889.0,92.5,94.51676946177264,95.0
890.0,92.5,94.51676003807884,95.0
891.0,92.5,94.51675063025432,95.0
892.0,92.5,94.51674123825457,95.0
893.0,92.5,94.51673186203524,95.0
894.0,92.5,94.51672250155227,95.0
895.0,92.5,94.51671315676163,95.0
896.0,92.5,94.51670382761952,95.0
897.0,92.5,94.51669451408236,95.0
898.0,92.5,94.51668521610665,95.0
899.0,92.5,94.51667593364913,95.0
900.0,92.5,94.51666666666668,95.0
901.0,92.5,94.51665741511633,95.0
902.0,92.5,94.51664817895531,95.0
903.0,92.5,94.51663895814099,95.0
904.0,92.5,94.51662975263095,95.0
905.0,92.5,94.51662056238287,95.0
906.0,92.5,94.51661138735463,95.0
907.0,92.5,94.51660222750426,95.0
908.0,92.5,94.51659308279,95.0
909.0,92.5,94.51658395317017,95.0
910.0,92.5,94.51657483860329,95.0
911.0,92.5,94.51656573904806,95.0
912.0,92.5,94.51655665446332,95.0
913.0,92.5,94.51654758480804,95.0
914.0,92.5,94.51653853004139,95.0
915.0,92.5,94.51652949012268,95.0
916.0,92.5,94.51652046501138,95.0
917.0,92.5,94.5165114546671,95.0
918.0,92.5,94.51650245904962,95.0
919.0,92.5,94.51649347811886,95.0
920.0,92.5,94.51648451183489,95.0
921.0,92.5,94.51647556015797,95.0
922.0,92.5,94.51646662304847,95.0
923.0,92.5,94.51645770046692,95.0
924.0,92.5,94.51644879237399,95.0
925.0,92.5,94.51643989873054,95.0
926.0,92.5,94.51643101949752,95.0
927.0,92.5,94.51642215463607,95.0
928.0,92.5,94.51641330410747,95.0
929.0,92.5,94.51640446787312,95.0
930.0,92.5,94.5163956458946,95.0
931.0,92.5,94.51638683813361,95.0
932.0,92.5,94.51637804455201,95.0
933.0,92.5,94.51636926511179,95.0
934.0,92.5,94.51636049977509,95.0
935.0,92.5,94.51635174850419,95.0
936.0,92.5,94.51634301126151,95.0
937.0,92.5,94.51633428800963,95.0
938.0,92.5,94.51632557871122,95.0
939.0,92.5,94.51631688332913,95.0
940.0,92.5,94.51630820182633,95.0
941.0,92.5,94.51629953416598,95.0
942.0,92.5,94.51629088031127,95.0
943.0,92.5,94.51628224022565,95.0
944.0,92.5,94.5162736138726,95.0
945.0,92.5,94.51626500121581,95.0
946.0,92.5,94.51625640221906,95.0
947.0,92.5,94.51624781684629,95.0
948.0,92.5,94.51623924506154,95.0
949.0,92.5,94.51623068682903,95.0
950.0,92.5,94.51622214211308,95.0
951.0,92.5,94.51621361087814,95.0
952.0,92.5,94.51620509308881,95.0
953.0,92.5,94.51619658870979,95.0
954.0,92.5,94.51618809770596,95.0
955.0,92.5,94.51617962004227,95.0
956.0,92.5,94.51617115568384,95.0
957.0,92.5,94.51616270459587,95.0
958.0,92.5,94.51615426674378,95.0
959.0,92.5,94.51614584209301,95.0
960.0,92.5,94.5161374306092,95.0
961.0,92.5,94.51612903225806,95.0
962.0,92.5,94.51612064700548,95.0
963.0,92.5,94.51611227481743,95.0
964.0,92.5,94.51610391566001,95.0
965.0,92.5,94.51609556949948,95.0
966.0,92.5,94.51608723630218,95.0
967.0,92.5,94.51607891603462,95.0
968.0,92.5,94.51607060866334,95.0
969.0,92.5,94.51606231415508,95.0
970.0,92.5,94.5160540324767,95.0
971.0,92.5,94.51604576359514,95.0
972.0,92.5,94.51603750747749,95.0
973.0,92.5,94.51602926409093,95.0
974.0,92.5,94.51602103340281,95.0
975.0,92.5,94.5160128153805,95.0
976.0,92.5,94.51600460999161,95.0
977.0,92.5,94.51599641720377,95.0
978.0,92.5,94.51598823698478,95.0
979.0,92.5,94.51598006930251,95.0
980.0,92.5,94.515971914125,95.0
981.0,92.5,94.51596377142036,95.0
982.0,92.5,94.51595564115681,95.0
983.0,92.5,94.51594752330274,95.0
984.0,92.5,94.51593941782657,95.0
985.0,92.5,94.51593132469694,95.0
986.0,92.5,94.51592324388245,95.0
987.0,92.5,94.51591517535198,95.0
988.0,92.5,94.5159071190744,95.0
989.0,92.5,94.51589907501872,95.0
990.0,92.5,94.51589104315408,95.0
991.0,92.5,94.51588302344975,95.0
992.0,92.5,94.51587501587503,95.0
993.0,92.5,94.51586702039938,95.0
994.0,92.5,94.5158590369924,95.0
995.0,92.5,94.5158510656237,95.0
996.0,92.5,94.51584310626312,95.0
997.0,92.5,94.51583515888049,95.0
998.0,92.5,94.51582722344583,95.0
999.0,92.5,94.5158192999292,95.0
1000.0,92.5,94.51581138830083,95.0
1001.0,92.5,94.51580348853102,95.0
1002.0,92.5,94.51579560059017,95.0
1003.0,92.5,94.51578772444876,95.0
1004.0,92.5,94.51577986007744,95.0
1005.0,92.5,94.51577200744691,95.0
1006.0,92.5,94.51576416652799,95.0
1007.0,92.5,94.51575633729158,95.0
1008.0,92.5,94.51574851970872,95.0
1009.0,92.5,94.51574071375052,95.0
1010.0,92.5,94.51573291938818,95.0
1011.0,92.5,94.51572513659306,95.0
1012.0,92.5,94.51571736533654,95.0
1013.0,92.5,94.51570960559016,95.0
1014.0,92.5,94.51570185732552,95.0
1015.0,92.5,94.51569412051435,95.0
1016.0,92.5,94.51568639512845,95.0
1017.0,92.5,94.51567868113973,95.0
1018.0,92.5,94.51567097852018,95.0
1019.0,92.5,94.5156632872419,95.0
1020.0,92.5,94.51565560727713,95.0
1021.0,92.5,94.51564793859811,95.0
1022.0,92.5,94.51564028117726,95.0
1023.0,92.5,94.51563263498701,95.0
1024.0,92.5,94.515625,95.0
1025.0,92.5,94.51561737618886,95.0
1026.0,92.5,94.51560976352637,95.0
1027.0,92.5,94.51560216198536,95.0
1028.0,92.5,94.5155945715388,95.0
1029.0,92.5,94.51558699215971,95.0
1030.0,92.5,94.51557942382125,95.0
1031.0,92.5,94.51557186649661,95.0
1032.0,92.5,94.51556432015911,95.0
1033.0,92.5,94.51555678478218,95.0
1034.0,92.5,94.51554926033927,95.0
1035.0,92.5,94.515541746804,95.0
1036.0,92.5,94.51553424415003,95.0
1037.0,92.5,94.51552675235112,95.0
1038.0,92.5,94.51551927138111,95.0
1039.0,92.5,94.51551180121393,95.0
1040.0,92.5,94.51550434182366,95.0
1041.0,92.5,94.51549689318435,95.0
1042.0,92.5,94.51548945527023,95.0
1043.0,92.5,94.51548202805557,95.0
1044.0,92.5,94.51547461151475,95.0
1045.0,92.5,94.51546720562224,95.0
1046.0,92.5,94.51545981035258,95.0
1047.0,92.5,94.51545242568038,95.0
1048.0,92.5,94.51544505158037,95.0
1049.0,92.5,94.51543768802736,95.0
1050.0,92.5,94.51543033499621,95.0
1051.0,92.5,94.5154229924619,95.0
1052.0,92.5,94.51541566039946,95.0
1053.0,92.5,94.51540833878404,95.0
1054.0,92.5,94.51540102759084,95.0
1055.0,92.5,94.51539372679517,95.0
1056.0,92.5,94.51538643637242,95.0
1057.0,92.5,94.51537915629802,95.0
1058.0,92.5,94.51537188654753,95.0
1059.0,92.5,94.51536462709657,95.0
1060.0,92.5,94.51535737792085,95.0
1061.0,92.5,94.51535013899613,95.0
1062.0,92.5,94.5153429102983,95.0
1063.0,92.5,94.5153356918033,95.0
1064.0,92.5,94.51532848348712,95.0
1065.0,92.5,94.5153212853259,95.0
1066.0,92.5,94.51531409729579,95.0
1067.0,92.5,94.51530691937306,95.0
1068.0,92.5,94.51529975153406,95.0
1069.0,92.5,94.51529259375516,95.0
1070.0,92.5,94.5152854460129,95.0
1071.0,92.5,94.5152783082838,95.0
1072.0,92.5,94.51527118054454,95.0
1073.0,92.5,94.51526406277182,95.0
1074.0,92.5,94.51525695494243,95.0
1075.0,92.5,94.51524985703325,95.0
1076.0,92.5,94.51524276902124,95.0
1077.0,92.5,94.5152356908834,95.0
1078.0,92.5,94.51522862259682,95.0
1079.0,92.5,94.5152215641387,95.0
1080.0,92.5,94.51521451548625,95.0
1081.0,92.5,94.51520747661681,95.0
1082.0,92.5,94.51520044750777,95.0
1083.0,92.5,94.51519342813657,95.0
1084.0,92.5,94.51518641848077,95.0
1085.0,92.5,94.51517941851797,95.0
1086.0,92.5,94.51517242822585,95.0
1087.0,92.5,94.51516544758218,95.0
1088.0,92.5,94.51515847656478,95.0
1089.0,92.5,94.51515151515152,95.0
1090.0,92.5,94.51514456332038,95.0
1091.0,92.5,94.51513762104942,95.0
1092.0,92.5,94.51513068831672,95.0
1093.0,92.5,94.51512376510047,95.0
1094.0,92.5,94.51511685137892,95.0
1095.0,92.5,94.51510994713038,95.0
1096.0,92.5,94.51510305233326,95.0
1097.0,92.5,94.51509616696599,95.0
1098.0,92.5,94.51508929100709,95.0
1099.0,92.5,94.51508242443518,95.0
1100.0,92.5,94.51507556722888,95.0
1101.0,92.5,94.51506871936697,95.0
1102.0,92.5,94.51506188082821,95.0
1103.0,92.5,94.51505505159149,95.0
1104.0,92.5,94.51504823163573,95.0
1105.0,92.5,94.51504142093991,95.0
1106.0,92.5,94.5150346194831,95.0
1107.0,92.5,94.51502782724445,95.0
1108.0,92.5,94.51502104420315,95.0
1109.0,92.5,94.51501427033845,95.0
1110.0,92.5,94.5150075056297,95.0
1111.0,92.5,94.51500075005626,95.0
1112.0,92.5,94.5149940035976,95.0
1113.0,92.5,94.51498726623325,95.0
1114.0,92.5,94.5149805379428,95.0
1115.0,92.5,94.51497381870588,95.0
1116.0,92.5,94.51496710850223,95.0
1117.0,92.5,94.5149604073116,95.0
1118.0,92.5,94.51495371511388,95.0
1119.0,92.5,94.51494703188891,95.0
1120.0,92.5,94.51494035761668,95.0
1121.0,92.5,94.51493369227724,95.0
1122.0,92.5,94.51492703585066,95.0
1123.0,92.5,94.51492038831711,95.0
1124.0,92.5,94.5149137496568,95.0
1125.0,92.5,94.51490711985,95.0
1126.0,92.5,94.51490049887705,95.0
1127.0,92.5,94.51489388671837,95.0
1128.0,92.5,94.5148872833544,95.0
1129.0,92.5,94.51488068876564,95.0
1130.0,92.5,94.51487410293272,95.0
1131.0,92.5,94.51486752583625,95.0
1132.0,92.5,94.51486095745695,95.0
1133.0,92.5,94.51485439777557,95.0
1134.0,92.5,94.51484784677291,95.0
1135.0,92.5,94.5148413044299,95.0
1136.0,92.5,94.51483477072743,95.0
1137.0,92.5,94.51482824564651,95.0
1138.0,92.5,94.51482172916822,95.0
1139.0,92.5,94.51481522127365,95.0
1140.0,92.5,94.51480872194398,95.0
1141.0,92.5,94.51480223116043,95.0
1142.0,92.5,94.5147957489043,95.0
1143.0,92.5,94.51478927515693,95.0
1144.0,92.5,94.51478280989973,95.0
1145.0,92.5,94.51477635311414,95.0
1146.0,92.5,94.51476990478167,95.0
1147.0,92.5,94.51476346488394,95.0
1148.0,92.5,94.51475703340252,95.0
1149.0,92.5,94.51475061031913,95.0
1150.0,92.5,94.51474419561549,95.0
1151.0,92.5,94.51473778927341,95.0
1152.0,92.5,94.51473139127472,95.0
1153.0,92.5,94.51472500160135,95.0
1154.0,92.5,94.51471862023524,95.0
1155.0,92.5,94.51471224715841,95.0
1156.0,92.5,94.51470588235294,95.0
1157.0,92.5,94.51469952580094,95.0
1158.0,92.5,94.5146931774846,95.0
1159.0,92.5,94.51468683738615,95.0
1160.0,92.5,94.51468050548786,95.0
1161.0,92.5,94.5146741817721,95.0
1162.0,92.5,94.51466786622123,95.0
1163.0,92.5,94.51466155881769,95.0
1164.0,92.5,94.51465525954401,95.0
1165.0,92.5,94.51464896838272,95.0
1166.0,92.5,94.51464268531643,95.0
1167.0,92.5,94.5146364103278,95.0
1168.0,92.5,94.51463014339951,95.0
1169.0,92.5,94.51462388451435,95.0
1170.0,92.5,94.51461763365512,95.0
1171.0,92.5,94.51461139080467,95.0
1172.0,92.5,94.51460515594593,95.0
1173.0,92.5,94.51459892906185,95.0
1174.0,92.5,94.51459271013545,95.0
1175.0,92.5,94.51458649914979,95.0
1176.0,92.5,94.51458029608798,95.0
1177.0,92.5,94.51457410093323,95.0
1178.0,92.5,94.5145679136687,95.0
1179.0,92.5,94.51456173427769,95.0
1180.0,92.5,94.51455556274348,95.0
1181.0,92.5,94.51454939904949,95.0
1182.0,92.5,94.51454324317908,95.0
1183.0,92.5,94.51453709511574,95.0
1184.0,92.5,94.51453095484297,95.0
1185.0,92.5,94.51452482234436,95.0
1186.0,92.5,94.51451869760348,95.0
1187.0,92.5,94.514512580604,95.0
1188.0,92.5,94.51450647132964,95.0
1189.0,92.5,94.51450036976414,95.0
1190.0,92.5,94.51449427589131,95.0
1191.0,92.5,94.514488189695,95.0
1192.0,92.5,94.51448211115908,95.0
1193.0,92.5,94.51447604026754,95.0
1194.0,92.5,94.51446997700432,95.0
1195.0,92.5,94.51446392135351,95.0
1196.0,92.5,94.51445787329915,95.0
1197.0,92.5,94.5144518328254,95.0
1198.0,92.5,94.51444579991643,95.0
1199.0,92.5,94.51443977455645,95.0
1200.0,92.5,94.51443375672974,95.0
