"tick","donation-normed-big","donation-big group","donation-valued-big"
1.0,92.0791814347114,94.99927845155004,95.0
2.0,92.0791814347114,94.99855690310002,95.0
3.0,92.0791814347114,94.99783535465008,95.0
4.0,92.0791814347114,94.99711380620006,95.0
5.0,92.0791814347114,94.99680405975258,95.0
6.0,92.0791814347114,94.990958737641,95.0
7.0,92.0791814347114,94.97506950476365,95.0
8.0,92.0791814347114,94.93187809176483,95.0
9.0,92.08495393637067,93.47526261807343,93.65671641791045
10.0,92.08495393637067,93.17331634881108,93.65671641791045
11.0,92.08495393637067,93.16416168624173,93.65671641791045
12.0,92.08495393637067,93.15634343862284,93.65671641791045
13.0,92.08495393637067,93.14885424858748,93.65671641791045
14.0,92.08495393637067,93.15225895176317,93.65671641791045
15.0,92.08495393637067,93.17456522146732,93.65671641791045
16.0,92.08495393637067,93.24688170079085,93.65671641791045
17.0,92.08495393637067,93.45399380803038,93.65671641791045
18.0,92.08495393637067,94.00610809675504,93.65671641791045
19.0,92.08495393637067,94.02085149095733,93.65671641791045
20.0,92.08495393637067,94.03347980223487,93.65671641791045
21.0,92.08495393637067,94.04443388181146,93.65671641791045
22.0,92.08495393637067,94.0540383957671,93.65671641791045
23.0,92.08495393637067,94.06253802453668,93.65671641791045
24.0,92.08495393637067,94.07012085052065,93.65671641791045
25.0,92.08495393637067,94.07693395061041,93.65671641791045
26.0,92.08495393637067,94.08309407710095,93.65671641791045
27.0,92.08495393637067,94.08869514884175,93.65671641791045
28.0,92.08495393637067,94.09381361542029,93.65671641791045
29.0,92.08495393637067,94.09851236966166,93.65671641791045
30.0,92.08495393637067,94.10284364863065,93.65671641791045
31.0,92.08495393637067,94.10685121668338,93.65671641791045
32.0,92.08495393637067,94.11057203036304,93.65671641791045
33.0,92.08495393637067,94.11403752365231,93.65671641791045
34.0,92.08495393637067,94.1172746112213,93.65671641791045
35.0,92.08495393637067,94.12030647955613,93.65671641791045
36.0,92.08495393637067,94.12315321668584,93.65671641791045
37.0,92.08495393637067,94.12583231778889,93.65671641791045
38.0,92.08495393637067,94.12835909441023,93.65671641791045
39.0,92.08495393637067,94.1307470081384,93.65671641791045
40.0,92.08495393637067,94.13300794458236,93.65671641791045
41.0,92.08495393637067,94.13515243979057,93.65671641791045
42.0,92.08495393637067,94.137189868507,93.65671641791045
43.0,92.08495393637067,94.13912860158942,93.65671641791045
44.0,92.08495393637067,94.14097613834815,93.65671641791045
45.0,92.08495393637067,94.14273921836305,93.65671641791045
46.0,92.08495393637067,94.1444239164114,93.65671641791045
47.0,92.08495393637067,94.14603572342111,93.65671641791045
48.0,92.08495393637067,94.14757961580142,93.65671641791045
49.0,92.08495393637067,94.14906011505865,93.65671641791045
50.0,92.08495393637067,94.15048133925704,93.65671641791045
51.0,92.08495393637067,94.15184704760071,93.65671641791045
52.0,92.08495393637067,94.15316067919143,93.65671641791045
53.0,92.08495393637067,94.15442538683436,93.65671641791045
54.0,92.08495393637067,94.1556440666177,93.65671641791045
55.0,92.08495393637067,94.15681938387281,93.65671641791045
56.0,92.08495393637067,94.15795379602295,93.65671641791045
57.0,92.08495393637067,94.1590495727502,93.65671641791045
58.0,92.08495393637067,94.16010881384099,93.65671641791045
59.0,92.08495393637067,94.16113346501879,93.65671641791045
60.0,92.08495393637067,94.16212533202457,93.65671641791045
61.0,92.08495393637067,94.16308609316826,93.65671641791045
62.0,92.08495393637067,94.16401731054263,93.65671641791045
63.0,92.08495393637067,94.16492044006388,93.65671641791045
64.0,92.08495393637067,94.16579684047977,93.65671641791045
65.0,92.08495393637067,94.16664778146871,93.65671641791045
66.0,92.08495393637067,94.16747445093476,93.65671641791045
67.0,92.08495393637067,94.1682779615911,93.65671641791045
68.0,92.08495393637067,94.16905935691172,93.65671641791045
69.0,92.08495393637067,94.16981961652193,93.65671641791045
70.0,92.08495393637067,94.17055966108795,93.65671641791045
71.0,92.08495393637067,94.17128035676048,93.65671641791045
72.0,92.08495393637067,94.17198251921762,93.65671641791045
73.0,92.08495393637067,94.1726669173512,93.65671641791045
74.0,92.08495393637067,94.17333427663026,93.65671641791045
75.0,92.08495393637067,94.1739852821767,93.65671641791045
76.0,92.08495393637067,94.17462058158019,93.65671641791045
77.0,92.08495393637067,94.17524078747849,93.65671641791045
78.0,92.08495393637067,94.17584647992543,93.65671641791045
79.0,92.08495393637067,94.17643820856749,93.65671641791045
80.0,92.08495393637067,94.17701649464584,93.65671641791045
81.0,92.08495393637067,94.17758183284121,93.65671641791045
82.0,92.08495393637067,94.17813469297516,93.65671641791045
83.0,92.08495393637067,94.17867552158044,93.65671641791045
84.0,92.08495393637067,94.17920474335352,93.65671641791045
85.0,92.08495393637067,94.1797227624974,93.65671641791045
86.0,92.08495393637067,94.1802299639666,93.65671641791045
87.0,92.08495393637067,94.18072671462073,93.65671641791045
88.0,92.08495393637067,94.18121336429549,93.65671641791045
89.0,92.08495393637067,94.18169024679766,93.65671641791045
90.0,92.08495393637067,94.18215768083046,93.65671641791045
91.0,92.08495393637067,94.18261597085434,93.65671641791045
92.0,92.08495393637067,94.18306540788953,93.65671641791045
93.0,92.08495393637067,94.18350627026402,93.65671641791045
94.0,92.08495393637067,94.18393882431131,93.65671641791045
95.0,92.08495393637067,94.18436332502294,93.65671641791045
96.0,92.08495393637067,94.18478001665714,93.65671641791045
97.0,92.08495393637067,94.18518913330963,93.65671641791045
98.0,92.08495393637067,94.18559089944664,93.65671641791045
99.0,92.08495393637067,94.18598553040555,93.65671641791045
100.0,92.08495393637067,94.18637323286329,93.65671641791045
101.0,92.08495393637067,94.18675420527632,93.65671641791045
102.0,92.08495393637067,94.18712863829376,93.65671641791045
103.0,92.08495393637067,94.18749671514536,93.65671641791045
104.0,92.08495393637067,94.18785861200634,93.65671641791045
105.0,92.08495393637067,94.18821449834077,93.65671641791045
106.0,92.08495393637067,94.18856453722462,93.65671641791045
107.0,92.08495393637067,94.18890888565048,93.65671641791045
108.0,92.08495393637067,94.1892476948143,93.65671641791045
109.0,92.08495393637067,94.1895811103862,93.65671641791045
110.0,92.08495393637067,94.18990927276586,93.65671641791045
111.0,92.08495393637067,94.1902323173242,93.65671641791045
112.0,92.08495393637067,94.19055037463059,93.65671641791045
113.0,92.08495393637067,94.1908635706691,93.65671641791045
114.0,92.08495393637067,94.19117202704192,93.65671641791045
115.0,92.08495393637067,94.19147586116256,93.65671641791045
116.0,92.08495393637067,94.19177518643842,93.65671641791045
117.0,92.08495393637067,94.1920701124439,93.65671641791045
118.0,92.08495393637067,94.1923607450846,93.65671641791045
119.0,92.08495393637067,94.19264718675285,93.65671641791045
120.0,92.08495393637067,94.1929295364753,93.65671641791045
121.0,92.08495393637067,94.19320789005343,93.65671641791045
122.0,92.08495393637067,94.19348234019633,93.65671641791045
123.0,92.08495393637067,94.19375297664733,93.65671641791045
124.0,92.08495393637067,94.19401988630446,93.65671641791045
125.0,92.08495393637067,94.19428315333455,93.65671641791045
126.0,92.08495393637067,94.19454285928227,93.65671641791045
127.0,92.08495393637067,94.19479908317359,93.65671641791045
128.0,92.08495393637067,94.19505190161475,93.65671641791045
129.0,92.08495393637067,94.19530138888587,93.65671641791045
130.0,92.08495393637067,94.19554761703073,93.65671641791045
131.0,92.08495393637067,94.19579065594225,93.65671641791045
132.0,92.08495393637067,94.19603057344398,93.65671641791045
133.0,92.08495393637067,94.19626743536779,93.65671641791045
134.0,92.08495393637067,94.19650130562803,93.65671641791045
135.0,92.08495393637067,94.19673224629263,93.65671641791045
136.0,92.08495393637067,94.19696031765069,93.65671641791045
137.0,92.08495393637067,94.19718557827736,93.65671641791045
138.0,92.08495393637067,94.19740808509533,93.65671641791045
139.0,92.08495393637067,94.19762789343467,93.65671641791045
140.0,92.08495393637067,94.1978450570887,93.65671641791045
141.0,92.08495393637067,94.19805962836881,93.65671641791045
142.0,92.08495393637067,94.19827165815597,93.65671641791045
143.0,92.08495393637067,94.19848119595059,93.65671641791045
144.0,92.08495393637067,94.19868828992009,93.65671641791045
145.0,92.08495393637067,94.19889298694441,93.65671641791045
146.0,92.08495393637067,94.19909533265984,93.65671641791045
147.0,92.08495393637067,94.19929537150091,93.65671641791045
148.0,92.08495393637067,94.1994931467408,93.65671641791045
149.0,92.08495393637067,94.19968870052965,93.65671641791045
150.0,92.08495393637067,94.19988207393166,93.65671641791045
151.0,92.08495393637067,94.2000733069609,93.65671641791045
152.0,92.08495393637067,94.20026243861527,93.65671641791045
153.0,92.08495393637067,94.20044950690915,93.65671641791045
154.0,92.08495393637067,94.20063454890546,93.65671641791045
155.0,92.08495393637067,94.20081760074534,93.65671641791045
156.0,92.08495393637067,94.20099869767775,93.65671641791045
157.0,92.08495393637067,94.20117787408729,93.65671641791045
158.0,92.08495393637067,94.20135516352124,93.65671641791045
159.0,92.08495393637067,94.20153059871555,93.65671641791045
160.0,92.08495393637067,94.2017042116195,93.65671641791045
161.0,92.08495393637067,94.20187603342028,93.65671641791045
162.0,92.08495393637067,94.20204609456553,93.65671641791045
163.0,92.08495393637067,94.2022144247863,93.65671641791045
164.0,92.08495393637067,94.20238105311793,93.65671641791045
165.0,92.08495393637067,94.20254600792104,93.65671641791045
166.0,92.08495393637067,94.20270931690163,93.65671641791045
167.0,92.08495393637067,94.20287100713001,93.65671641791045
168.0,92.08495393637067,94.20303110505954,93.65671641791045
169.0,92.08495393637067,94.2031896365446,93.65671641791045
170.0,92.08495393637067,94.20334662685765,93.65671641791045
171.0,92.08495393637067,94.2035021007061,93.65671641791045
172.0,92.08495393637067,94.20365608224827,93.65671641791045
173.0,92.08495393637067,94.20380859510912,93.65671641791045
174.0,92.08495393637067,94.20395966239496,93.65671641791045
175.0,92.08495393637067,94.20410930670826,93.65671641791045
176.0,92.08495393637067,94.20425755016134,93.65671641791045
177.0,92.08495393637067,94.20440441439014,93.65671641791045
178.0,92.08495393637067,94.20454992056735,93.65671641791045
179.0,92.08495393637067,94.2046940894147,93.65671641791045
180.0,92.08495393637067,94.2048369412156,93.65671641791045
181.0,92.08495393637067,94.2049784958266,93.65671641791045
182.0,92.08495393637067,94.20511877268916,93.65671641791045
183.0,92.08495393637067,94.20525779084055,93.65671641791045
184.0,92.08495393637067,94.20539556892453,93.65671641791045
185.0,92.08495393637067,94.20553212520173,93.65671641791045
186.0,92.08495393637067,94.20566747755962,93.65671641791045
187.0,92.08495393637067,94.20580164352265,93.65671641791045
188.0,92.08495393637067,94.20593464026099,93.65671641791045
189.0,92.08495393637067,94.20606648460009,93.65671641791045
190.0,92.08495393637067,94.20619719302951,93.65671641791045
191.0,92.08495393637067,94.20632678171111,93.65671641791045
192.0,92.08495393637067,94.20645526648784,93.65671641791045
193.0,92.08495393637067,94.20658266289144,93.65671641791045
194.0,92.08495393637067,94.20670898615026,93.65671641791045
195.0,92.08495393637067,94.20683425119702,93.65671641791045
196.0,92.08495393637067,94.20695847267586,93.65671641791045
197.0,92.08495393637067,94.20708166494958,93.65671641791045
198.0,92.08495393637067,94.20720384210665,93.65671641791045
199.0,92.08495393637067,94.20732501796765,93.65671641791045
200.0,92.08495393637067,94.2074452060919,93.65671641791045
201.0,92.08495393637067,94.20756441978394,93.65671641791045
202.0,92.08495393637067,94.20768267209921,93.65671641791045
203.0,92.08495393637067,94.20779997585039,93.65671641791045
204.0,92.08495393637067,94.20791634361295,93.65671641791045
205.0,92.08495393637067,94.2080317877308,93.65671641791045
206.0,92.08495393637067,94.20814632032184,93.65671641791045
207.0,92.08495393637067,94.20825995328308,93.65671641791045
208.0,92.08495393637067,94.20837269829578,93.65671641791045
209.0,92.08495393637067,94.20848456683055,93.65671641791045
210.0,92.08495393637067,94.20859557015224,93.65671641791045
211.0,92.08495393637067,94.20870571932454,93.65671641791045
212.0,92.08495393637067,94.20881502521436,93.65671641791045
213.0,92.08495393637067,94.20892349849689,93.65671641791045
214.0,92.08495393637067,94.20903114965925,93.65671641791045
215.0,92.08495393637067,94.20913798900517,93.65671641791045
216.0,92.08495393637067,94.20924402665895,93.65671641791045
217.0,92.08495393637067,94.2093492725693,93.65671641791045
218.0,92.08495393637067,94.20945373651354,93.65671641791045
219.0,92.08495393637067,94.20955742810096,93.65671641791045
220.0,92.08495393637067,94.20966035677706,93.65671641791045
221.0,92.08495393637067,94.20976253182643,93.65671641791045
222.0,92.08495393637067,94.20986396237683,93.65671641791045
223.0,92.08495393637067,94.20996465740241,93.65671641791045
224.0,92.08495393637067,94.21006462572669,93.65671641791045
225.0,92.08495393637067,94.21016387602634,93.65671641791045
226.0,92.08495393637067,94.21026241683384,93.65671641791045
227.0,92.08495393637067,94.21036025654077,93.65671641791045
228.0,92.08495393637067,94.2104574034007,93.65671641791045
229.0,92.08495393637067,94.21055386553213,93.65671641791045
230.0,92.08495393637067,94.2106496509213,93.65671641791045
231.0,92.08495393637067,94.21074476742494,93.65671641791045
232.0,92.08495393637067,94.21083922277293,93.65671641791045
233.0,92.08495393637067,94.21093302457095,93.65671641791045
234.0,92.08495393637067,94.21102618030304,93.65671641791045
235.0,92.08495393637067,94.21111869733404,93.65671641791045
236.0,92.08495393637067,94.21121058291199,93.65671641791045
237.0,92.08495393637067,94.2113018441706,93.65671641791045
238.0,92.08495393637067,94.21139248813151,93.65671641791045
239.0,92.08495393637067,94.21148252170646,93.65671641791045
240.0,92.08495393637067,94.21157195169963,93.65671641791045
241.0,92.08495393637067,94.21166078480964,93.65671641791045
242.0,92.08495393637067,94.21174902763175,93.65671641791045
243.0,92.08495393637067,94.21183668665975,93.65671641791045
244.0,92.08495393637067,94.21192376828823,93.65671641791045
245.0,92.08495393637067,94.21201027881419,93.65671641791045
246.0,92.08495393637067,94.21209622443912,93.65671641791045
247.0,92.08495393637067,94.21218161127092,93.65671641791045
248.0,92.08495393637067,94.21226644532554,93.65671641791045
249.0,92.08495393637067,94.21235073252886,93.65671641791045
250.0,92.08495393637067,94.21243447871825,93.65671641791045
251.0,92.08495393637067,94.21251768964451,93.65671641791045
252.0,92.08495393637067,94.21260037097343,93.65671641791045
253.0,92.08495393637067,94.21268252828716,93.65671641791045
254.0,92.08495393637067,94.21276416708619,93.65671641791045
255.0,92.08495393637067,94.21284529279055,93.65671641791045
256.0,92.08495393637067,94.21292591074142,93.65671641791045
257.0,92.08495393637067,94.21300602620263,93.65671641791045
258.0,92.08495393637067,94.21308564436211,93.65671641791045
259.0,92.08495393637067,94.21316477033315,93.65671641791045
260.0,92.08495393637067,94.21324340915594,93.65671641791045
261.0,92.08495393637067,94.2133215657989,93.65671641791045
262.0,92.08495393637067,94.21339924515978,93.65671641791045
263.0,92.08495393637067,94.21347645206714,93.65671641791045
264.0,92.08495393637067,94.21355319128163,93.65671641791045
265.0,92.08495393637067,94.213629467497,93.65671641791045
266.0,92.08495393637067,94.21370528534155,93.65671641791045
267.0,92.08495393637067,94.21378064937907,93.65671641791045
268.0,92.08495393637067,94.21385556411015,93.65671641791045
269.0,92.08495393637067,94.2139300339732,93.65671641791045
270.0,92.08495393637067,94.21400406334566,93.65671641791045
271.0,92.08495393637067,94.21407765654507,93.65671641791045
272.0,92.08495393637067,94.21415081782979,93.65671641791045
273.0,92.08495393637067,94.21422355140065,93.65671641791045
274.0,92.08495393637067,94.21429586140123,93.65671641791045
275.0,92.08495393637067,94.21436775191962,93.65671641791045
276.0,92.08495393637067,94.21443922698855,93.65671641791045
277.0,92.08495393637067,94.21451029058714,93.65671641791045
278.0,92.08495393637067,94.21458094664123,93.65671641791045
279.0,92.08495393637067,94.21465119902453,93.65671641791045
280.0,92.08495393637067,94.21472105155952,93.65671641791045
281.0,92.08495393637067,94.21479050801831,93.65671641791045
282.0,92.08495393637067,94.21485957212329,93.65671641791045
283.0,92.08495393637067,94.21492824754844,93.65671641791045
284.0,92.08495393637067,94.21499653791953,93.65671641791045
285.0,92.08495393637067,94.2150644468153,93.65671641791045
286.0,92.08495393637067,94.21513197776835,93.65671641791045
287.0,92.08495393637067,94.21519913426543,93.65671641791045
288.0,92.08495393637067,94.21526591974872,93.65671641791045
289.0,92.08495393637067,94.21533233761626,93.65671641791045
290.0,92.08495393637067,94.21539839122268,93.65671641791045
291.0,92.08495393637067,94.2154640838801,93.65671641791045
292.0,92.08495393637067,94.2155294188586,93.65671641791045
293.0,92.08495393637067,94.21559439938694,93.65671641791045
294.0,92.08495393637067,94.21565902865348,93.65671641791045
295.0,92.08495393637067,94.21572330980639,93.65671641791045
296.0,92.08495393637067,94.21578724595466,93.65671641791045
297.0,92.08495393637067,94.21585084016871,93.65671641791045
298.0,92.08495393637067,94.21591409548071,93.65671641791045
299.0,92.08495393637067,94.21597701488538,93.65671641791045
300.0,92.08495393637067,94.21603960134073,93.65671641791045
301.0,92.08495393637067,94.21610185776838,93.65671641791045
302.0,92.08495393637067,94.21616378705419,93.65671641791045
303.0,92.08495393637067,94.21622539204898,93.65671641791045
304.0,92.08495393637067,94.21628667556884,93.65671641791045
305.0,92.08495393637067,94.21634764039588,93.65671641791045
306.0,92.08495393637067,94.21640828927855,93.65671641791045
307.0,92.08495393637067,94.21646862493249,93.65671641791045
308.0,92.08495393637067,94.21652865004059,93.65671641791045
309.0,92.08495393637067,94.21658836725379,93.65671641791045
310.0,92.08495393637067,94.2166477791916,93.65671641791045
311.0,92.08495393637067,94.21670688844237,93.65671641791045
312.0,92.08495393637067,94.21676569756384,93.65671641791045
313.0,92.08495393637067,94.21682420908378,93.65671641791045
314.0,92.08495393637067,94.21688242550023,93.65671641791045
315.0,92.08495393637067,94.21694034928181,93.65671641791045
316.0,92.08495393637067,94.2169979828687,93.65671641791045
317.0,92.08495393637067,94.21705532867254,93.65671641791045
318.0,92.08495393637067,94.21711238907702,93.65671641791045
319.0,92.08495393637067,94.21716916643835,93.65671641791045
320.0,92.08495393637067,94.21722566308573,93.65671641791045
321.0,92.08495393637067,94.21728188132148,93.65671641791045
322.0,92.08495393637067,94.2173378234216,93.65671641791045
323.0,92.08495393637067,94.21739349163644,93.65671641791045
324.0,92.08495393637067,94.21744888819039,93.65671641791045
325.0,92.08495393637067,94.21750401528307,93.65671641791045
326.0,92.08495393637067,94.21755887508886,93.65671641791045
327.0,92.08495393637067,94.21761346975798,93.65671641791045
328.0,92.08495393637067,94.21766780141648,93.65671641791045
329.0,92.08495393637067,94.21772187216663,93.65671641791045
330.0,92.08495393637067,94.2177756840872,93.65671641791045
331.0,92.08495393637067,94.21782923923395,93.65671641791045
332.0,92.08495393637067,94.21788253963987,93.65671641791045
333.0,92.08495393637067,94.21793558731557,93.65671641791045
334.0,92.08495393637067,94.21798838424944,93.65671641791045
335.0,92.08495393637067,94.21804093240813,93.65671641791045
336.0,92.08495393637067,94.21809323373675,93.65671641791045
337.0,92.08495393637067,94.21814529015928,93.65671641791045
338.0,92.08495393637067,94.21819710357859,93.65671641791045
339.0,92.08495393637067,94.21824867587725,93.65671641791045
340.0,92.08495393637067,94.21830000891723,93.65671641791045
341.0,92.08495393637067,94.21835110454062,93.65671641791045
342.0,92.08495393637067,94.21840196456961,93.65671641791045
343.0,92.08495393637067,94.21845259080699,93.65671641791045
344.0,92.08495393637067,94.21850298503635,93.65671641791045
345.0,92.08495393637067,94.21855314902214,93.65671641791045
346.0,92.08495393637067,94.21860308451028,93.65671641791045
347.0,92.08495393637067,94.21865279322817,93.65671641791045
348.0,92.08495393637067,94.21870227688488,93.65671641791045
349.0,92.08495393637067,94.21875153717178,93.65671641791045
350.0,92.08495393637067,94.21880057576224,93.65671641791045
351.0,92.08495393637067,94.2188493943124,93.65671641791045
352.0,92.08495393637067,94.21889799446092,93.65671641791045
353.0,92.08495393637067,94.21894637782964,93.65671641791045
354.0,92.08495393637067,94.21899454602341,93.65671641791045
355.0,92.08495393637067,94.21904250063076,93.65671641791045
356.0,92.08495393637067,94.21909024322368,93.65671641791045
357.0,92.08495393637067,94.219137775358,93.65671641791045
358.0,92.08495393637067,94.21918509857385,93.65671641791045
359.0,92.08495393637067,94.21923221439532,93.65671641791045
360.0,92.08495393637067,94.21927912433132,93.65671641791045
361.0,92.08495393637067,94.2193258298753,93.65671641791045
362.0,92.08495393637067,94.21937233250557,93.65671641791045
363.0,92.08495393637067,94.21941863368555,93.65671641791045
364.0,92.08495393637067,94.21946473486403,93.65671641791045
365.0,92.08495393637067,94.21951063747511,93.65671641791045
366.0,92.08495393637067,94.21955634293873,93.65671641791045
367.0,92.08495393637067,94.21960185266049,93.65671641791045
368.0,92.08495393637067,94.21964716803211,93.65671641791045
369.0,92.08495393637067,94.2196922904316,93.65671641791045
370.0,92.08495393637067,94.21973722122318,93.65671641791045
371.0,92.08495393637067,94.21978196175766,93.65671641791045
372.0,92.08495393637067,94.21982651337264,93.65671641791045
373.0,92.08495393637067,94.21987087739242,93.65671641791045
374.0,92.08495393637067,94.21991505512872,93.65671641791045
375.0,92.08495393637067,94.21995904788012,93.65671641791045
376.0,92.08495393637067,94.22000285693265,93.65671641791045
377.0,92.08495393637067,94.22004648355997,93.65671641791045
378.0,92.08495393637067,94.22008992902325,93.65671641791045
379.0,92.08495393637067,94.2201331945718,93.65671641791045
380.0,92.08495393637067,94.22017628144258,93.65671641791045
381.0,92.08495393637067,94.22021919086087,93.65671641791045
382.0,92.08495393637067,94.22026192404023,93.65671641791045
383.0,92.08495393637067,94.2203044821825,93.65671641791045
384.0,92.08495393637067,94.22034686647828,93.65671641791045
385.0,92.08495393637067,94.22038907810678,93.65671641791045
386.0,92.08495393637067,94.22043111823612,93.65671641791045
387.0,92.08495393637067,94.22047298802318,93.65671641791045
388.0,92.08495393637067,94.22051468861422,93.65671641791045
389.0,92.08495393637067,94.22055622114449,93.65671641791045
390.0,92.08495393637067,94.22059758673899,93.65671641791045
391.0,92.08495393637067,94.22063878651174,93.65671641791045
392.0,92.08495393637067,94.2206798215668,93.65671641791045
393.0,92.08495393637067,94.2207206929977,93.65671641791045
394.0,92.08495393637067,94.22076140188796,93.65671641791045
395.0,92.08495393637067,94.22080194931114,93.65671641791045
396.0,92.08495393637067,94.2208423363307,93.65671641791045
397.0,92.08495393637067,94.22088256400062,93.65671641791045
398.0,92.08495393637067,94.22092263336492,93.65671641791045
399.0,92.08495393637067,94.22096254545836,93.65671641791045
400.0,92.08495393637067,94.22100230130604,93.65671641791045
401.0,92.08495393637067,94.22104190192388,93.65671641791045
402.0,92.08495393637067,94.22108134831846,93.65671641791045
403.0,92.08495393637067,94.22112064148739,93.65671641791045
404.0,92.08495393637067,94.22115978241918,93.65671641791045
405.0,92.08495393637067,94.2211987720935,93.65671641791045
406.0,92.08495393637067,94.22123761148114,93.65671641791045
407.0,92.08495393637067,94.22127630154431,93.65671641791045
408.0,92.08495393637067,94.2213148432365,93.65671641791045
409.0,92.08495393637067,94.22135323750283,93.65671641791045
410.0,92.08495393637067,94.22139148527991,93.65671641791045
411.0,92.08495393637067,94.22142958749612,93.65671641791045
412.0,92.08495393637067,94.22146754507162,93.65671641791045
413.0,92.08495393637067,94.22150535891849,93.65671641791045
414.0,92.08495393637067,94.22154302994068,93.65671641791045
415.0,92.08495393637067,94.2215805590342,93.65671641791045
416.0,92.08495393637067,94.22161794708742,93.65671641791045
417.0,92.08495393637067,94.22165519498068,93.65671641791045
418.0,92.08495393637067,94.22169230358689,93.65671641791045
419.0,92.08495393637067,94.22172927377115,93.65671641791045
420.0,92.08495393637067,94.22176610639129,93.65671641791045
421.0,92.08495393637067,94.22180280229757,93.65671641791045
422.0,92.08495393637067,94.22183936233299,93.65671641791045
423.0,92.08495393637067,94.22187578733316,93.65671641791045
424.0,92.08495393637067,94.22191207812676,93.65671641791045
425.0,92.08495393637067,94.22194823553512,93.65671641791045
426.0,92.08495393637067,94.22198426037275,93.65671641791045
427.0,92.08495393637067,94.22202015344705,93.65671641791045
428.0,92.08495393637067,94.22205591555877,93.65671641791045
429.0,92.08495393637067,94.22209154750165,93.65671641791045
430.0,92.08495393637067,94.22212705006284,93.65671641791045
431.0,92.08495393637067,94.22216242402288,93.65671641791045
432.0,92.08495393637067,94.22219767015555,93.65671641791045
433.0,92.08495393637067,94.22223278922833,93.65671641791045
434.0,92.08495393637067,94.22226778200222,93.65671641791045
435.0,92.08495393637067,94.22230264923186,93.65671641791045
436.0,92.08495393637067,94.22233739166552,93.65671641791045
437.0,92.08495393637067,94.22237201004528,93.65671641791045
438.0,92.08495393637067,94.22240650510712,93.65671641791045
439.0,92.08495393637067,94.2224408775809,93.65671641791045
440.0,92.08495393637067,94.22247512819045,93.65671641791045
441.0,92.08495393637067,94.22250925765357,93.65671641791045
442.0,92.08495393637067,94.22254326668224,93.65671641791045
443.0,92.08495393637067,94.22257715598259,93.65671641791045
444.0,92.08495393637067,94.22261092625493,93.65671641791045
445.0,92.08495393637067,94.22264457819384,93.65671641791045
446.0,92.08495393637067,94.2226781124884,93.65671641791045
447.0,92.08495393637067,94.22271152982182,93.65671641791045
448.0,92.08495393637067,94.22274483087207,93.65671641791045
449.0,92.08495393637067,94.22277801631142,93.65671641791045
450.0,92.08495393637067,94.22281108680671,93.65671641791045
451.0,92.08495393637067,94.22284404301958,93.65671641791045
452.0,92.08495393637067,94.22287688560621,93.65671641791045
453.0,92.08495393637067,94.22290961521756,93.65671641791045
454.0,92.08495393637067,94.22294223249942,93.65671641791045
455.0,92.08495393637067,94.22297473809242,93.65671641791045
456.0,92.08495393637067,94.22300713263202,93.65671641791045
457.0,92.08495393637067,94.22303941674865,93.65671641791045
458.0,92.08495393637067,94.22307159106782,93.65671641791045
459.0,92.08495393637067,94.22310365621013,93.65671641791045
460.0,92.08495393637067,94.22313561279104,93.65671641791045
461.0,92.08495393637067,94.22316746142148,93.65671641791045
462.0,92.08495393637067,94.22319920270733,93.65671641791045
463.0,92.08495393637067,94.22323083724989,93.65671641791045
464.0,92.08495393637067,94.22326236564565,93.65671641791045
465.0,92.08495393637067,94.2232937884865,93.65671641791045
466.0,92.08495393637067,94.22332510635972,93.65671641791045
467.0,92.08495393637067,94.22335631984804,93.65671641791045
468.0,92.08495393637067,94.22338742952954,93.65671641791045
469.0,92.08495393637067,94.22341843597812,93.65671641791045
470.0,92.08495393637067,94.22344933976296,93.65671641791045
471.0,92.08495393637067,94.22348014144897,93.65671641791045
472.0,92.08495393637067,94.22351084159682,93.65671641791045
473.0,92.08495393637067,94.22354144076272,93.65671641791045
474.0,92.08495393637067,94.2235719394986,93.65671641791045
475.0,92.08495393637067,94.22360233835246,93.65671641791045
476.0,92.08495393637067,94.22363263786782,93.65671641791045
477.0,92.08495393637067,94.22366283858416,93.65671641791045
478.0,92.08495393637067,94.22369294103704,93.65671641791045
479.0,92.08495393637067,94.22372294575771,93.65671641791045
480.0,92.08495393637067,94.22375285327355,93.65671641791045
481.0,92.08495393637067,94.22378266410796,93.65671641791045
482.0,92.08495393637067,94.2238123787803,93.65671641791045
483.0,92.08495393637067,94.22384199780623,93.65671641791045
484.0,92.08495393637067,94.2238715216974,93.65671641791045
485.0,92.08495393637067,94.22390095096169,93.65671641791045
486.0,92.08495393637067,94.22393028610318,93.65671641791045
487.0,92.08495393637067,94.2239595276222,93.65671641791045
488.0,92.08495393637067,94.22398867601538,93.65671641791045
489.0,92.08495393637067,94.22401773177562,93.65671641791045
490.0,92.08495393637067,94.22404669539229,93.65671641791045
491.0,92.08495393637067,94.22407556735108,93.65671641791045
492.0,92.08495393637067,94.224104348134,93.65671641791045
493.0,92.08495393637067,94.22413303821978,93.65671641791045
494.0,92.08495393637067,94.22416163808332,93.65671641791045
495.0,92.08495393637067,94.22419014819643,93.65671641791045
496.0,92.08495393637067,94.22421856902704,93.65671641791045
497.0,92.08495393637067,94.22424690104,93.65671641791045
498.0,92.08495393637067,94.2242751446967,93.65671641791045
499.0,92.08495393637067,94.22430330045516,93.65671641791045
500.0,92.08495393637067,94.22433136877001,93.65671641791045
501.0,92.08495393637067,94.22435935009273,93.65671641791045
502.0,92.08495393637067,94.22438724487145,93.65671641791045
503.0,92.08495393637067,94.22441505355111,93.65671641791045
504.0,92.08495393637067,94.22444277657348,93.65671641791045
505.0,92.08495393637067,94.22447041437717,93.65671641791045
506.0,92.08495393637067,94.22449796739758,93.65671641791045
507.0,92.08495393637067,94.22452543606703,93.65671641791045
508.0,92.08495393637067,94.22455282081485,93.65671641791045
509.0,92.08495393637067,94.2245801220672,93.65671641791045
510.0,92.08495393637067,94.22460734024735,93.65671641791045
511.0,92.08495393637067,94.22463447577533,93.65671641791045
512.0,92.08495393637067,94.22466152906851,93.65671641791045
513.0,92.08495393637067,94.2246885005411,93.65671641791045
514.0,92.08495393637067,94.22471539060452,93.65671641791045
515.0,92.08495393637067,94.22474219966722,93.65671641791045
516.0,92.08495393637067,94.22476892813488,93.65671641791045
517.0,92.08495393637067,94.22479557641017,93.65671641791045
518.0,92.08495393637067,94.22482214489311,93.65671641791045
519.0,92.08495393637067,94.22484863398098,93.65671641791045
520.0,92.08495393637067,94.22487504406807,93.65671641791045
521.0,92.08495393637067,94.22490137554608,93.65671641791045
522.0,92.08495393637067,94.22492762880408,93.65671641791045
523.0,92.08495393637067,94.22495380422828,93.65671641791045
524.0,92.08495393637067,94.22497990220235,93.65671641791045
525.0,92.08495393637067,94.22500592310726,93.65671641791045
526.0,92.08495393637067,94.22503186732135,93.65671641791045
527.0,92.08495393637067,94.2250577352204,93.65671641791045
528.0,92.08495393637067,94.22508352717767,93.65671641791045
529.0,92.08495393637067,94.22510924356375,93.65671641791045
530.0,92.08495393637067,94.22513488474677,93.65671641791045
531.0,92.08495393637067,94.22516045109238,93.65671641791045
532.0,92.08495393637067,94.22518594296373,93.65671641791045
533.0,92.08495393637067,94.22521136072146,93.65671641791045
534.0,92.08495393637067,94.22523670472381,93.65671641791045
535.0,92.08495393637067,94.22526197532662,93.65671641791045
536.0,92.08495393637067,94.22528717288326,93.65671641791045
537.0,92.08495393637067,94.22531229774488,93.65671641791045
538.0,92.08495393637067,94.2253373502601,93.65671641791045
539.0,92.08495393637067,94.2253623307753,93.65671641791045
540.0,92.08495393637067,94.22538723963446,93.65671641791045
541.0,92.08495393637067,94.22541207717939,93.65671641791045
542.0,92.08495393637067,94.22543684374953,93.65671641791045
543.0,92.08495393637067,94.22546153968213,93.65671641791045
544.0,92.08495393637067,94.22548616531209,93.65671641791045
545.0,92.08495393637067,94.22551072097218,93.65671641791045
546.0,92.08495393637067,94.225535206993,93.65671641791045
547.0,92.08495393637067,94.22555962370289,93.65671641791045
548.0,92.08495393637067,94.22558397142808,93.65671641791045
549.0,92.08495393637067,94.22560825049261,93.65671641791045
550.0,92.08495393637067,94.22563246121841,93.65671641791045
551.0,92.08495393637067,94.22565660392533,93.65671641791045
552.0,92.08495393637067,94.22568067893114,93.65671641791045
553.0,92.08495393637067,94.22570468655142,93.65671641791045
554.0,92.08495393637067,94.22572862709983,93.65671641791045
555.0,92.08495393637067,94.22575250088804,93.65671641791045
556.0,92.08495393637067,94.22577630822545,93.65671641791045
557.0,92.08495393637067,94.22580004941966,93.65671641791045
558.0,92.08495393637067,94.22582372477619,93.65671641791045
559.0,92.08495393637067,94.22584733459875,93.65671641791045
560.0,92.08495393637067,94.22587087918885,93.65671641791045
561.0,92.08495393637067,94.22589435884626,93.65671641791045
562.0,92.08495393637067,94.22591777386863,93.65671641791045
563.0,92.08495393637067,94.22594112455195,93.65671641791045
564.0,92.08495393637067,94.22596441119019,93.65671641791045
565.0,92.08495393637067,94.22598763407532,93.65671641791045
566.0,92.08495393637067,94.22601079349771,93.65671641791045
567.0,92.08495393637067,94.22603388974565,93.65671641791045
568.0,92.08495393637067,94.22605692310574,93.65671641791045
569.0,92.08495393637067,94.22607989386269,93.65671641791045
570.0,92.08495393637067,94.22610280229951,93.65671641791045
571.0,92.08495393637067,94.22612564869723,93.65671641791045
572.0,92.08495393637067,94.22614843333537,93.65671641791045
573.0,92.08495393637067,94.22617115649149,93.65671641791045
574.0,92.08495393637067,94.22619381844142,93.65671641791045
575.0,92.08495393637067,94.22621641945942,93.65671641791045
576.0,92.08495393637067,94.22623895981786,93.65671641791045
577.0,92.08495393637067,94.22626143978744,93.65671641791045
578.0,92.08495393637067,94.22628385963736,93.65671641791045
579.0,92.08495393637067,94.2263062196348,93.65671641791045
580.0,92.08495393637067,94.22632852004564,93.65671641791045
581.0,92.08495393637067,94.22635076113376,93.65671641791045
582.0,92.08495393637067,94.2263729431618,93.65671641791045
583.0,92.08495393637067,94.2263950663904,93.65671641791045
584.0,92.08495393637067,94.22641713107885,93.65671641791045
585.0,92.08495393637067,94.2264391374847,93.65671641791045
586.0,92.08495393637067,94.22646108586397,93.65671641791045
587.0,92.08495393637067,94.22648297647115,93.65671641791045
588.0,92.08495393637067,94.2265048095591,93.65671641791045
589.0,92.08495393637067,94.22652658537919,93.65671641791045
590.0,92.08495393637067,94.22654830418121,93.65671641791045
591.0,92.08495393637067,94.22656996621343,93.65671641791045
592.0,92.08495393637067,94.22659157172266,93.65671641791045
593.0,92.08495393637067,94.22661312095416,93.65671641791045
594.0,92.08495393637067,94.22663461415165,93.65671641791045
595.0,92.08495393637067,94.22665605155754,93.65671641791045
596.0,92.08495393637067,94.22667743341272,93.65671641791045
597.0,92.08495393637067,94.2266987599565,93.65671641791045
598.0,92.08495393637067,94.22672003142684,93.65671641791045
599.0,92.08495393637067,94.22674124806028,93.65671641791045
600.0,92.08495393637067,94.22676241009192,93.65671641791045
601.0,92.08495393637067,94.22678351775554,93.65671641791045
602.0,92.08495393637067,94.22680457128334,93.65671641791045
603.0,92.08495393637067,94.2268255709063,93.65671641791045
604.0,92.08495393637067,94.22684651685387,93.65671641791045
605.0,92.08495393637067,94.22686740935433,93.65671641791045
606.0,92.08495393637067,94.22688824863442,93.65671641791045
607.0,92.08495393637067,94.22690903491973,93.65671641791045
608.0,92.08495393637067,94.22692976843429,93.65671641791045
609.0,92.08495393637067,94.22695044940089,93.65671641791045
610.0,92.08495393637067,94.22697107804109,93.65671641791045
611.0,92.08495393637067,94.22699165457513,93.65671641791045
612.0,92.08495393637067,94.22701217922184,93.65671641791045
613.0,92.08495393637067,94.22703265219891,93.65671641791045
614.0,92.08495393637067,94.22705307372259,93.65671641791045
615.0,92.08495393637067,94.22707344400798,93.65671641791045
616.0,92.08495393637067,94.22709376326894,93.65671641791045
617.0,92.08495393637067,94.22711403171805,93.65671641791045
618.0,92.08495393637067,94.22713424956657,93.65671641791045
619.0,92.08495393637067,94.22715441702469,93.65671641791045
620.0,92.08495393637067,94.22717453430128,93.65671641791045
621.0,92.08495393637067,94.22719460160397,93.65671641791045
622.0,92.08495393637067,94.22721461913927,93.65671641791045
623.0,92.08495393637067,94.22723458711255,93.65671641791045
624.0,92.08495393637067,94.22725450572777,93.65671641791045
625.0,92.08495393637067,94.22727437518793,93.65671641791045
626.0,92.08495393637067,94.2272941956948,93.65671641791045
627.0,92.08495393637067,94.22731396744896,93.65671641791045
628.0,92.08495393637067,94.22733369064987,93.65671641791045
629.0,92.08495393637067,94.22735336549592,93.65671641791045
630.0,92.08495393637067,94.22737299218413,93.65671641791045
631.0,92.08495393637067,94.22739257091074,93.65671641791045
632.0,92.08495393637067,94.22741210187063,93.65671641791045
633.0,92.08495393637067,94.22743158525766,93.65671641791045
634.0,92.08495393637067,94.22745102126451,93.65671641791045
635.0,92.08495393637067,94.22747041008287,93.65671641791045
636.0,92.08495393637067,94.22748975190325,93.65671641791045
637.0,92.08495393637067,94.2275090469153,93.65671641791045
638.0,92.08495393637067,94.22752829530725,93.65671641791045
639.0,92.08495393637067,94.2275474972666,93.65671641791045
640.0,92.08495393637067,94.2275666529796,93.65671641791045
641.0,92.08495393637067,94.22758576263155,93.65671641791045
642.0,92.08495393637067,94.22760482640662,93.65671641791045
643.0,92.08495393637067,94.22762384448815,93.65671641791045
644.0,92.08495393637067,94.22764281705814,93.65671641791045
645.0,92.08495393637067,94.22766174429783,93.65671641791045
646.0,92.08495393637067,94.22768062638737,93.65671641791045
647.0,92.08495393637067,94.227699463506,93.65671641791045
648.0,92.08495393637067,94.22771825583175,93.65671641791045
649.0,92.08495393637067,94.22773700354188,93.65671641791045
650.0,92.08495393637067,94.22775570681254,93.65671641791045
651.0,92.08495393637067,94.227774365819,93.65671641791045
652.0,92.08495393637067,94.2277929807355,93.65671641791045
653.0,92.08495393637067,94.22781155173537,93.65671641791045
654.0,92.08495393637067,94.22783007899083,93.65671641791045
655.0,92.08495393637067,94.22784856267347,93.65671641791045
656.0,92.08495393637067,94.22786700295364,93.65671641791045
657.0,92.08495393637067,94.22788540000083,93.65671641791045
658.0,92.08495393637067,94.22790375398378,93.65671641791045
659.0,92.08495393637067,94.22792206507006,93.65671641791045
660.0,92.08495393637067,94.2279403334266,93.65671641791045
661.0,92.08495393637067,94.2279585592191,93.65671641791045
662.0,92.08495393637067,94.22797674261255,93.65671641791045
663.0,92.08495393637067,94.22799488377119,93.65671641791045
664.0,92.08495393637067,94.22801298285806,93.65671641791045
665.0,92.08495393637067,94.22803104003549,93.65671641791045
666.0,92.08495393637067,94.22804905546494,93.65671641791045
667.0,92.08495393637067,94.22806702930697,93.65671641791045
668.0,92.08495393637067,94.22808496172131,93.65671641791045
669.0,92.08495393637067,94.22810285286671,93.65671641791045
670.0,92.08495393637067,94.22812070290121,93.65671641791045
671.0,92.08495393637067,94.22813851198208,93.65671641791045
672.0,92.08495393637067,94.22815628026544,93.65671641791045
673.0,92.08495393637067,94.22817400790686,93.65671641791045
674.0,92.08495393637067,94.22819169506104,93.65671641791045
675.0,92.08495393637067,94.22820934188168,93.65671641791045
676.0,92.08495393637067,94.22822694852192,93.65671641791045
677.0,92.08495393637067,94.22824451513382,93.65671641791045
678.0,92.08495393637067,94.22826204186889,93.65671641791045
679.0,92.08495393637067,94.22827952887766,93.65671641791045
680.0,92.08495393637067,94.22829697630992,93.65671641791045
681.0,92.08495393637067,94.22831438431474,93.65671641791045
682.0,92.08495393637067,94.22833175304025,93.65671641791045
683.0,92.08495393637067,94.22834908263398,93.65671641791045
684.0,92.08495393637067,94.22836637324257,93.65671641791045
685.0,92.08495393637067,94.22838362501196,93.65671641791045
686.0,92.08495393637067,94.22840083808721,93.65671641791045
687.0,92.08495393637067,94.22841801261272,93.65671641791045
688.0,92.08495393637067,94.22843514873215,93.65671641791045
689.0,92.08495393637067,94.22845224658842,93.65671641791045
690.0,92.08495393637067,94.22846930632362,93.65671641791045
691.0,92.08495393637067,94.22848632807909,93.65671641791045
692.0,92.08495393637067,94.22850331199567,93.65671641791045
693.0,92.08495393637067,94.22852025821314,93.65671641791045
694.0,92.08495393637067,94.22853716687075,93.65671641791045
695.0,92.08495393637067,94.22855403810702,93.65671641791045
696.0,92.08495393637067,94.22857087205976,93.65671641791045
697.0,92.08495393637067,94.228587668866,93.65671641791045
698.0,92.08495393637067,94.22860442866208,93.65671641791045
699.0,92.08495393637067,94.22862115158378,93.65671641791045
700.0,92.08495393637067,94.22863783776602,93.65671641791045
701.0,92.08495393637067,94.22865448734308,93.65671641791045
702.0,92.08495393637067,94.22867110044854,93.65671641791045
703.0,92.08495393637067,94.2286876772153,93.65671641791045
704.0,92.08495393637067,94.22870421777574,93.65671641791045
705.0,92.08495393637067,94.22872072226124,93.65671641791045
706.0,92.08495393637067,94.22873719080286,93.65671641791045
707.0,92.08495393637067,94.22875362353074,93.65671641791045
708.0,92.08495393637067,94.22877002057442,93.65671641791045
709.0,92.08495393637067,94.22878638206296,93.65671641791045
710.0,92.08495393637067,94.22880270812455,93.65671641791045
711.0,92.08495393637067,94.22881899888684,93.65671641791045
712.0,92.08495393637067,94.22883525447673,93.65671641791045
713.0,92.08495393637067,94.2288514750207,93.65671641791045
714.0,92.08495393637067,94.22886766064434,93.65671641791045
715.0,92.08495393637067,94.22888381147278,93.65671641791045
716.0,92.08495393637067,94.22889992763047,93.65671641791045
717.0,92.08495393637067,94.22891600924126,93.65671641791045
718.0,92.08495393637067,94.22893205642832,93.65671641791045
719.0,92.08495393637067,94.22894806931431,93.65671641791045
720.0,92.08495393637067,94.2289640480211,93.65671641791045
721.0,92.08495393637067,94.22897999267019,93.65671641791045
722.0,92.08495393637067,94.22899590338235,93.65671641791045
723.0,92.08495393637067,94.2290117802777,93.65671641791045
724.0,92.08495393637067,94.22902762347589,93.65671641791045
725.0,92.08495393637067,94.22904343309587,93.65671641791045
726.0,92.08495393637067,94.22905920925605,93.65671641791045
727.0,92.08495393637067,94.22907495207424,93.65671641791045
728.0,92.08495393637067,94.22909066166777,93.65671641791045
729.0,92.08495393637067,94.22910633815317,93.65671641791045
730.0,92.08495393637067,94.22912198164671,93.65671641791045
731.0,92.08495393637067,94.22913759226373,93.65671641791045
732.0,92.08495393637067,94.22915317011928,93.65671641791045
733.0,92.08495393637067,94.2291687153278,93.65671641791045
734.0,92.08495393637067,94.2291842280031,93.65671641791045
735.0,92.08495393637067,94.22919970825846,93.65671641791045
736.0,92.08495393637067,94.22921515620655,93.65671641791045
737.0,92.08495393637067,94.22923057195969,93.65671641791045
738.0,92.08495393637067,94.22924595562938,93.65671641791045
739.0,92.08495393637067,94.2292613073268,93.65671641791045
740.0,92.08495393637067,94.22927662716256,93.65671641791045
741.0,92.08495393637067,94.22929191524656,93.65671641791045
742.0,92.08495393637067,94.22930717168843,93.65671641791045
743.0,92.08495393637067,94.22932239659707,93.65671641791045
744.0,92.08495393637067,94.22933759008089,93.65671641791045
745.0,92.08495393637067,94.2293527522479,93.65671641791045
746.0,92.08495393637067,94.2293678832055,93.65671641791045
747.0,92.08495393637067,94.2293829830605,93.65671641791045
748.0,92.08495393637067,94.22939805191935,93.65671641791045
749.0,92.08495393637067,94.22941308988787,93.65671641791045
750.0,92.08495393637067,94.22942809707148,93.65671641791045
751.0,92.08495393637067,94.22944307357506,93.65671641791045
752.0,92.08495393637067,94.22945801950284,93.65671641791045
753.0,92.08495393637067,94.22947293495884,93.65671641791045
754.0,92.08495393637067,94.2294878200464,93.65671641791045
755.0,92.08495393637067,94.22950267486831,93.65671641791045
756.0,92.08495393637067,94.2295174995271,93.65671641791045
757.0,92.08495393637067,94.22953229412455,93.65671641791045
758.0,92.08495393637067,94.22954705876224,93.65671641791045
759.0,92.08495393637067,94.22956179354101,93.65671641791045
760.0,92.08495393637067,94.22957649856139,93.65671641791045
761.0,92.08495393637067,94.22959117392337,93.65671641791045
762.0,92.08495393637067,94.2296058197265,93.65671641791045
763.0,92.08495393637067,94.22962043606974,93.65671641791045
764.0,92.08495393637067,94.22963502305188,93.65671641791045
765.0,92.08495393637067,94.22964958077095,93.65671641791045
766.0,92.08495393637067,94.22966410932464,93.65671641791045
767.0,92.08495393637067,94.22967860881025,93.65671641791045
768.0,92.08495393637067,94.22969307932445,93.65671641791045
769.0,92.08495393637067,94.22970752096361,93.65671641791045
770.0,92.08495393637067,94.22972193382368,93.65671641791045
771.0,92.08495393637067,94.22973631800001,93.65671641791045
772.0,92.08495393637067,94.22975067358757,93.65671641791045
773.0,92.08495393637067,94.22976500068097,93.65671641791045
774.0,92.08495393637067,94.22977929937429,93.65671641791045
775.0,92.08495393637067,94.22979356976124,93.65671641791045
776.0,92.08495393637067,94.22980781193503,93.65671641791045
777.0,92.08495393637067,94.22982202598857,93.65671641791045
778.0,92.08495393637067,94.22983621201409,93.65671641791045
779.0,92.08495393637067,94.22985037010366,93.65671641791045
780.0,92.08495393637067,94.22986450034885,93.65671641791045
781.0,92.08495393637067,94.22987860284071,93.65671641791045
782.0,92.08495393637067,94.22989267767001,93.65671641791045
783.0,92.08495393637067,94.22990672492703,93.65671641791045
784.0,92.08495393637067,94.22992074470157,93.65671641791045
785.0,92.08495393637067,94.22993473708328,93.65671641791045
786.0,92.08495393637067,94.22994870216107,93.65671641791045
787.0,92.08495393637067,94.2299626400236,93.65671641791045
788.0,92.08495393637067,94.22997655075922,93.65671641791045
789.0,92.08495393637067,94.22999043445576,93.65671641791045
790.0,92.08495393637067,94.23000429120066,93.65671641791045
791.0,92.08495393637067,94.23001812108097,93.65671641791045
792.0,92.08495393637067,94.23003192418344,93.65671641791045
793.0,92.08495393637067,94.23004570059425,93.65671641791045
794.0,92.08495393637067,94.23005945039937,93.65671641791045
795.0,92.08495393637067,94.23007317368426,93.65671641791045
796.0,92.08495393637067,94.23008687053401,93.65671641791045
797.0,92.08495393637067,94.23010054103348,93.65671641791045
798.0,92.08495393637067,94.23011418526691,93.65671641791045
