"tick","donation-big group","donation-small","donation-normed-big","donation-normed-small","donation-valued-big","donation-valued-small"
1.0,50.005593152418975,50.0,63.15745767935101,14.375,50.0,50.0
2.0,50.00962263619801,50.0,63.15745767935101,14.375,50.0,50.0
3.0,50.01443395429701,50.0,63.15745767935101,14.375,50.0,50.0
4.0,50.01924527239602,50.0,63.15745767935101,14.375,50.0,50.0
5.0,50.021310675888806,50.0,63.15745767935101,14.375,50.0,50.0
6.0,50.060287551344125,50.0,63.15745767935101,14.375,50.0,50.0
7.0,50.166237683624445,50.0,63.15745767935101,14.375,50.0,50.0
8.0,50.45424000292484,50.0,63.15745767935101,14.375,50.0,50.0
9.0,51.23711147403314,50.0,63.15745767935101,14.375,50.0,50.0
10.0,53.289845724960855,50.0,63.15745767935101,14.375,50.0,50.0
11.0,53.360651109783284,50.0,63.15745767935101,14.375,50.0,50.0
12.0,53.42241019919688,50.0,63.15745767935101,14.375,50.0,50.0
13.0,53.4768985521956,50.0,63.15745767935101,14.375,50.0,50.0
14.0,53.52543924862983,50.0,63.15745767935101,14.375,50.0,50.0
15.0,53.56904110762213,50.0,63.15745767935101,14.375,50.0,50.0
16.0,53.6084885742544,50.0,63.15745767935101,14.375,50.0,50.0
17.0,53.64440205661486,50.0,63.15745767935101,14.375,50.0,50.0
18.0,53.67727954758832,50.0,63.15745767935101,14.375,50.0,50.0
19.0,53.70752602643772,50.0,63.15745767935101,14.375,50.0,50.0
20.0,53.735474665930646,50.0,63.15745767935101,14.375,50.0,50.0
21.0,53.76140241418657,50.0,63.15745767935101,14.375,50.0,50.0
22.0,53.78554163368312,50.0,63.15745767935101,14.375,50.0,50.0
23.0,53.80808892474946,50.0,63.15745767935101,14.375,50.0,50.0
24.0,53.829211904607384,50.0,63.15745767935101,14.375,50.0,50.0
25.0,53.8490544792047,50.0,63.15745767935101,14.375,50.0,50.0
26.0,53.867740988508444,50.0,63.15745767935101,14.375,50.0,50.0
27.0,53.88537949913322,50.0,63.15745767935101,14.375,50.0,50.0
28.0,53.90206444412062,50.0,63.15745767935101,14.375,50.0,50.0
29.0,53.91787875753362,50.0,63.15745767935101,14.375,50.0,50.0
30.0,53.9328956142864,50.0,63.15745767935101,14.375,50.0,50.0
31.0,53.947179858687036,50.0,63.15745767935101,14.375,50.0,50.0
32.0,53.96078918544271,50.0,63.15745767935101,14.375,50.0,50.0
33.0,53.97377512227369,50.0,63.15745767935101,14.375,50.0,50.0
34.0,53.98618385235582,50.0,63.15745767935101,14.375,50.0,50.0
35.0,53.99805690656044,50.0,63.15745767935101,14.375,50.0,50.0
36.0,54.00943174917156,50.0,63.15745767935101,14.375,50.0,50.0
37.0,54.020342275925366,50.0,63.15745767935101,14.375,50.0,50.0
38.0,54.03081923947298,50.0,63.15745767935101,14.375,50.0,50.0
39.0,54.04089061444306,50.0,63.15745767935101,14.375,50.0,50.0
40.0,54.05058191198337,50.0,63.15745767935101,14.375,50.0,50.0
41.0,54.05991645184139,50.0,63.15745767935101,14.375,50.0,50.0
42.0,54.06891559859603,50.0,63.15745767935101,14.375,50.0,50.0
43.0,54.0775989674921,50.0,63.15745767935101,14.375,50.0,50.0
44.0,54.08598460439459,50.0,63.15745767935101,14.375,50.0,50.0
45.0,54.0940891436224,50.0,63.15745767935101,14.375,50.0,50.0
46.0,54.101927946804985,50.0,63.15745767935101,14.375,50.0,50.0
47.0,54.10951522540071,50.0,63.15745767935101,14.375,50.0,50.0
48.0,54.11686414910139,50.0,63.15745767935101,14.375,50.0,50.0
49.0,54.123986942005025,50.0,63.15745767935101,14.375,50.0,50.0
50.0,54.13089496815534,50.0,63.15745767935101,14.375,50.0,50.0
51.0,54.13759880780973,50.0,63.15745767935101,14.375,50.0,50.0
52.0,54.14410832560074,50.0,57.879137558712706,50.0,50.0,50.0
53.0,54.148555447932786,50.015,57.16714331475871,50.0,50.0,50.0
54.0,54.15370975824343,50.03,57.16714331475871,50.0,50.0,50.0
55.0,54.15869562687941,50.04500000000001,57.16714331475871,50.0,50.0,50.0
56.0,54.16352060764171,50.06,57.16714331475871,50.0,50.0,50.0
57.0,54.16926319142361,50.066439202678836,57.16714331475871,50.0,50.0,50.00000000000001
58.0,54.1599521489809,50.1879554108777,57.16714331475871,50.0,50.0,50.0
59.0,54.13114804087651,50.51827071148794,57.16714331475871,50.0,50.0,50.00000000000001
60.0,54.04347659459768,51.41616079079874,57.16714331475871,50.0,50.0,50.0
61.0,53.79602463053016,53.85687907734294,57.16714331475871,50.0,50.0,50.0
62.0,53.14386454815897,60.25658350974743,57.16714331475871,50.0,50.0,50.0
63.0,53.49812999093246,60.47732983133355,57.0003572080634,50.0,50.0,50.0
64.0,53.49114781262853,60.66987298107781,57.0003572080634,50.0,50.0,50.0
65.0,53.48523087060914,60.83974852831078,57.0003572080634,50.0,50.0,50.0
66.0,53.48019322760985,60.99108137131363,57.0003572080634,50.0,50.0,50.0
67.0,53.475888238897156,61.12701665379258,57.0003572080634,50.0,50.0,50.0
68.0,53.472566458368156,61.25,57.0003572080634,50.0,50.0,50.0
69.0,53.46482479677806,61.36196562445501,57.0003572080634,50.0,50.0,50.0
70.0,53.448562119947084,61.46446609406726,57.0003572080634,50.0,50.0,50.0
71.0,53.408310259972076,61.558763991941575,57.0003572080634,50.0,50.0,50.0
72.0,53.302141963052385,61.64589803375031,57.0003572080634,50.0,50.0,50.0
73.0,53.026270091720846,61.72673164646012,57.0003572080634,50.0,50.0,50.0
74.0,53.015953134437275,61.80198925466584,57.0003572080634,50.0,50.0,50.0
75.0,53.00706317341497,61.87228378914388,57.0003572080634,50.0,50.0,50.0
76.0,52.99933576340783,61.938137821521025,57.0003572080634,50.0,50.0,50.0
77.0,52.99257084258778,62.0,57.0003572080634,50.0,50.0,50.0
78.0,52.98661358770654,62.05825797292724,57.0003572080634,50.0,50.0,50.0
79.0,52.98134186441802,62.11324865405187,57.0003572080634,50.0,50.0,50.0
80.0,52.97665773090529,62.1652664524308,57.0003572080634,50.0,50.0,50.0
81.0,52.972481523605325,62.21456992734422,57.0003572080634,50.0,50.0,50.0
82.0,52.9687476396511,62.26138721247417,57.0003572080634,50.0,50.0,50.0
83.0,52.96540146486877,62.30592046959838,57.0003572080634,50.0,50.0,50.0
84.0,52.962397093895675,62.34834957055045,57.0003572080634,50.0,50.0,50.0
85.0,52.95969560975925,62.388835160664534,57.0003572080634,50.0,50.0,50.0
86.0,52.957263766144415,62.42752122286237,57.0003572080634,50.0,50.0,50.0
87.0,52.955072964478745,62.46453723581445,57.0003572080634,50.0,50.0,50.0
88.0,52.95309845020162,62.5,57.0003572080634,50.0,50.0,50.0
89.0,52.95131867427183,62.53401519041964,57.0003572080634,50.0,50.0,50.0
90.0,52.94971478083716,62.56667868303856,57.0003572080634,50.0,50.0,50.0
91.0,52.94827019235311,62.598077692923695,57.0003572080634,50.0,50.0,50.0
92.0,52.94697027077958,62.628291754873715,57.0003572080634,50.0,50.0,50.0
93.0,52.94580203875471,62.65739357167091,57.0003572080634,50.0,50.0,50.0
94.0,52.94475394848341,62.68544975056862,57.0003572080634,50.0,50.0,50.0
95.0,52.94381568890316,62.71252144501093,57.0003572080634,50.0,50.0,50.0
96.0,52.94297802379689,62.738664915666774,57.0003572080634,50.0,50.0,50.0
97.0,52.94223265510749,62.763932022500214,57.0003572080634,50.0,50.0,50.0
98.0,52.94157210691397,62.78837065767654,57.0003572080634,50.0,50.0,50.0
99.0,52.94098962645478,62.812025127531584,57.0003572080634,50.0,50.0,50.0
100.0,52.94047909929826,62.83493649053891,57.0003572080634,50.0,50.0,50.0
101.0,52.94003497631984,62.85714285714286,57.0003572080634,50.0,50.0,50.0
102.0,52.93965221058337,62.878679656440355,57.0003572080634,50.0,50.0,50.0
103.0,52.93932620257148,62.89957987395799,57.0003572080634,50.0,50.0,50.0
104.0,52.939052752486944,62.91987426415539,57.0003572080634,50.0,50.0,50.0
105.0,52.93882801856824,62.93959154076967,57.0003572080634,50.0,50.0,50.0
106.0,52.93864848054214,62.95875854768069,57.0003572080634,50.0,50.0,50.0
107.0,52.93851090748092,62.97740041261027,57.0003572080634,50.0,50.0,50.0
108.0,52.93841232945019,62.99554068565682,57.0003572080634,50.0,50.0,50.0
109.0,52.93835001243059,63.013201464402435,57.0003572080634,50.0,50.0,50.0
110.0,52.93832143607667,63.03040350710416,57.0003572080634,50.0,50.0,50.0
111.0,52.938324273941646,63.04716633528764,57.0003572080634,50.0,50.0,50.0
112.0,52.938356375852784,63.06350832689629,57.0003572080634,54.3545027756321,50.0,50.0
113.0,52.93841575216704,63.068801303782195,57.0003572080634,63.065272652524925,50.0,50.0
114.0,52.938500559675795,63.08241787042531,57.0003572080634,63.065272652524925,50.0,50.0
115.0,52.93860908895922,63.09566268303454,56.84717257411817,63.065272652524925,50.0,50.0
116.0,52.938092628990695,63.1085503207332,56.84717257411817,63.065272652524925,50.0,50.0
117.0,52.93759682898164,63.12717017082234,56.84717257411817,63.065272652524925,50.0,50.0
118.0,52.93712031705928,63.05881815534574,56.84717257411817,63.065272652524925,50.0,50.0
119.0,52.9366618159431,62.908790795365846,56.84717257411817,63.065272652524925,50.0,50.0
120.0,52.93658946189253,62.47690288782738,56.84717257411817,63.065272652524925,50.0,50.0
121.0,52.93156821196456,61.27937588669676,56.84717257411817,63.065272652524925,50.0,50.0
122.0,52.91755370906518,58.167820739413294,56.84717257411817,63.065272652524925,50.0,50.0
123.0,52.87906682751819,48.506179448068316,56.84717257411817,63.065272652524925,50.0,50.0
124.0,52.77403266744722,50.0,56.84717257411817,63.065272652524925,50.0,50.0
125.0,52.498213458684,50.0,56.84717257411817,63.065272652524925,50.0,50.0
126.0,52.48897556376225,50.00000000000001,56.84717257411817,63.065272652524925,50.0,50.00000000000001
127.0,52.48096481987399,50.0,56.84717257411817,63.065272652524925,50.0,50.0
128.0,52.473941718143934,50.0,56.84717257411817,63.065272652524925,50.0,50.0
129.0,52.46772765154965,50.0,56.84717257411817,63.065272652524925,50.0,50.0
130.0,52.46218632145796,50.0,56.84717257411817,63.065272652524925,50.0,50.0
131.0,52.45721164504164,50.0,56.84717257411817,63.065272652524925,50.0,50.0
132.0,52.45271963735641,50.0,56.84717257411817,63.065272652524925,50.0,50.0
133.0,52.448642810828815,50.0,56.84717257411817,63.065272652524925,50.0,50.0
134.0,52.44492621855113,50.0,56.84717257411817,63.065272652524925,50.0,50.0
135.0,52.44152459990111,50.0,56.84717257411817,63.065272652524925,50.0,50.0
136.0,52.438400282917065,50.00000000000001,56.84717257411817,63.065272652524925,50.0,50.00000000000001
137.0,52.43552161712634,49.99999999999999,56.84717257411817,63.065272652524925,50.0,49.99999999999999
138.0,52.43286178518908,50.00000000000001,56.84717257411817,63.065272652524925,50.0,50.00000000000001
139.0,52.43039788963891,49.99999999999999,56.84717257411817,63.065272652524925,50.0,49.99999999999999
140.0,52.42811024245063,50.00000000000001,56.84717257411817,63.065272652524925,50.0,50.00000000000001
141.0,52.42598180622651,49.99999999999999,56.84717257411817,63.065272652524925,50.0,49.99999999999999
142.0,52.4239977501568,50.00000000000001,56.84717257411817,63.065272652524925,50.0,50.00000000000001
143.0,52.4221450938716,49.99999999999999,56.84717257411817,63.065272652524925,50.0,49.99999999999999
144.0,52.420412419316854,50.00000000000001,56.84717257411817,63.065272652524925,50.0,50.00000000000001
145.0,52.41878963579673,49.99999999999999,56.84717257411817,63.065272652524925,50.0,49.99999999999999
146.0,52.417267786949154,50.00000000000001,56.84717257411817,63.065272652524925,50.0,50.00000000000001
147.0,52.415838891075005,49.99999999999999,56.84717257411817,63.065272652524925,50.0,49.99999999999999
148.0,52.41449580820645,50.00000000000001,56.84717257411817,63.065272652524925,50.0,50.00000000000001
149.0,52.41323212876949,49.99999999999999,56.84717257411817,63.065272652524925,50.0,49.99999999999999
150.0,52.41204207980595,50.00000000000001,56.84717257411817,63.065272652524925,50.0,50.00000000000001
151.0,52.4109204455668,49.99999999999999,56.84717257411817,63.065272652524925,50.0,49.99999999999999
152.0,52.409862499938534,50.00000000000001,56.84717257411817,63.065272652524925,50.0,50.00000000000001
153.0,52.40886394866875,49.99999999999999,56.84717257411817,63.065272652524925,50.0,49.99999999999999
154.0,52.40792087975068,50.00000000000001,56.84717257411817,63.065272652524925,50.0,50.00000000000001
155.0,52.407029720634796,49.99999999999999,56.84717257411817,63.065272652524925,50.0,49.99999999999999
156.0,52.40618720118201,50.00000000000001,56.84717257411817,63.065272652524925,50.0,50.00000000000001
157.0,52.40539032146611,49.99999999999999,56.84717257411817,63.065272652524925,50.0,49.99999999999999
158.0,52.40463632369103,50.00000000000001,56.84717257411817,63.065272652524925,50.0,50.00000000000001
159.0,52.40392266761298,49.99999999999999,56.84717257411817,63.065272652524925,50.0,49.99999999999999
160.0,52.40324700896066,50.00000000000001,56.84717257411817,63.065272652524925,50.0,50.00000000000001
161.0,52.40260718042858,49.99999999999999,56.84717257411817,63.065272652524925,50.0,49.99999999999999
162.0,52.40200117488806,50.00000000000001,56.68767629322233,63.065272652524925,50.0,50.00000000000001
163.0,52.400771766464786,49.99999999999999,56.68767629322233,63.065272652524925,50.0,49.99999999999999
164.0,52.39957258947718,50.00000000000001,56.52821206848714,63.065272652524925,50.0,50.00000000000001
165.0,52.39913126493752,49.99999999999999,56.52821206848714,63.065272652524925,50.0,49.99999999999999
166.0,52.398717062857614,50.00000000000001,56.52821206848714,63.065272652524925,50.0,50.00000000000001
167.0,52.39870261334586,49.99999999999999,56.37519983780546,63.065272652524925,50.0,49.99999999999999
168.0,52.39302935327362,50.00000000000001,56.37519983780546,63.065272652524925,50.0,50.00000000000001
169.0,52.377840472485374,49.99999999999999,56.37519983780546,63.065272652524925,50.0,49.99999999999999
170.0,52.343470276496866,50.00000000000001,56.37519983780546,63.065272652524925,50.0,50.00000000000001
171.0,52.25186428896498,49.99999999999999,56.37519983780546,63.065272652524925,50.0,49.99999999999999
172.0,52.015273360556904,50.00000000000001,56.37519983780546,63.065272652524925,50.0,50.00000000000001
173.0,52.11864293638098,49.99999999999999,56.37519983780546,63.065272652524925,50.0,49.99999999999999
174.0,52.40660721270283,50.00000000000001,56.37519983780546,58.71076987689283,50.0,50.00000000000001
175.0,52.37038746244389,50.01499999999999,56.37519983780546,50.010000000000005,50.0,49.99999999999999
176.0,52.266211475324,50.00001000000001,56.37519983780546,50.010000000000005,50.0,50.00000000000001
177.0,51.988639474080244,49.985020000000006,56.37519983780546,50.010000000000005,50.0,50.0
178.0,51.980728106567945,49.97003000000001,56.37519983780546,50.010000000000005,50.0,50.00000000000001
179.0,51.97379624049714,49.94647920267883,56.37519983780546,50.010000000000005,50.0,50.0
180.0,51.96765243954496,50.055121298321836,56.37519983780546,50.010000000000005,50.0,50.0
181.0,51.96215474572917,50.142485193339795,56.37519983780546,50.010000000000005,50.0,50.0
182.0,51.95719526861114,50.379964881630514,56.37519983780546,50.010000000000005,50.0,50.0
183.0,51.9526902725664,51.02550160293933,56.37519983780546,50.010000000000005,50.0,50.0
184.0,51.94857358457962,42.28881309803235,56.37519983780546,50.010000000000005,50.0,49.99999999999999
185.0,51.94479208251576,39.74683535142249,56.37519983780546,50.010000000000005,50.0,50.0
186.0,51.94130252906087,39.52616261194357,56.37519983780546,50.010000000000005,50.0,50.0
187.0,51.938069300610906,39.333683643249216,56.37519983780546,50.010000000000005,50.0,50.0
188.0,51.935062726135996,39.16386472119865,56.37519983780546,50.010000000000005,50.0,49.99999999999999
189.0,51.93225785094826,39.0125823224768,56.37519983780546,50.010000000000005,50.0,50.0
190.0,51.9296335022774,38.87669235175868,56.37519983780546,50.010000000000005,50.0,50.0
191.0,51.92717157300691,38.753750000000004,56.37519983780546,50.010000000000005,50.0,50.0
192.0,51.92485646562493,38.641821697419815,56.37519983780546,50.010000000000005,50.0,50.0
193.0,51.9226746555376,38.53935539463075,56.37519983780546,50.010000000000005,50.0,49.99999999999999
194.0,51.92061434448435,38.44508892938907,56.37519983780546,50.010000000000005,50.0,50.0
195.0,51.91866518278833,38.357983932260936,56.37519983780546,50.010000000000005,50.0,50.0
196.0,51.916818044778694,38.27717726408871,56.37519983780546,50.010000000000005,50.0,50.0
197.0,51.915064845705224,38.201944741752385,56.37519983780546,50.010000000000005,50.0,50.00000000000001
198.0,51.91339839133731,38.13167363878583,56.37519983780546,50.010000000000005,50.0,50.0
199.0,51.91181225353513,38.06584155775282,56.37519983780546,50.010000000000005,50.0,50.0
200.0,51.91030066662684,38.00399999999999,56.37519983780546,50.010000000000005,50.0,50.0
201.0,51.908858440580055,37.94576144639707,56.37519983780546,50.010000000000005,50.0,50.0
202.0,51.907480887825926,37.89078909549947,56.37519983780546,50.010000000000005,50.0,49.99999999999999
203.0,51.90616376125467,37.83878863638668,56.37519983780546,50.010000000000005,50.0,50.0
204.0,51.904903201410654,37.78950159596489,56.37519983780546,50.010000000000005,50.0,50.0
205.0,51.9036956913059,37.742699916596656,56.37519983780546,50.010000000000005,50.0,50.0
206.0,51.90253801757926,37.69818150389149,56.37519983780546,50.010000000000005,50.0,50.0
207.0,51.90142723696699,37.65576654597307,56.37519983780546,50.010000000000005,50.0,50.0
208.0,51.90036064724237,37.61529445105568,56.37519983780546,50.010000000000005,50.0,50.0
209.0,51.89933576193169,37.576621284211924,56.37519983780546,50.010000000000005,50.0,50.0
210.0,51.89835028823706,37.539617609930815,56.37519983780546,50.010000000000005,50.0,50.0
211.0,51.89740210769193,37.50416666666667,56.37519983780546,50.010000000000005,50.0,50.00000000000001
212.0,51.896489259156304,37.47016281464383,56.37519983780546,50.010000000000005,50.0,50.0
213.0,51.89560992382152,37.43751020985579,56.37519983780546,50.010000000000005,50.0,50.0
214.0,51.894762411948,37.40612166630728,56.37519983780546,50.010000000000005,50.0,50.0
215.0,51.89394515110236,37.37591767571125,56.37519983780546,50.010000000000005,50.0,50.0
216.0,51.8931566756958,37.346825559519644,56.37519983780546,50.010000000000005,50.0,50.0
217.0,51.89239561765595,37.31877873268157,56.37519983780546,50.010000000000005,50.0,50.0
218.0,51.891660698088636,37.291716062137404,56.37519983780546,50.010000000000005,50.0,50.0
219.0,51.89095071980639,37.265581305971786,56.37519983780546,50.010000000000005,50.0,50.0
220.0,51.890264560618945,37.24032262150729,56.37519983780546,50.010000000000005,50.0,49.99999999999999
221.0,51.889601167294,37.215892132542685,56.37519983780546,50.010000000000005,50.0,50.0
222.0,51.88895955011063,37.19224554751092,56.37519983780546,50.010000000000005,50.0,50.0
223.0,51.88833877793651,37.16934182162461,56.37519983780546,50.010000000000005,50.0,50.0
224.0,51.88773797377048,37.14714285714285,56.37519983780546,50.010000000000005,50.0,50.0
225.0,51.887156310698245,37.125613236778456,56.37519983780546,50.010000000000005,50.0,50.0
226.0,51.88659300821711,37.10471998599999,56.37519983780546,50.010000000000005,50.0,50.0
227.0,51.88604732888927,37.08443236059933,56.37519983780546,50.010000000000005,50.0,50.00000000000001
228.0,51.88551857529009,37.06472165641058,56.37519983780546,50.010000000000005,50.0,50.0
229.0,51.885006087220056,37.04556103850188,56.37519983780546,50.010000000000005,50.0,50.0
230.0,51.884509239154205,37.02692538752726,56.37519983780546,50.010000000000005,50.0,50.0
231.0,51.88402743790492,37.008791161238406,56.37519983780546,50.010000000000005,50.0,50.0
232.0,51.88356012047711,36.99113626941903,56.37519983780546,50.010000000000005,50.0,50.0
233.0,51.88310675209744,36.97393996073154,56.37519983780546,50.010000000000005,50.0,50.0
234.0,51.88266682440063,36.95718272015745,56.37519983780546,45.662394240052485,50.0,50.0
235.0,51.88223985375824,36.9514985701194,56.37519983780546,41.31289376342561,50.0,50.0
236.0,51.881825379736895,36.95686830259724,56.37519983780546,36.95839328679874,50.0,50.0
237.0,51.88142296367375,36.943275585658135,56.37519983780546,36.95839328679874,50.0,50.0
238.0,51.88103218735932,36.930054498834856,56.37519983780546,36.95839328679874,50.0,49.99999999999999
239.0,51.88065265181727,36.91111093532559,56.37519983780546,36.95839328679874,50.0,50.0
240.0,51.88028397617384,36.968155232104294,56.37519983780546,36.95839328679874,50.0,50.0
241.0,51.87992579660795,37.26656207869574,56.37519983780546,36.95839328679874,50.0,50.0
242.0,51.87957776537621,37.968164265070165,56.37519983780546,36.95839328679874,50.0,50.0
243.0,51.879239549905954,39.899379976478635,56.37519983780546,36.95839328679874,50.0,50.0
244.0,51.8789108319509,57.28381140679005,56.37519983780546,36.95839328679874,50.0,50.0
245.0,51.87859130680407,50.0,56.37519983780546,36.95839328679874,50.0,50.0
246.0,51.87828068256409,50.0,56.37519983780546,36.95839328679874,50.0,50.0
247.0,51.87797867944955,50.0,56.37519983780546,36.95839328679874,50.0,50.0
248.0,51.87768502915867,50.0,56.37519983780546,36.95839328679874,50.0,50.0
249.0,51.87739947427018,50.0,56.37519983780546,36.95839328679874,50.0,50.0
250.0,51.8771217676823,50.0,56.37519983780546,36.95839328679874,50.0,50.0
251.0,51.87685167208745,50.0,56.37519983780546,36.95839328679874,50.0,50.0
252.0,51.876588959479285,50.0,56.37519983780546,36.95839328679874,50.0,50.0
253.0,51.87633341069021,50.0,56.37519983780546,36.95839328679874,50.0,50.0
254.0,51.876084814957046,50.0,56.37519983780546,36.95839328679874,50.0,50.0
255.0,51.87584296951268,50.0,56.37519983780546,36.95839328679874,50.0,50.0
256.0,51.87560767920206,50.0,56.37519983780546,36.95839328679874,50.0,50.0
257.0,51.87537875612055,50.00000000000001,56.37519983780546,36.95839328679874,50.0,50.00000000000001
258.0,51.875156019273476,49.99999999999999,56.37519983780546,36.95839328679874,50.0,49.99999999999999
259.0,51.87493929425507,50.00000000000001,56.37519983780546,36.95839328679874,50.0,50.00000000000001
260.0,51.87472841294564,49.99999999999999,56.37519983780546,36.95839328679874,50.0,49.99999999999999
261.0,51.87452321322567,50.00000000000001,56.37519983780546,36.95839328679874,50.0,50.00000000000001
262.0,51.874323538706065,49.99999999999999,56.37519983780546,36.95839328679874,50.0,49.99999999999999
263.0,51.87412923847273,50.00000000000001,56.37519983780546,36.95839328679874,50.0,50.00000000000001
264.0,51.873940166845465,49.99999999999999,56.37519983780546,36.95839328679874,50.0,49.99999999999999
265.0,51.87375618314956,50.00000000000001,56.37519983780546,36.95839328679874,50.0,50.00000000000001
266.0,51.87357715149966,49.99999999999999,56.37519983780546,36.95839328679874,50.0,49.99999999999999
267.0,51.8734029405949,50.00000000000001,56.37519983780546,36.95839328679874,50.0,50.00000000000001
268.0,51.873233423524866,49.99999999999999,56.37519983780546,36.95839328679874,50.0,49.99999999999999
269.0,51.87306847758538,50.00000000000001,56.37519983780546,36.95839328679874,50.0,50.00000000000001
270.0,51.87290798410388,49.99999999999999,56.37519983780546,36.95839328679874,50.0,49.99999999999999
271.0,51.87275182827344,50.00000000000001,56.37519983780546,36.95839328679874,50.0,50.00000000000001
272.0,51.87259989899532,49.99999999999999,56.37519983780546,36.95839328679874,50.0,49.99999999999999
273.0,51.872452088729105,50.00000000000001,56.37519983780546,36.95839328679874,50.0,50.00000000000001
274.0,51.87230829335033,49.99999999999999,56.37519983780546,36.95839328679874,50.0,49.99999999999999
275.0,51.87216841201509,50.00000000000001,56.37519983780546,36.95839328679874,50.0,50.00000000000001
276.0,51.87203234703099,49.99999999999999,56.37519983780546,36.95839328679874,50.0,49.99999999999999
277.0,51.87190000373442,50.00000000000001,56.37519983780546,36.95839328679874,50.0,50.00000000000001
278.0,51.871771290373566,49.99999999999999,56.37519983780546,36.95839328679874,50.0,49.99999999999999
279.0,51.871646117996974,50.00000000000001,56.37519983780546,36.95839328679874,50.0,50.00000000000001
280.0,51.87152440034722,49.99999999999999,56.37519983780546,36.95839328679874,50.0,49.99999999999999
281.0,51.871406053759415,50.00000000000001,56.37519983780546,36.95839328679874,50.0,50.00000000000001
282.0,51.8712909970646,49.99999999999999,56.37519983780546,36.95839328679874,50.0,49.99999999999999
283.0,51.87117915149723,50.00000000000001,56.37519983780546,36.95839328679874,50.0,50.00000000000001
284.0,51.87107044060702,49.99999999999999,56.37519983780546,36.95839328679874,50.0,49.99999999999999
285.0,51.870964790174455,50.00000000000001,56.37519983780546,36.95839328679874,50.0,50.00000000000001
286.0,51.870862128130405,49.99999999999999,56.37519983780546,36.95839328679874,50.0,49.99999999999999
287.0,51.87076238447893,50.00000000000001,56.37519983780546,36.95839328679874,50.0,50.00000000000001
288.0,51.870665491223555,49.99999999999999,56.37519983780546,36.95839328679874,50.0,49.99999999999999
289.0,51.8705713822967,50.00000000000001,56.37519983780546,36.95839328679874,50.0,50.00000000000001
290.0,51.87047999349229,49.99999999999999,56.37519983780546,36.95839328679874,50.0,49.99999999999999
291.0,51.8703912624008,50.00000000000001,56.37519983780546,36.95839328679874,50.0,50.00000000000001
292.0,51.87030512834755,49.99999999999999,56.37519983780546,36.95839328679874,50.0,49.99999999999999
293.0,51.87022153233314,50.00000000000001,56.37519983780546,36.95839328679874,50.0,50.00000000000001
294.0,51.87014041697661,49.99999999999999,56.37519983780546,36.95839328679874,50.0,49.99999999999999
295.0,51.87006172646083,50.00000000000001,56.37519983780546,45.657394240052476,50.0,50.00000000000001
296.0,51.86998540648015,49.99999999999999,56.37519983780546,50.004999999999995,50.0,49.99999999999999
297.0,51.86991140419007,50.015,56.37519983780546,50.004999999999995,50.0,50.0
298.0,51.869839668159074,50.03,56.37519983780546,50.004999999999995,50.0,50.0
299.0,51.86977014832229,50.045,56.37519983780546,50.004999999999995,50.0,50.0
300.0,51.869702795937016,50.06,56.37519983780546,50.004999999999995,50.0,50.0
301.0,51.86963756353991,50.06643920267883,56.37519983780546,50.004999999999995,50.0,50.0
302.0,51.86957440490602,50.1879554108777,56.37519983780546,50.004999999999995,50.0,50.0
303.0,51.86951327500916,50.518270711487936,56.37519983780546,50.004999999999995,50.0,50.0
304.0,51.869454129984064,51.41616079079874,56.37519983780546,50.004999999999995,50.0,50.0
305.0,51.86939692708973,60.25658350974743,56.37519983780546,50.004999999999995,50.0,50.0
306.0,51.86934162467437,60.477329831333535,56.37519983780546,50.004999999999995,50.0,50.0
307.0,51.86928818214153,60.6698729810778,56.37519983780546,50.004999999999995,50.0,50.0
308.0,51.86923655991757,60.83974852831078,56.37519983780546,50.004999999999995,50.0,50.0
309.0,51.86918671942019,60.99108137131364,56.37519983780546,50.004999999999995,50.0,50.0
310.0,51.869138623028434,61.12701665379258,56.37519983780546,50.004999999999995,50.0,49.99999999999999
311.0,51.869092234053355,61.25,56.37519983780546,50.004999999999995,50.0,50.0
312.0,51.86904751671014,61.361965624454996,56.37519983780546,50.004999999999995,50.0,50.0
313.0,51.869004436090954,61.46446609406726,56.37519983780546,50.004999999999995,50.0,50.00000000000001
314.0,51.86896295813902,61.55876399194156,56.37519983780546,50.004999999999995,50.0,50.0
315.0,51.86892304962334,61.64589803375031,56.37519983780546,50.004999999999995,50.0,50.00000000000001
316.0,51.86888467811455,61.72673164646011,56.37519983780546,50.004999999999995,50.0,50.0
317.0,51.86884781196143,61.80198925466584,56.37519983780546,50.004999999999995,50.0,50.00000000000001
318.0,51.86881242026848,61.872283789143864,56.37519983780546,50.004999999999995,50.0,49.99999999999999
319.0,51.868778472873906,61.938137821521025,56.37519983780546,50.004999999999995,50.0,50.00000000000001
320.0,51.86874594032878,61.999999999999986,56.37519983780546,50.004999999999995,50.0,49.99999999999999
321.0,51.86871479387661,62.05825797292724,56.37519983780546,50.004999999999995,50.0,50.00000000000001
322.0,51.868685005433775,62.11324865405186,56.37519983780546,50.004999999999995,50.0,49.99999999999999
323.0,51.86865654757044,62.1652664524308,56.37519983780546,50.004999999999995,50.0,50.00000000000001
324.0,51.8686293934924,62.214569927344215,56.37519983780546,50.004999999999995,50.0,49.99999999999999
325.0,51.8686035170232,62.261387212474176,56.37519983780546,50.004999999999995,50.0,50.00000000000001
326.0,51.86857889258718,62.30592046959836,56.37519983780546,50.004999999999995,50.0,49.99999999999999
327.0,51.86855549519272,62.348349570550454,56.37519983780546,50.004999999999995,50.0,50.00000000000001
328.0,51.86853330041643,62.38883516066453,56.37519983780546,50.004999999999995,50.0,49.99999999999999
329.0,51.86851228438745,62.42752122286237,56.37519983780546,50.004999999999995,50.0,50.00000000000001
330.0,51.86849242377265,62.46453723581445,56.37519983780546,50.004999999999995,50.0,49.99999999999999
331.0,51.868473695762034,62.5,56.37519983780546,50.004999999999995,50.0,50.00000000000001
332.0,51.86845607805464,62.53401519041964,56.37519983780546,50.004999999999995,50.0,49.99999999999999
333.0,51.868439548845124,62.56667868303856,56.37519983780546,50.004999999999995,50.0,50.00000000000001
334.0,51.868424086810386,62.59807769292368,56.37519983780546,50.004999999999995,50.0,49.99999999999999
335.0,51.86840967109701,62.628291754873715,56.37519983780546,50.004999999999995,50.0,50.00000000000001
336.0,51.86839628130882,62.657393571670895,56.37519983780546,50.004999999999995,50.0,49.99999999999999
337.0,51.86838389749494,62.68544975056862,56.37519983780546,50.004999999999995,50.0,50.00000000000001
338.0,51.868372500138214,62.71252144501092,56.37519983780546,50.004999999999995,50.0,49.99999999999999
339.0,51.868362070143924,62.738664915666774,56.37519983780546,50.004999999999995,50.0,50.00000000000001
340.0,51.86835258882907,62.7639320225002,56.37519983780546,50.004999999999995,50.0,49.99999999999999
341.0,51.86834403791157,62.78837065767655,56.37519983780546,50.004999999999995,50.0,50.00000000000001
342.0,51.868336399500244,62.81202512753157,56.37519983780546,50.004999999999995,50.0,49.99999999999999
343.0,51.86832965608477,62.83493649053891,56.37519983780546,50.004999999999995,50.0,50.00000000000001
344.0,51.8683237905261,62.85714285714285,56.37519983780546,50.004999999999995,50.0,49.99999999999999
345.0,51.86831878604712,62.878679656440355,56.37519983780546,50.004999999999995,50.0,50.00000000000001
346.0,51.868314626223615,62.899579873957975,56.37519983780546,50.004999999999995,50.0,49.99999999999999
347.0,51.8683112949754,62.919874264155396,56.37519983780546,50.004999999999995,50.0,50.00000000000001
348.0,51.86830877655791,62.939591540769655,56.37519983780546,50.004999999999995,50.0,49.99999999999999
349.0,51.86830705555378,62.95875854768069,56.37519983780546,50.004999999999995,50.0,50.00000000000001
350.0,51.86830611686493,62.977400412610265,56.37519983780546,50.004999999999995,50.0,49.99999999999999
351.0,51.86830594570466,62.99554068565682,56.37519983780546,50.004999999999995,50.0,50.00000000000001
352.0,51.86830652759019,63.01320146440243,56.37519983780546,50.004999999999995,50.0,49.99999999999999
353.0,51.86830784833513,63.03040350710417,56.37519983780546,50.004999999999995,50.0,50.00000000000001
354.0,51.86830989404249,63.04716633528763,56.37519983780546,50.004999999999995,50.0,49.99999999999999
355.0,51.86831265109761,63.0635083268963,56.37519983780546,54.354502775632085,50.0,50.00000000000001
356.0,51.86831610616146,63.06880130378218,56.37519983780546,63.06172415345013,50.0,49.99999999999999
357.0,51.86832024616409,63.08241432192622,56.37519983780546,63.06172415345013,50.0,50.0
358.0,51.86832505829824,63.09565558603639,56.37519983780546,63.06172415345013,50.0,50.0
359.0,51.868330530013125,63.108539675235974,56.37519983780546,63.06172415345013,50.0,50.0
360.0,51.868336649008405,63.12715597682603,56.37519983780546,63.06172415345013,50.0,50.0
361.0,51.86834340322835,63.05880243804912,56.37519983780546,63.06172415345013,50.0,50.0
362.0,51.868350780856126,62.90874633139241,56.37519983780546,63.06172415345013,50.0,50.0
363.0,51.86835877030822,62.4767802822847,56.37519983780546,63.06172415345013,50.0,50.0
364.0,51.86836736022914,61.27904087034637,56.37519983780546,63.06172415345013,50.0,50.0
365.0,51.868376539486015,39.98413186623413,56.37519983780546,63.06172415345013,50.0,50.0
366.0,51.86838629716371,50.0,56.37519983780546,63.06172415345013,50.0,50.0
367.0,51.868396622559565,50.0,56.37519983780546,63.06172415345013,50.0,50.0
368.0,51.86840750517893,50.00000000000001,56.37519983780546,63.06172415345013,50.0,50.00000000000001
369.0,51.868418934730066,50.0,56.37519983780546,63.06172415345013,50.0,50.0
370.0,51.868430901119844,50.0,56.37519983780546,63.06172415345013,50.0,50.0
371.0,51.86844339444922,50.0,56.37519983780546,63.06172415345013,50.0,50.0
372.0,51.8684564050088,50.0,56.37519983780546,63.06172415345013,50.0,50.0
373.0,51.868469923274795,50.0,56.37519983780546,63.06172415345013,50.0,50.0
374.0,51.868483939904635,50.0,56.37519983780546,63.06172415345013,50.0,50.0
375.0,51.86849844573324,50.0,56.37519983780546,63.06172415345013,50.0,50.0
376.0,51.86851343176894,50.0,56.37519983780546,63.06172415345013,50.0,50.0
377.0,51.86852888918973,50.0,56.37519983780546,63.06172415345013,50.0,50.0
378.0,51.868544809339525,50.00000000000001,56.37519983780546,63.06172415345013,50.0,50.00000000000001
379.0,51.86856118372462,49.99999999999999,56.37519983780546,63.06172415345013,50.0,49.99999999999999
380.0,51.86857800401004,50.00000000000001,56.37519983780546,63.06172415345013,50.0,50.00000000000001
381.0,51.868595262016214,49.99999999999999,56.37519983780546,63.06172415345013,50.0,49.99999999999999
382.0,51.868612949715676,50.00000000000001,56.37519983780546,63.06172415345013,50.0,50.00000000000001
383.0,51.86863105922963,49.99999999999999,56.37519983780546,63.06172415345013,50.0,49.99999999999999
384.0,51.86864958282484,50.00000000000001,56.37519983780546,63.06172415345013,50.0,50.00000000000001
385.0,51.86866851291068,49.99999999999999,56.37519983780546,63.06172415345013,50.0,49.99999999999999
386.0,51.868687842035925,50.00000000000001,56.37519983780546,63.06172415345013,50.0,50.00000000000001
387.0,51.86870756288579,49.99999999999999,56.37519983780546,63.06172415345013,50.0,49.99999999999999
388.0,51.868727668279256,50.00000000000001,56.37519983780546,63.06172415345013,50.0,50.00000000000001
389.0,51.868748151165995,49.99999999999999,56.37519983780546,63.06172415345013,50.0,49.99999999999999
390.0,51.8687690046239,50.00000000000001,56.37519983780546,63.06172415345013,50.0,50.00000000000001
391.0,51.86879022185615,49.99999999999999,56.37519983780546,63.06172415345013,50.0,49.99999999999999
392.0,51.86881179618891,50.00000000000001,56.37519983780546,63.06172415345013,50.0,50.00000000000001
393.0,51.86883372106846,49.99999999999999,56.37519983780546,63.06172415345013,50.0,49.99999999999999
394.0,51.86885599005895,50.00000000000001,56.37519983780546,63.06172415345013,50.0,50.00000000000001
395.0,51.868878596839835,49.99999999999999,56.37519983780546,63.06172415345013,50.0,49.99999999999999
396.0,51.868901535203655,50.00000000000001,56.37519983780546,63.06172415345013,50.0,50.00000000000001
397.0,51.868924799053595,49.99999999999999,56.37519983780546,63.06172415345013,50.0,49.99999999999999
398.0,51.868948382401285,50.00000000000001,56.37519983780546,63.06172415345013,50.0,50.00000000000001
399.0,51.868972279364584,49.99999999999999,56.37519983780546,63.06172415345013,50.0,49.99999999999999
400.0,51.868996484165486,50.00000000000001,56.37519983780546,63.06172415345013,50.0,50.00000000000001
401.0,51.86902099112792,49.99999999999999,56.37519983780546,63.06172415345013,50.0,49.99999999999999
402.0,51.869045794675834,50.00000000000001,56.37519983780546,63.06172415345013,50.0,50.00000000000001
403.0,51.869070889331056,49.99999999999999,56.37519983780546,63.06172415345013,50.0,49.99999999999999
404.0,51.869096269711406,50.00000000000001,56.37519983780546,63.06172415345013,50.0,50.00000000000001
405.0,51.86912193052881,49.99999999999999,56.37519983780546,63.06172415345013,50.0,49.99999999999999
406.0,51.8691478665874,50.00000000000001,56.37519983780546,63.06172415345013,50.0,50.00000000000001
407.0,51.86917407278169,49.99999999999999,56.37519983780546,63.06172415345013,50.0,49.99999999999999
408.0,51.869200544094824,50.00000000000001,56.37519983780546,63.06172415345013,50.0,50.00000000000001
409.0,51.869227275596735,49.99999999999999,56.37519983780546,63.06172415345013,50.0,49.99999999999999
410.0,51.869254262442674,50.00000000000001,56.37519983780546,63.06172415345013,50.0,50.00000000000001
411.0,51.869281499871235,49.99999999999999,56.37519983780546,63.06172415345013,50.0,49.99999999999999
412.0,51.86930898320298,50.00000000000001,56.37519983780546,63.06172415345013,50.0,50.00000000000001
413.0,51.8693367078387,49.99999999999999,56.37519983780546,63.06172415345013,50.0,49.99999999999999
414.0,51.869364669258026,50.00000000000001,56.37519983780546,63.06172415345013,50.0,50.00000000000001
415.0,51.869392863017694,49.99999999999999,56.37519983780546,63.06172415345013,50.0,49.99999999999999
416.0,51.86942128475023,50.00000000000001,56.37519983780546,58.71076987689282,50.0,50.00000000000001
417.0,51.869449930162425,50.01499999999999,56.37519983780546,50.0,50.0,49.99999999999999
418.0,51.86947879503395,50.00000000000001,56.37519983780546,50.0,50.0,50.00000000000001
419.0,51.869507875215895,49.985,56.37519983780546,50.0,50.0,50.0
420.0,51.86953716662954,49.970000000000006,56.37519983780546,50.0,50.0,50.0
421.0,51.86956666526488,49.94643920267883,56.37519983780546,50.0,50.0,50.0
422.0,51.86959636717946,50.055077005520054,56.37519983780546,50.0,50.0,50.00000000000001
423.0,51.86962626849697,50.14235988973254,56.37519983780546,50.0,50.0,50.0
424.0,51.86965636540613,50.37961936782287,56.37519983780546,50.0,50.0,50.00000000000001
425.0,51.86968665415941,51.02455749574546,56.37519983780546,50.0,50.0,50.0
426.0,51.869717131071795,60.25658350974743,56.37519983780546,50.0,50.0,50.0
427.0,51.8697477925197,60.477329831333535,56.37519983780546,50.0,50.0,49.99999999999999
428.0,51.86977863493983,60.6698729810778,56.37519983780546,50.0,50.0,49.99999999999999
429.0,51.86980965482798,60.83974852831078,56.37519983780546,50.0,50.0,50.0
430.0,51.86984084873804,60.99108137131363,56.37519983780546,50.0,50.0,50.0
431.0,51.869872213280786,61.12701665379258,56.37519983780546,50.0,50.0,50.0
432.0,51.86990374512308,61.25,56.37519983780546,50.0,50.0,50.0
433.0,51.86993544098658,61.36196562445501,56.37519983780546,50.0,50.0,50.0
434.0,51.869967297646895,61.46446609406727,56.37519983780546,50.0,50.0,50.00000000000001
435.0,51.869999311932524,61.558763991941575,56.37519983780546,50.0,50.0,50.0
436.0,51.870031480724,61.64589803375031,56.37519983780546,50.0,50.0,50.0
437.0,51.87006380095277,61.72673164646012,56.37519983780546,50.0,50.0,50.0
438.0,51.870096269600516,61.801989254665855,56.37519983780546,50.0,50.0,50.00000000000001
439.0,51.87012888369799,61.87228378914387,56.37519983780546,50.0,50.0,49.99999999999999
440.0,51.870161640324326,61.93813782152103,56.37519983780546,50.0,50.0,50.00000000000001
441.0,51.8701945366061,61.99999999999999,56.37519983780546,50.0,50.0,49.99999999999999
442.0,51.87022756971648,62.05825797292725,56.37519983780546,50.0,50.0,50.00000000000001
443.0,51.870260736874386,62.113248654051866,56.37519983780546,50.0,50.0,49.99999999999999
444.0,51.87029403534369,62.1652664524308,56.37519983780546,50.0,50.0,50.00000000000001
445.0,51.87032746243245,62.214569927344215,56.37519983780546,50.0,50.0,49.99999999999999
446.0,51.87036101549204,62.261387212474176,56.37519983780546,50.0,50.0,50.00000000000001
447.0,51.870394691916516,62.30592046959837,56.37519983780546,50.0,50.0,49.99999999999999
448.0,51.87042848914177,62.348349570550454,56.37519983780546,50.0,50.0,50.00000000000001
449.0,51.87046240464474,62.38883516066453,56.37519983780546,50.0,50.0,49.99999999999999
450.0,51.87049643594286,62.427521222862374,56.37519983780546,50.0,50.0,50.00000000000001
451.0,51.87053058059321,62.46453723581445,56.37519983780546,50.0,50.0,49.99999999999999
452.0,51.87056483619188,62.50000000000001,56.37519983780546,50.0,50.0,50.00000000000001
453.0,51.87059920037331,62.53401519041964,56.37519983780546,50.0,50.0,49.99999999999999
454.0,51.87063367080957,62.56667868303857,56.37519983780546,50.0,50.0,50.00000000000001
455.0,51.87066824520973,62.59807769292368,56.37519983780546,50.0,50.0,49.99999999999999
456.0,51.87070292131926,62.62829175487372,56.37519983780546,50.0,50.0,50.00000000000001
457.0,51.87073769691933,62.6573935716709,56.37519983780546,50.0,50.0,49.99999999999999
458.0,51.870772569826286,62.68544975056863,56.37519983780546,50.0,50.0,50.00000000000001
459.0,51.87080753789096,62.71252144501092,56.37519983780546,50.0,50.0,49.99999999999999
460.0,51.87084259899813,62.73866491566678,56.37519983780546,50.0,50.0,50.00000000000001
461.0,51.870877751065926,62.7639320225002,56.37519983780546,50.0,50.0,49.99999999999999
462.0,51.87091299204528,62.78837065767655,56.37519983780546,50.0,50.0,50.00000000000001
463.0,51.87094831991935,62.81202512753158,56.37519983780546,50.0,50.0,49.99999999999999
464.0,51.87098373270294,62.83493649053891,56.37519983780546,50.0,50.0,50.00000000000001
465.0,51.87101922844205,62.85714285714285,56.37519983780546,50.0,50.0,49.99999999999999
466.0,51.871054805213284,62.87867965644037,56.37519983780546,50.0,50.0,50.00000000000001
467.0,51.87109046112334,62.899579873957975,56.37519983780546,50.0,50.0,49.99999999999999
468.0,51.871126194308516,62.919874264155396,56.37519983780546,50.0,50.0,50.00000000000001
469.0,51.87116200293428,62.939591540769655,56.37519983780546,50.0,50.0,49.99999999999999
470.0,51.871197885194626,62.95875854768069,56.37519983780546,50.0,50.0,50.00000000000001
471.0,51.87123383931171,62.977400412610265,56.37519983780546,50.0,50.0,49.99999999999999
472.0,51.871269863535424,62.99554068565683,56.37519983780546,50.0,50.0,50.00000000000001
473.0,51.871305956142784,63.01320146440243,56.37519983780546,50.0,50.0,49.99999999999999
474.0,51.87134211543763,63.03040350710417,56.37519983780546,50.0,50.0,50.00000000000001
475.0,51.871378339750095,63.047166335287635,56.37519983780546,50.0,50.0,49.99999999999999
476.0,51.87141462743621,63.0635083268963,56.37519983780546,54.34905544509588,50.0,50.00000000000001
477.0,51.871450976877455,63.09879585645165,56.37519983780546,63.06982350621186,50.0,49.99999999999999
478.0,51.871487386480325,63.11241697394846,56.37519983780546,63.06982350621186,50.0,50.00000000000001
479.0,51.87152385467596,63.12566633741139,56.37519983780546,63.06982350621186,50.0,50.0
480.0,51.871560379919785,63.13855852596373,56.37519983780546,63.06982350621186,50.0,50.0
481.0,51.87159696069095,63.1400644411637,56.37519983780546,63.06982350621186,50.0,50.0
482.0,51.871633595492135,63.301826599486084,56.37519983780546,63.06982350621186,50.0,50.0
483.0,51.87167028284902,63.569358464649724,56.37519983780546,63.06982350621186,50.0,50.0
484.0,51.871707021309994,64.27251421112439,56.37519983780546,63.06982350621186,50.0,50.0
485.0,51.87174380944576,66.1603557492054,56.37519983780546,63.06982350621186,50.0,50.0
486.0,51.87178064584901,63.23034686715728,56.37519983780546,63.06982350621186,50.0,50.0
487.0,51.87181752913399,50.0,56.37519983780546,63.06982350621186,50.0,50.0
488.0,51.87185445793622,50.0,56.37519983780546,63.06982350621186,50.0,50.0
489.0,51.87189143091216,50.0,56.37519983780546,63.06982350621186,50.0,50.0
490.0,51.871928446738806,50.0,56.37519983780546,63.06982350621186,50.0,50.0
491.0,51.87196550411342,50.0,56.37519983780546,63.06982350621186,50.0,50.0
492.0,51.872002601753195,50.0,56.37519983780546,63.06982350621186,50.0,50.0
493.0,51.87203973839494,50.0,56.37519983780546,63.06982350621186,50.0,50.0
494.0,51.872076912794746,50.0,56.37519983780546,63.06982350621186,50.0,50.0
495.0,51.87211412372766,50.0,56.37519983780546,63.06982350621186,50.0,50.0
496.0,51.87215136998749,49.99999999999999,56.37519983780546,63.06982350621186,50.0,49.99999999999999
497.0,51.8721886503864,50.0,56.37519983780546,63.06982350621186,50.0,50.0
498.0,51.872225963754644,50.00000000000001,56.37519983780546,63.06982350621186,50.0,50.00000000000001
499.0,51.87226330894029,49.99999999999999,56.37519983780546,63.06982350621186,50.0,49.99999999999999
500.0,51.87230068480898,50.00000000000001,56.37519983780546,63.06982350621186,50.0,50.00000000000001
501.0,51.87233809024358,49.99999999999999,56.37519983780546,63.06982350621186,50.0,49.99999999999999
502.0,51.87237552414394,50.00000000000001,56.37519983780546,63.06982350621186,50.0,50.00000000000001
503.0,51.87241298542667,49.99999999999999,56.37519983780546,63.06982350621186,50.0,49.99999999999999
504.0,51.872450473024855,50.00000000000001,56.37519983780546,63.06982350621186,50.0,50.00000000000001
505.0,51.872487985887695,49.99999999999999,56.37519983780546,63.06982350621186,50.0,49.99999999999999
506.0,51.872525522980474,50.00000000000001,56.37519983780546,63.06982350621186,50.0,50.00000000000001
507.0,51.87256308328407,49.99999999999999,56.37519983780546,63.06982350621186,50.0,49.99999999999999
508.0,51.87260066579489,50.00000000000001,56.37519983780546,63.06982350621186,50.0,50.00000000000001
509.0,51.8726382695245,49.99999999999999,56.37519983780546,63.06982350621186,50.0,49.99999999999999
510.0,51.87267589349957,50.00000000000001,56.37519983780546,63.06982350621186,50.0,50.00000000000001
511.0,51.87271353676141,49.99999999999999,56.37519983780546,63.06982350621186,50.0,49.99999999999999
512.0,51.87275119836591,50.00000000000001,56.37519983780546,63.06982350621186,50.0,50.00000000000001
513.0,51.87278887738324,49.99999999999999,56.37519983780546,63.06982350621186,50.0,49.99999999999999
514.0,51.87282657289773,50.00000000000001,56.37519983780546,63.06982350621186,50.0,50.00000000000001
515.0,51.872864284007505,49.99999999999999,56.37519983780546,63.06982350621186,50.0,49.99999999999999
516.0,51.87290200982433,50.00000000000001,56.37519983780546,63.06982350621186,50.0,50.00000000000001
517.0,51.872939749473524,49.99999999999999,56.37519983780546,63.06982350621186,50.0,49.99999999999999
518.0,51.87297750209355,50.00000000000001,56.37519983780546,63.06982350621186,50.0,50.00000000000001
519.0,51.87301526683598,49.99999999999999,56.37519983780546,63.06982350621186,50.0,49.99999999999999
520.0,51.873053042865195,50.00000000000001,56.37519983780546,63.06982350621186,50.0,50.00000000000001
521.0,51.873090829358226,49.99999999999999,56.37519983780546,63.06982350621186,50.0,49.99999999999999
522.0,51.8731286255046,50.00000000000001,56.37519983780546,63.06982350621186,50.0,50.00000000000001
523.0,51.87316643050606,49.99999999999999,56.37519983780546,63.06982350621186,50.0,49.99999999999999
524.0,51.87320424357648,50.00000000000001,56.37519983780546,63.06982350621186,50.0,50.00000000000001
525.0,51.8732420639416,49.99999999999999,56.37519983780546,63.06982350621186,50.0,49.99999999999999
526.0,51.87327989083898,50.00000000000001,56.37519983780546,63.06982350621186,50.0,50.00000000000001
527.0,51.873317723517516,49.99999999999999,56.37519983780546,63.06982350621186,50.0,49.99999999999999
528.0,51.873355561237766,50.00000000000001,56.37519983780546,63.06982350621186,50.0,50.00000000000001
529.0,51.873393403271244,49.99999999999999,56.37519983780546,63.06982350621186,50.0,49.99999999999999
530.0,51.87343124890062,50.00000000000001,56.37519983780546,63.06982350621186,50.0,50.00000000000001
531.0,51.87346909741943,49.99999999999999,56.37519983780546,63.06982350621186,50.0,49.99999999999999
532.0,51.87350694813189,50.00000000000001,56.37519983780546,63.06982350621186,50.0,50.00000000000001
533.0,51.87354480035278,49.99999999999999,56.37519983780546,63.06982350621186,50.0,49.99999999999999
534.0,51.8735826534073,50.00000000000001,56.37519983780546,63.06982350621186,50.0,50.00000000000001
535.0,51.8736205066308,49.99999999999999,56.37519983780546,63.06982350621186,50.0,49.99999999999999
536.0,51.87365835936888,50.00000000000001,56.37519983780546,63.06982350621186,50.0,50.00000000000001
537.0,51.87369621097689,49.99999999999999,56.37519983780546,54.34905544509588,50.0,49.99999999999999
538.0,51.87373406082011,49.970000000000006,56.37519983780546,49.99999999999999,50.0,50.00000000000001
539.0,51.8737719082734,49.955,56.37519983780546,49.99999999999999,50.0,50.0
540.0,51.87380975272115,49.940000000000005,56.37519983780546,49.99999999999999,50.0,50.0
541.0,51.87384759355711,49.925000000000004,56.37519983780546,49.99999999999999,50.0,50.0
542.0,51.87388543018425,49.92712159464236,56.37519983780546,49.99999999999999,50.0,50.00000000000001
543.0,51.873923262014635,49.690528380923425,56.37519983780546,49.99999999999999,50.0,50.0
544.0,51.87396108846928,49.151413987901826,56.37519983780546,49.99999999999999,50.0,50.00000000000001
545.0,51.87399890897808,47.68594912989046,56.37519983780546,49.99999999999999,50.0,50.0
546.0,51.87403672297957,42.28624184531412,56.37519983780546,49.99999999999999,50.0,50.0
547.0,51.87407452992084,39.74341649025257,56.37519983780546,49.99999999999999,50.0,50.0
548.0,51.8741123292575,39.52267016866645,56.37519983780546,49.99999999999999,50.0,50.0
549.0,51.87415012045344,39.33012701892219,56.37519983780546,49.99999999999999,50.0,50.0
550.0,51.87418790298076,39.16025147168922,56.37519983780546,49.99999999999999,50.0,50.0
551.0,51.87422567631959,39.00891862868637,56.37519983780546,49.99999999999999,50.0,50.0
552.0,51.87426343995817,38.87298334620741,56.37519983780546,49.99999999999999,50.0,49.99999999999999
553.0,51.874301193392455,38.75,56.37519983780546,49.99999999999999,50.0,50.0
554.0,51.87433893612615,38.638034375545,56.37519983780546,49.99999999999999,50.0,50.0
555.0,51.87437666767066,38.535533905932745,56.37519983780546,49.99999999999999,50.0,50.0
556.0,51.874414387544896,38.441236008058425,56.37519983780546,49.99999999999999,50.0,50.0
557.0,51.87445209527506,38.35410196624969,56.37519983780546,49.99999999999999,50.0,50.0
558.0,51.87448979039482,38.27326835353989,56.37519983780546,49.99999999999999,50.0,50.0
559.0,51.87452747244492,38.19801074533416,56.37519983780546,49.99999999999999,50.0,50.00000000000001
560.0,51.87456514097326,38.12771621085612,56.37519983780546,49.99999999999999,50.0,50.0
561.0,51.874602795534685,38.061862178478975,56.37519983780546,49.99999999999999,50.0,50.0
562.0,51.874640435691006,38.0,56.37519983780546,49.99999999999999,50.0,50.0
563.0,51.87467806101074,37.94174202707276,56.37519983780546,49.99999999999999,50.0,50.0
564.0,51.874715671069154,37.88675134594813,56.37519983780546,49.99999999999999,50.0,50.0
565.0,51.87475326544808,37.834733547569215,56.37519983780546,49.99999999999999,50.0,50.00000000000001
566.0,51.874790843735916,37.78543007265577,56.37519983780546,49.99999999999999,50.0,50.0
567.0,51.87482840552742,37.73861278752584,56.37519983780546,49.99999999999999,50.0,50.0
568.0,51.87486595042364,37.69407953040162,56.37519983780546,49.99999999999999,50.0,50.0
569.0,51.87490347803195,37.65165042944956,56.37519983780546,49.99999999999999,50.0,50.0
570.0,51.87494098796586,37.611164839335466,56.37519983780546,49.99999999999999,50.0,50.0
571.0,51.87497847984482,37.57247877713763,56.37519983780546,49.99999999999999,50.0,50.0
572.0,51.875015953294394,37.535462764185546,56.37519983780546,49.99999999999999,50.0,50.0
573.0,51.87505340794592,37.50000000000001,56.37519983780546,49.99999999999999,50.0,50.0
574.0,51.87509084343664,37.465984809580355,56.37519983780546,49.99999999999999,50.0,50.0
575.0,51.87512825940945,37.43332131696144,56.37519983780546,49.99999999999999,50.0,50.0
576.0,51.8751656555129,37.401922307076305,56.37519983780546,49.99999999999999,50.0,50.0
577.0,51.87520303140113,37.37170824512629,56.37519983780546,49.99999999999999,50.0,50.00000000000001
578.0,51.87524038673371,37.34260642832909,56.37519983780546,49.99999999999999,50.0,50.0
579.0,51.875277721175685,37.314550249431385,56.37519983780546,49.99999999999999,50.0,50.0
580.0,51.8753150343974,37.287478554989065,56.37519983780546,49.99999999999999,50.0,50.0
581.0,51.87535232607442,37.26133508433323,56.37519983780546,49.99999999999999,50.0,50.0
582.0,51.87538959588758,37.236067977499786,56.37519983780546,49.99999999999999,50.0,50.0
583.0,51.875426843522696,37.21162934232346,56.37519983780546,49.99999999999999,50.0,50.0
584.0,51.875464068670794,37.187974872468416,56.37519983780546,49.99999999999999,50.0,49.99999999999999
585.0,51.87550127102768,37.165063509461106,56.37519983780546,49.99999999999999,50.0,50.0
586.0,51.875538450294236,37.14285714285714,56.37519983780546,49.99999999999999,50.0,50.0
587.0,51.87557560617605,37.121320343559645,56.37519983780546,49.99999999999999,50.0,50.0
588.0,51.87561273838352,37.10042012604201,56.37519983780546,49.99999999999999,50.0,50.0
589.0,51.87564984663174,37.08012573584462,56.37519983780546,49.99999999999999,50.0,50.0
590.0,51.87568693064045,37.06040845923033,56.37519983780546,49.99999999999999,50.0,50.0
591.0,51.875723990133885,37.04124145231932,56.37519983780546,49.99999999999999,50.0,50.0
592.0,51.87576102484094,37.02259958738973,56.37519983780546,49.99999999999999,50.0,50.0
593.0,51.87579803449477,37.00445931434319,56.37519983780546,49.99999999999999,50.0,50.0
594.0,51.87583501883306,36.986798535597565,56.37519983780546,49.99999999999999,50.0,50.0
595.0,51.87587197759767,36.969596492895846,56.37519983780546,49.99999999999999,50.0,50.0
596.0,51.875908910534875,36.95283366471236,56.37519983780546,49.99999999999999,50.0,50.0
597.0,51.87594581739504,36.93649167310372,56.37519983780546,41.290994448735816,50.0,50.0
598.0,51.87598269793273,36.94184419344217,56.37519983780546,36.93649167310372,50.0,50.0
599.0,51.87601955190655,36.9282293911247,56.37519983780546,36.93649167310372,50.0,50.0
600.0,51.8760563790792,36.914986342841075,56.37519983780546,36.93649167310372,50.0,50.0
601.0,51.87609317921728,36.902100469468046,56.37519983780546,36.93649167310372,50.0,50.0
602.0,51.87612995209136,36.87740678742983,56.37519983780546,36.93649167310372,50.0,50.0
603.0,51.87616669747587,37.02742968981991,56.37519983780546,36.93649167310372,50.0,50.0
604.0,51.876203415149035,37.32565601999155,56.37519983780546,36.93649167310372,50.0,50.0
605.0,51.876240104892865,38.16039049519858,56.37519983780546,36.93649167310372,50.0,50.0
606.0,51.876276766493056,40.45296800087976,56.37519983780546,36.93649167310372,50.0,50.0
607.0,51.876313399738955,64.55819083793519,56.37519983780546,36.93649167310372,50.0,50.0
608.0,51.876350004423564,50.0,56.37519983780546,36.93649167310372,50.0,50.0
609.0,51.87638658034341,50.0,56.37519983780546,36.93649167310372,50.0,50.0
610.0,51.876423127298516,49.99999999999999,56.37519983780546,36.93649167310372,50.0,49.99999999999999
611.0,51.87645964509238,50.0,56.37519983780546,36.93649167310372,50.0,50.0
612.0,51.87649613353197,50.0,56.37519983780546,36.93649167310372,50.0,50.0
613.0,51.87653259242749,50.0,56.37519983780546,36.93649167310372,50.0,50.0
614.0,51.87656902159263,50.0,56.37519983780546,36.93649167310372,50.0,50.0
615.0,51.87660542084422,50.0,56.37519983780546,36.93649167310372,50.0,50.0
616.0,51.8766417900024,50.0,56.37519983780546,36.93649167310372,50.0,50.0
617.0,51.876678128890454,50.0,56.37519983780546,36.93649167310372,50.0,50.0
618.0,51.87671443733486,50.0,56.37519983780546,36.93649167310372,50.0,50.0
619.0,51.87675071516519,50.0,56.37519983780546,36.93649167310372,50.0,50.0
620.0,51.87678696221399,50.0,56.37519983780546,36.93649167310372,50.0,50.0
621.0,51.876823178316954,50.0,56.37519983780546,36.93649167310372,50.0,50.0
622.0,51.87685936331267,50.0,56.37519983780546,36.93649167310372,50.0,50.0
623.0,51.87689551704268,50.0,56.37519983780546,36.93649167310372,50.0,50.0
624.0,51.876931639351426,50.0,56.37519983780546,36.93649167310372,50.0,50.0
625.0,51.876967730086214,50.0,56.37519983780546,36.93649167310372,50.0,50.0
626.0,51.87700378909718,50.0,56.37519983780546,36.93649167310372,50.0,50.0
627.0,51.87703981623721,50.0,56.37519983780546,36.93649167310372,50.0,50.0
628.0,51.87707581136195,50.0,56.37519983780546,36.93649167310372,50.0,50.0
629.0,51.877111774329755,50.0,56.37519983780546,36.93649167310372,50.0,50.0
630.0,51.87714770500165,50.0,56.37519983780546,36.93649167310372,50.0,50.0
631.0,51.877183603241306,50.0,56.37519983780546,36.93649167310372,50.0,50.0
632.0,51.87721946891495,50.0,56.37519983780546,36.93649167310372,50.0,50.0
633.0,51.87725530189142,50.0,56.37519983780546,36.93649167310372,50.0,50.0
634.0,51.87729110204206,50.0,56.37519983780546,36.93649167310372,50.0,50.0
635.0,51.87732686924069,50.0,56.37519983780546,36.93649167310372,50.0,50.0
636.0,51.87736260336365,50.0,56.37519983780546,36.93649167310372,50.0,50.0
637.0,51.87739830428967,50.0,56.37519983780546,36.93649167310372,50.0,50.0
638.0,51.87743397189982,50.0,56.37519983780546,36.93649167310372,50.0,50.0
639.0,51.87746960607762,50.0,56.37519983780546,36.93649167310372,50.0,50.0
640.0,51.8775052067089,50.0,56.37519983780546,36.93649167310372,50.0,50.0
641.0,51.87754077368177,50.0,56.37519983780546,36.93649167310372,50.0,50.0
642.0,51.87757630688662,50.0,56.37519983780546,36.93649167310372,50.0,50.0
643.0,51.87761180621607,50.0,56.37519983780546,36.93649167310372,50.0,50.0
644.0,51.877647271564946,50.0,56.37519983780546,36.93649167310372,50.0,50.0
645.0,51.877682702830256,50.0,56.37519983780546,36.93649167310372,50.0,50.0
646.0,51.87771809991118,50.0,56.37519983780546,36.93649167310372,50.0,50.0
647.0,51.87775346270897,50.0,56.37519983780546,36.93649167310372,50.0,50.0
648.0,51.87778879112703,50.0,56.37519983780546,36.93649167310372,50.0,50.0
649.0,51.87782408507077,50.0,56.37519983780546,36.93649167310372,50.0,50.0
650.0,51.87785934444768,50.0,56.37519983780546,36.93649167310372,50.0,50.0
651.0,51.8778945691672,50.0,56.37519983780546,36.93649167310372,50.0,50.0
652.0,51.87792975914086,50.0,56.37519983780546,36.93649167310372,50.0,50.0
653.0,51.87796491428202,50.0,56.37519983780546,36.93649167310372,50.0,50.0
654.0,51.878000034506044,50.0,56.37519983780546,36.93649167310372,50.0,50.0
655.0,51.87803511973015,50.0,56.37519983780546,36.93649167310372,50.0,50.0
656.0,51.87807016987352,50.0,56.37519983780546,36.93649167310372,50.0,50.0
657.0,51.8781051848571,50.0,56.37519983780546,36.93649167310372,50.0,50.0
658.0,51.87814016460368,50.0,56.37519983780546,41.290994448735816,50.0,50.0
659.0,51.8781751090379,49.985,56.37519983780546,49.99000000000001,50.0,50.0
660.0,51.87821001808612,49.99999,56.37519983780546,49.99000000000001,50.0,50.0
661.0,51.87824489167648,50.014979999999994,56.37519983780546,49.99000000000001,50.0,50.0
662.0,51.878279729738885,50.029970000000006,56.37519983780546,49.99000000000001,50.0,50.0
663.0,51.87831453220486,50.05352079732118,56.37519983780546,49.99000000000001,50.0,50.0
664.0,51.878349299007716,49.94487870167817,56.37519983780546,49.99000000000001,50.0,50.0
665.0,51.87838403008239,49.857514806660205,56.37519983780546,49.99000000000001,50.0,50.0
666.0,51.87841872536538,49.620035118369486,56.37519983780546,49.99000000000001,50.0,50.0
667.0,51.87845338479493,48.97449839706067,56.37519983780546,49.99000000000001,50.0,50.0
668.0,51.87848800831083,47.45460339222023,56.37519983780546,49.99000000000001,50.0,50.0
669.0,51.878522595854406,60.25316464857752,56.37519983780546,49.99000000000001,50.0,50.0
670.0,51.87855714736859,60.47383738805644,56.37519983780546,49.99000000000001,50.0,50.0
671.0,51.87859166279781,60.666316356750784,56.37519983780546,49.99000000000001,50.0,50.0
672.0,51.87862614208803,60.83613527880135,56.37519983780546,49.99000000000001,50.0,50.00000000000001
673.0,51.87866058518669,60.9874176775232,56.37519983780546,49.99000000000001,50.0,50.0
674.0,51.87869499204277,61.12330764824132,56.37519983780546,49.99000000000001,50.0,50.0
675.0,51.87872936260655,61.24625,56.37519983780546,49.99000000000001,50.0,50.0
676.0,51.878763696829914,61.358178302580185,56.37519983780546,49.99000000000001,50.0,50.0
677.0,51.87879799466605,61.46064460536923,56.37519983780546,49.99000000000001,50.0,49.99999999999999
678.0,51.87883225606958,61.55491107061093,56.37519983780546,49.99000000000001,50.0,50.0
679.0,51.8788664809965,61.642016067739064,56.37519983780546,49.99000000000001,50.0,50.0
680.0,51.878900669404175,61.72282273591129,56.37519983780546,49.99000000000001,50.0,50.0
681.0,51.87893482125123,61.79805525824762,56.37519983780546,49.99000000000001,50.0,50.0
682.0,51.878968936497785,61.868326361214166,56.37519983780546,49.99000000000001,50.0,50.0
683.0,51.87900301510505,61.93415844224719,56.37519983780546,49.99000000000001,50.0,50.0
684.0,51.87903705703569,61.996,56.37519983780546,49.99000000000001,50.0,50.0
685.0,51.879071062253544,62.05423855360293,56.37519983780546,49.99000000000001,50.0,50.0
686.0,51.87910503072374,62.10921090450052,56.37519983780546,49.99000000000001,50.0,50.0
687.0,51.87913896241265,62.16121136361332,56.37519983780546,49.99000000000001,50.0,50.0
688.0,51.87917285728782,62.21049840403511,56.37519983780546,49.99000000000001,50.0,50.0
689.0,51.87920671531804,62.257300083403344,56.37519983780546,49.99000000000001,50.0,50.0
690.0,51.8792405364733,62.30181849610851,56.37519983780546,49.99000000000001,50.0,50.0
691.0,51.879274320724655,62.344233454026934,56.37519983780546,49.99000000000001,50.0,50.0
692.0,51.87930806804448,62.38470554894431,56.37519983780546,49.99000000000001,50.0,50.0
693.0,51.87934177840612,62.42337871578808,56.37519983780546,49.99000000000001,50.0,50.0
694.0,51.8793754517842,62.46038239006918,56.37519983780546,49.99000000000001,50.0,50.0
695.0,51.879409088154304,62.49583333333334,56.37519983780546,49.99000000000001,50.0,50.0
696.0,51.879442687493224,62.52983718535617,56.37519983780546,49.99000000000001,50.0,50.0
697.0,51.879476249778754,62.56248979014421,56.37519983780546,49.99000000000001,50.0,50.0
698.0,51.87950977498979,62.593878333692714,56.37519983780546,49.99000000000001,50.0,50.0
699.0,51.87954326310629,62.62408232428876,56.37519983780546,49.99000000000001,50.0,50.0
700.0,51.879576714109206,62.653174440480356,56.37519983780546,49.99000000000001,50.0,50.0
701.0,51.87961012798054,62.681221267318435,56.37519983780546,49.99000000000001,50.0,50.0
702.0,51.87964350470328,62.708283937862596,56.37519983780546,49.99000000000001,50.0,50.0
703.0,51.87967684426144,62.73441869402822,56.37519983780546,49.99000000000001,50.0,50.0
704.0,51.879710146639994,62.75967737849271,56.37519983780546,49.99000000000001,50.0,50.0
705.0,51.879743411824826,62.784107867457315,56.37519983780546,49.99000000000001,50.0,50.0
706.0,51.8797766398029,62.80775445248907,56.37519983780546,49.99000000000001,50.0,50.0
707.0,51.87980983056201,62.830658178375394,56.37519983780546,49.99000000000001,50.0,50.0
708.0,51.87984298409094,62.85285714285715,56.37519983780546,49.99000000000001,50.0,50.0
709.0,51.87987610037931,62.874386763221544,56.37519983780546,49.99000000000001,50.0,50.0
710.0,51.87990917941777,62.895280014,56.37519983780546,49.99000000000001,50.0,50.0
711.0,51.879942221197766,62.91556763940067,56.37519983780546,49.99000000000001,50.0,50.0
712.0,51.879975225711625,62.93527834358941,56.37519983780546,49.99000000000001,50.0,50.0
713.0,51.880008192952545,62.95443896149813,56.37519983780546,49.99000000000001,50.0,50.0
714.0,51.88004112291467,62.973074612472736,56.37519983780546,49.99000000000001,50.0,50.0
715.0,51.88007401559281,62.9912088387616,56.37519983780546,49.99000000000001,50.0,50.0
716.0,51.88010687098277,63.00886373058097,56.37519983780546,49.99000000000001,50.0,50.0
717.0,51.88013968908109,63.02606003926846,56.37519983780546,49.99000000000001,50.0,50.0
718.0,51.88017246988514,63.04281727984255,56.37519983780546,54.33760575994752,50.0,50.0
719.0,51.88020521339307,63.04850142988061,56.37519983780546,54.33760575994752,50.0,50.0
720.0,51.88023791960386,63.05378219692612,56.37519983780546,63.04512722456492,50.0,50.0
721.0,51.880270588517185,63.06737843437661,56.37519983780546,63.04512722456492,50.0,50.0
722.0,51.880303220133584,63.08060304171125,56.37519983780546,63.04512722456492,50.0,50.00000000000001
723.0,51.88033581445426,63.09955012573188,56.37519983780546,63.04512722456492,50.0,50.0
724.0,51.88036837148127,63.03643089827861,56.37519983780546,63.04512722456492,50.0,50.00000000000001
725.0,51.88040089121725,62.819734069135734,56.37519983780546,63.04512722456492,50.0,49.99999999999999
726.0,51.88043337366572,62.26641471165463,56.37519983780546,63.04512722456492,50.0,50.0
727.0,51.88046581883074,60.738273519499394,56.37519983780546,63.04512722456492,50.0,50.0
728.0,51.88049822671731,56.72761403814054,56.37519983780546,63.04512722456492,50.0,50.0
729.0,51.88053059733086,53.024118191765325,56.37519983780546,63.04512722456492,50.0,50.0
730.0,51.88056293067765,42.7186877618265,56.37519983780546,63.04512722456492,50.0,50.0
731.0,51.88059522676466,50.0,56.37519983780546,63.04512722456492,50.0,50.0
732.0,51.8806274855994,50.0,56.37519983780546,63.04512722456492,50.0,50.0
733.0,51.880659707190134,50.0,56.37519983780546,63.04512722456492,50.0,50.0
734.0,51.88069189154572,50.0,56.37519983780546,63.04512722456492,50.0,50.0
735.0,51.880724038675694,50.0,56.37519983780546,63.04512722456492,50.0,50.0
736.0,51.8807561485902,50.0,56.37519983780546,63.04512722456492,50.0,50.0
737.0,51.88078822129999,50.0,56.37519983780546,63.04512722456492,50.0,50.0
738.0,51.88082025681641,50.0,56.37519983780546,63.04512722456492,50.0,50.0
739.0,51.88085225515151,50.0,56.37519983780546,63.04512722456492,50.0,50.0
740.0,51.88088421631782,50.0,56.37519983780546,63.04512722456492,50.0,50.0
741.0,51.88091614032848,50.0,56.37519983780546,63.04512722456492,50.0,50.0
742.0,51.880948027197235,50.0,56.37519983780546,63.04512722456492,50.0,50.0
743.0,51.8809798769384,50.0,56.37519983780546,63.04512722456492,50.0,50.0
744.0,51.88101168956684,50.0,56.37519983780546,63.04512722456492,50.0,50.0
745.0,51.88104346509793,50.0,56.37519983780546,63.04512722456492,50.0,50.0
746.0,51.88107520354769,50.0,56.37519983780546,63.04512722456492,50.0,50.0
747.0,51.88110690493256,50.0,56.37519983780546,63.04512722456492,50.0,50.0
748.0,51.881138569269616,50.0,56.37519983780546,63.04512722456492,50.0,50.0
749.0,51.881170196576356,50.0,56.37519983780546,63.04512722456492,50.0,50.0
750.0,51.88120178687089,50.0,56.37519983780546,63.04512722456492,50.0,50.0
751.0,51.88123334017177,50.0,56.37519983780546,63.04512722456492,50.0,50.0
752.0,51.88126485649805,50.0,56.37519983780546,63.04512722456492,50.0,50.0
753.0,51.88129633586931,50.0,56.37519983780546,63.04512722456492,50.0,50.0
754.0,51.88132777830559,50.0,56.37519983780546,63.04512722456492,50.0,50.0
755.0,51.88135918382742,50.0,56.37519983780546,63.04512722456492,50.0,50.0
756.0,51.88139055245581,50.0,56.37519983780546,63.04512722456492,50.0,50.0
757.0,51.88142188421215,50.0,56.37519983780546,63.04512722456492,50.0,50.0
758.0,51.88145317911846,50.0,56.37519983780546,63.04512722456492,50.0,50.0
759.0,51.881484437197045,50.0,56.37519983780546,63.04512722456492,50.0,50.0
760.0,51.88151565847074,50.0,56.37519983780546,63.04512722456492,50.0,50.0
761.0,51.881546842962784,50.0,56.37519983780546,63.04512722456492,50.0,50.0
762.0,51.88157799069688,50.0,56.37519983780546,63.04512722456492,50.0,50.0
763.0,51.88160910169711,50.0,56.37519983780546,63.04512722456492,50.0,50.0
764.0,51.88164017598804,50.0,56.37519983780546,63.04512722456492,50.0,50.0
765.0,51.88167121359454,50.0,56.37519983780546,63.04512722456492,50.0,50.0
766.0,51.88170221454202,50.0,56.37519983780546,63.04512722456492,50.0,50.0
767.0,51.88173317885619,50.0,56.37519983780546,63.04512722456492,50.0,50.0
768.0,51.88176410656321,50.0,56.37519983780546,63.04512722456492,50.0,50.0
769.0,51.88179499768958,50.0,56.37519983780546,63.04512722456492,50.0,50.0
770.0,51.88182585226225,50.0,56.37519983780546,63.04512722456492,50.0,50.0
771.0,51.88185667030849,50.0,56.37519983780546,63.04512722456492,50.0,50.0
772.0,51.88188745185596,50.0,56.37519983780546,63.04512722456492,50.0,50.0
773.0,51.88191819693266,50.0,56.37519983780546,63.04512722456492,50.0,50.0
774.0,51.88194890556701,50.0,56.37519983780546,63.04512722456492,50.0,50.0
775.0,51.881979577787725,50.0,56.37519983780546,63.04512722456492,50.0,50.0
776.0,51.882010213623914,50.0,56.37519983780546,63.04512722456492,50.0,50.0
777.0,51.88204081310498,50.0,56.37519983780546,63.04512722456492,50.0,50.0
778.0,51.882071376260704,50.0,56.37519983780546,63.04512722456492,50.0,50.0
779.0,51.88210190312121,50.0,56.37519983780546,63.04512722456492,50.0,50.0
780.0,51.8821323937169,50.0,56.37519983780546,58.69386649225622,50.0,50.0
781.0,51.882162848078536,50.015,56.37519983780546,54.35126073230872,50.0,50.0
782.0,51.882193266237174,50.015005,56.37519983780546,50.00500166666667,50.0,50.0
783.0,51.88222364822423,50.000015001666675,56.37519983780546,50.00500166666667,50.0,50.0
784.0,51.88225399407141,49.98502500333334,56.37519983780546,50.00500166666667,50.0,50.00000000000001
785.0,51.88228430381065,49.961474207678826,56.37519983780546,50.00500166666667,50.0,50.0
786.0,51.88231457747428,50.061558361266435,56.37519983780546,50.00500166666667,50.0,50.0
787.0,51.88234481509489,50.26396090351807,56.37519983780546,50.00500166666667,50.0,50.0
788.0,51.88237501670535,50.71017009802449,56.37519983780546,50.00500166666667,50.0,50.0
789.0,51.88240518233883,51.923092443142664,56.37519983780546,50.00500166666667,50.0,50.0
790.0,51.882435312028775,54.985301478913,56.37519983780546,50.00500166666667,50.0,50.0
791.0,51.882465405808865,60.47732983133355,56.37519983780546,50.00500166666667,50.0,50.0
792.0,51.882495463713134,60.669872981077816,56.37519983780546,50.00500166666667,50.0,50.0
793.0,51.88252548577581,60.83974852831078,56.37519983780546,50.00500166666667,50.0,50.0
794.0,51.882555472031406,60.991081371313626,56.37519983780546,50.00500166666667,50.0,50.0
795.0,51.88258542251473,61.12701665379258,56.37519983780546,50.00500166666667,50.0,50.0
796.0,51.88261533726077,61.25,56.37519983780546,50.00500166666667,50.0,50.0
797.0,51.882645216304816,61.36196562445501,56.37519983780546,50.00500166666667,50.0,50.00000000000001
798.0,51.88267505968241,61.46446609406726,56.37519983780546,50.00500166666667,50.0,50.0
799.0,51.88270486742928,61.558763991941575,56.37519983780546,50.00500166666667,50.0,50.0
800.0,51.88273463958149,61.64589803375031,56.37519983780546,50.00500166666667,50.0,50.0
