"tick","donation-normed-big","donation-big group","donation-valued-big"
1.0,55.0,60.121475197315796,95.0
2.0,55.0,60.0800050800076,95.0
3.0,55.0,60.03952630678975,95.0
4.0,55.0,60.0,95.0
5.0,55.0,59.96138938356842,95.0
6.0,55.0,59.92365963917336,95.0
7.0,55.0,59.88677777425213,95.0
8.0,55.0,59.850712500726694,95.0
9.0,55.0723986940407,58.99811198296915,93.65671641791045
10.0,55.0723986940407,58.964926183422165,93.65671641791045
11.0,55.0723986940407,58.932461341801115,93.65671641791045
12.0,55.0723986940407,58.9006923368967,93.65671641791045
13.0,55.0723986940407,58.869128026439476,93.65671641791045
14.0,55.0723986940407,58.84449351488588,93.65671641791045
15.0,55.0723986940407,58.83188223858238,93.65671641791045
16.0,55.0723986940407,58.85085468560007,93.65671641791045
17.0,55.0723986940407,58.95461830171442,93.65671641791045
18.0,55.0723986940407,59.27502285427415,93.65671641791045
19.0,55.0723986940407,59.258743377135126,93.65671641791045
20.0,55.0723986940407,59.24145744353621,93.65671641791045
21.0,55.0723986940407,59.22345067672287,93.65671641791045
22.0,55.0723986940407,59.20493241485958,93.65671641791045
23.0,55.0723986940407,59.18605919110412,93.65671641791045
24.0,55.0723986940407,59.16694999234416,93.65671641791045
25.0,55.0723986940407,59.14769649225816,93.65671641791045
26.0,55.0723986940407,59.128370102045935,93.65671641791045
27.0,55.0723986940407,59.10902694382419,93.65671641791045
28.0,55.0723986940407,59.08971143154544,93.65671641791045
29.0,55.0723986940407,59.070458896455996,93.65671641791045
30.0,55.0723986940407,59.051297543250264,93.65671641791045
31.0,55.0723986940407,59.03224992862101,93.65671641791045
32.0,55.0723986940407,59.01333409330581,93.65671641791045
33.0,55.0723986940407,58.994564438946455,93.65671641791045
34.0,55.0723986940407,58.97595241444521,93.65671641791045
35.0,55.0723986940407,58.957507058338784,93.65671641791045
36.0,55.0723986940407,58.939235431113744,93.65671641791045
37.0,55.0723986940407,58.921142962521195,93.65671641791045
38.0,55.0723986940407,58.903233732615114,93.65671641791045
39.0,55.0723986940407,58.885510700657974,93.65671641791045
40.0,55.0723986940407,58.86797589268929,93.65671641791045
41.0,55.0723986940407,58.85063055606782,93.65671641791045
42.0,55.0723986940407,58.833475287442425,93.65671641791045
43.0,55.0723986940407,58.816510139210756,93.65671641791045
44.0,55.0723986940407,58.799734708452895,93.65671641791045
45.0,55.0723986940407,58.78314821150815,93.65671641791045
46.0,55.0723986940407,58.76674954673346,93.65671641791045
47.0,55.0723986940407,58.75053734747972,93.65671641791045
48.0,55.0723986940407,58.734510026938665,93.65671641791045
49.0,55.0723986940407,58.71866581620296,93.65671641791045
50.0,55.0723986940407,58.703002796640305,93.65671641791045
51.0,55.0723986940407,58.687518927481996,93.65671641791045
52.0,55.0723986940407,58.6722120693767,93.65671641791045
53.0,55.0723986940407,58.65708000452134,93.65671641791045
54.0,55.0723986940407,58.642120453891074,93.65671641791045
55.0,55.0723986940407,58.62733109199398,93.65671641791045
56.0,55.0723986940407,58.61270955951576,93.65671641791045
57.0,55.0723986940407,58.59825347415373,93.65671641791045
58.0,55.0723986940407,58.583960439902135,93.65671641791045
59.0,55.0723986940407,58.569828055003256,93.65671641791045
60.0,55.0723986940407,58.55585391874902,93.65671641791045
61.0,55.0723986940407,58.5420356372931,93.65671641791045
62.0,55.0723986940407,58.5283708286059,93.65671641791045
63.0,55.0723986940407,58.514857126688476,93.65671641791045
64.0,55.0723986940407,58.50149218514482,93.65671641791045
65.0,55.0723986940407,58.48827368019656,93.65671641791045
66.0,55.0723986940407,58.47519931321459,93.65671641791045
67.0,55.0723986940407,58.46226681282971,93.65671641791045
68.0,55.0723986940407,58.4494739366795,93.65671641791045
69.0,55.0723986940407,58.436818472835945,93.65671641791045
70.0,55.0723986940407,58.424298240957256,93.65671641791045
71.0,55.0723986940407,58.411911093200025,93.65671641791045
72.0,55.0723986940407,58.3996549149202,93.65671641791045
73.0,55.0723986940407,58.38752762519456,93.65671641791045
74.0,55.0723986940407,58.37552717718228,93.65671641791045
75.0,55.0723986940407,58.363651558350206,93.65671641791045
76.0,55.0723986940407,58.351898790579334,93.65671641791045
77.0,55.0723986940407,58.34026693016695,93.65671641791045
78.0,55.0723986940407,58.32875406774196,93.65671641791045
79.0,55.0723986940407,58.31735832810097,93.65671641791045
80.0,55.0723986940407,58.30607786998051,93.65671641791045
81.0,55.0723986940407,58.29491088577128,93.65671641791045
82.0,55.0723986940407,58.28385560118557,93.65671641791045
83.0,55.0723986940407,58.272910274882044,93.65671641791045
84.0,55.0723986940407,58.26207319805808,93.65671641791045
85.0,55.0723986940407,58.25134269401188,93.65671641791045
86.0,55.0723986940407,58.2407171176814,93.65671641791045
87.0,55.0723986940407,58.23019485516303,93.65671641791045
88.0,55.0723986940407,58.21977432321653,93.65671641791045
89.0,55.0723986940407,58.20945396875472,93.65671641791045
90.0,55.0723986940407,58.199232268326824,93.65671641791045
91.0,55.0723986940407,58.18910772759341,93.65671641791045
92.0,55.0723986940407,58.179078880797185,93.65671641791045
93.0,55.0723986940407,58.16914429023084,93.65671641791045
94.0,55.0723986940407,58.15930254570587,93.65671641791045
95.0,55.0723986940407,58.14955226401953,93.65671641791045
96.0,55.0723986940407,58.139892088426265,93.65671641791045
97.0,55.0723986940407,58.13032068811066,93.65671641791045
98.0,55.0723986940407,58.12083675766582,93.65671641791045
99.0,55.0723986940407,58.111439016574955,93.65671641791045
100.0,55.0723986940407,58.10212620870137,93.65671641791045
101.0,55.0723986940407,58.0928971017816,93.65671641791045
102.0,55.0723986940407,58.08375048692865,93.65671641791045
103.0,55.0723986940407,58.074685178139305,93.65671641791045
104.0,55.0723986940407,58.065700011811984,93.65671641791045
105.0,55.0723986940407,58.05679384627039,93.65671641791045
106.0,55.0723986940407,58.04796556129691,93.65671641791045
107.0,55.0723986940407,58.03921405767203,93.65671641791045
108.0,55.0723986940407,58.03053825672555,93.65671641791045
109.0,55.0723986940407,58.02193709989358,93.65671641791045
110.0,55.0723986940407,58.01340954828533,93.65671641791045
111.0,55.0723986940407,58.00495458225829,93.65671641791045
112.0,55.0723986940407,57.996571201002396,93.65671641791045
113.0,55.0723986940407,57.988258422132084,93.65671641791045
114.0,55.0723986940407,57.98001528128868,93.65671641791045
115.0,55.0723986940407,57.97184083174834,93.65671641791045
116.0,55.0723986940407,57.9637341440418,93.65671641791045
117.0,55.0723986940407,57.95569430557973,93.65671641791045
118.0,55.0723986940407,57.947720420288675,93.65671641791045
119.0,55.0723986940407,57.93981160825317,93.65671641791045
120.0,55.0723986940407,57.931967005366936,93.65671641791045
121.0,55.0723986940407,57.92418576299209,93.65671641791045
122.0,55.0723986940407,57.916467047625694,93.65671641791045
123.0,55.0723986940407,57.90881004057456,93.65671641791045
124.0,55.0723986940407,57.90121393763664,93.65671641791045
125.0,55.0723986940407,57.89367794879038,93.65671641791045
126.0,55.0723986940407,57.88620129789148,93.65671641791045
127.0,55.0723986940407,57.87878322237701,93.65671641791045
128.0,55.0723986940407,57.8714229729746,93.65671641791046
129.0,55.0723986940407,57.864119813421475,93.65671641791043
130.0,55.0723986940407,57.85687302018731,93.65671641791045
131.0,55.0723986940407,57.849681882205275,93.65671641791045
132.0,55.0723986940407,57.84254570060844,93.65671641791045
133.0,55.0723986940407,57.83546378847381,93.65671641791043
134.0,55.0723986940407,57.828435470570724,93.65671641791043
135.0,55.0723986940407,57.82146008311609,93.65671641791045
136.0,55.0723986940407,57.814536973535496,93.65671641791045
137.0,55.0723986940407,57.80766550023024,93.65671641791045
138.0,55.0723986940407,57.80084503234798,93.65671641791045
139.0,55.0723986940407,57.79407494956208,93.65671641791045
140.0,55.0723986940407,57.787354641853184,93.65671641791043
141.0,55.0723986940407,57.7806835092972,93.65671641791046
142.0,55.0723986940407,57.774060961858595,93.65671641791045
143.0,55.0723986940407,57.767486419187954,93.65671641791045
144.0,55.0723986940407,57.760959310424795,93.65671641791046
145.0,55.0723986940407,57.754479074003996,93.65671641791045
146.0,55.0723986940407,57.74804515746875,93.65671641791045
147.0,55.0723986940407,57.74165701728552,93.65671641791045
148.0,55.0723986940407,57.735314118665194,93.65671641791045
149.0,55.0723986940407,57.72901593538712,93.65671641791043
150.0,55.0723986940407,57.72276194962857,93.65671641791046
151.0,55.0723986940407,57.71655165179722,93.65671641791045
152.0,55.0723986940407,57.710384540367166,93.65671641791045
153.0,55.0723986940407,57.70426012172025,93.65671641791045
154.0,55.0723986940407,57.69817790998909,93.65671641791045
155.0,55.0723986940407,57.69213742690623,93.65671641791045
156.0,55.0723986940407,57.68613820165344,93.65671641791046
157.0,55.0723986940407,57.68017977071803,93.65671641791045
158.0,55.0723986940407,57.67426167775001,93.65671641791045
159.0,55.0723986940407,57.66838347342309,93.65671641791045
160.0,55.0723986940407,57.662544715299674,93.65671641791045
161.0,55.0723986940407,57.6567449676975,93.65671641791045
162.0,55.0723986940407,57.6509838015613,93.65671641791043
163.0,55.0723986940407,57.64526079433454,93.65671641791046
164.0,55.0723986940407,57.63957552983741,93.65671641791045
165.0,55.0723986940407,57.63392759814432,93.65671641791045
166.0,55.0723986940407,57.62831659546664,93.65671641791045
167.0,55.0723986940407,57.622742124036854,93.65671641791043
168.0,55.0723986940407,57.617203791995166,93.65671641791046
169.0,55.0723986940407,57.611701213279446,93.65671641791045
170.0,55.0723986940407,57.606234007517045,93.65671641791045
171.0,55.0723986940407,57.60080179991886,93.65671641791045
172.0,55.0723986940407,57.59540422117617,93.65671641791045
173.0,55.0723986940407,57.59004090736006,93.65671641791045
174.0,55.0723986940407,57.58471149982158,93.65671641791043
175.0,55.0723986940407,57.579415645095956,93.65671641791046
176.0,55.0723986940407,57.57415299480708,93.65671641791046
177.0,55.0723986940407,57.56892320557646,93.65671641791045
178.0,55.0723986940407,57.56372593893065,93.65671641791046
179.0,55.0723986940407,57.55856086121497,93.65671641791045
180.0,55.0723986940407,57.55342764350459,93.65671641791045
181.0,55.0723986940407,57.54832596152164,93.65671641791045
182.0,55.0723986940407,57.5432554955511,93.65671641791046
183.0,55.0723986940407,57.53821593035984,93.65671641791045
184.0,55.0723986940407,57.53320695511733,93.65671641791045
185.0,55.0723986940407,57.52822826331757,93.65671641791046
186.0,55.0723986940407,57.523279552703286,93.65671641791043
187.0,55.0723986940407,57.51836052519068,93.65671641791045
188.0,55.0723986940407,57.51347088679782,93.65671641791045
189.0,55.0723986940407,57.508610347571,93.65671641791045
190.0,55.0723986940407,57.503778621517334,93.65671641791043
191.0,55.0723986940407,57.498975426534145,93.65671641791045
192.0,55.0723986940407,57.49420048434306,93.65671641791045
193.0,55.0723986940407,57.48945352042375,93.65671641791043
194.0,55.0723986940407,57.48473426395009,93.65671641791043
195.0,55.0723986940407,57.48004244772612,93.65671641791045
196.0,55.0723986940407,57.47537780812598,93.65671641791046
197.0,55.0723986940407,57.470740085031714,93.65671641791045
198.0,55.0723986940407,57.4661290217749,93.65671641791046
199.0,55.0723986940407,57.46154436507862,93.65671641791046
200.0,55.0723986940407,57.45698586500066,93.65671641791043
201.0,55.0723986940407,57.45245327487682,93.65671641791043
202.0,55.0723986940407,57.44794635126795,93.65671641791046
203.0,55.0723986940407,57.44346485390491,93.65671641791045
204.0,55.0723986940407,57.43900854563693,93.65671641791045
205.0,55.0723986940407,57.43457719238035,93.65671641791046
206.0,55.0723986940407,57.4301705630672,93.65671641791045
207.0,55.0723986940407,57.42578842959727,93.65671641791045
208.0,55.0723986940407,57.421430566788594,93.65671641791045
209.0,55.0723986940407,57.41709675233032,93.65671641791045
210.0,55.0723986940407,57.41278676673669,93.65671641791043
211.0,55.0723986940407,57.408500393300145,93.65671641791045
212.0,55.0723986940407,57.40423741804815,93.65671641791045
213.0,55.0723986940407,57.39999762969822,93.65671641791045
214.0,55.0723986940407,57.39578081961529,93.65671641791043
215.0,55.0723986940407,57.39158678176942,93.65671641791046
216.0,55.0723986940407,57.38741531269448,93.65671641791045
217.0,55.0723986940407,57.38326621144783,93.65671641791045
218.0,55.0723986940407,57.379139279569934,93.65671641791043
219.0,55.0723986940407,57.37503432104559,93.65671641791045
220.0,55.0723986940407,57.37095114226607,93.65671641791043
221.0,55.0723986940407,57.366889551990305,93.65671641791043
222.0,55.0723986940407,57.36284936130988,93.65671641791045
223.0,55.0723986940407,57.35883038361059,93.65671641791045
224.0,55.0723986940407,57.35483243453921,93.65671641791045
225.0,55.0723986940407,57.35085533196673,93.65671641791046
226.0,55.0723986940407,57.34689889595522,93.65671641791043
227.0,55.0723986940407,57.342962948724114,93.65671641791046
228.0,55.0723986940407,57.339047314617375,93.65671641791045
229.0,55.0723986940407,57.33515182007064,93.65671641791045
230.0,55.0723986940407,57.331276293579755,93.65671641791045
231.0,55.0723986940407,57.32742056566994,93.65671641791043
232.0,55.0723986940407,57.32358446886484,93.65671641791043
233.0,55.0723986940407,57.319767837656315,93.65671641791045
234.0,55.0723986940407,57.31597050847593,93.65671641791045
235.0,55.0723986940407,57.3121923196645,93.65671641791045
236.0,55.0723986940407,57.308433111444785,93.65671641791045
237.0,55.0723986940407,57.304692725893666,93.65671641791045
238.0,55.0723986940407,57.30097100691361,93.65671641791045
239.0,55.0723986940407,57.29726780020679,93.65671641791045
240.0,55.0723986940407,57.29358295324852,93.65671641791045
241.0,55.0723986940407,57.289916315260655,93.65671641791045
242.0,55.0723986940407,57.286267737186634,93.65671641791045
243.0,55.0723986940407,57.28263707166658,93.65671641791045
244.0,55.0723986940407,57.27902417301198,93.65671641791045
245.0,55.0723986940407,57.27542889718191,93.65671641791046
246.0,55.0723986940407,57.27185110175946,93.65671641791045
247.0,55.0723986940407,57.26829064592807,93.65671641791045
248.0,55.0723986940407,57.26474739044872,93.65671641791043
249.0,55.0723986940407,57.261221197637276,93.65671641791045
250.0,55.0723986940407,57.2577119313423,93.65671641791043
251.0,55.0723986940407,57.25421945692369,93.65671641791045
252.0,55.0723986940407,57.250743641230926,93.65671641791043
253.0,55.0723986940407,57.2472843525817,93.65671641791045
254.0,55.0723986940407,57.243841460742125,93.65671641791045
255.0,55.0723986940407,57.240414836905856,93.65671641791045
256.0,55.0723986940407,57.237004353673726,93.65671641791043
257.0,55.0723986940407,57.23360988503513,93.65671641791045
258.0,55.0723986940407,57.230231306348124,93.65671641791046
259.0,55.0723986940407,57.22686849431986,93.65671641791045
260.0,55.0723986940407,57.2235213269894,93.65671641791045
261.0,55.0723986940407,57.22018968370804,93.65671641791045
262.0,55.0723986940407,57.21687344512194,93.65671641791043
263.0,55.0723986940407,57.213572493153926,93.65671641791046
264.0,55.0723986940407,57.210286710986495,93.65671641791045
265.0,55.0723986940407,57.207015983044755,93.65671641791043
266.0,55.0723986940407,57.20376019497904,93.65671641791046
267.0,55.0723986940407,57.20051923364817,93.65671641791045
268.0,55.0723986940407,57.19729298710446,93.65671641791045
269.0,55.0723986940407,57.19408134457564,93.65671641791045
270.0,55.0723986940407,57.19088419645121,93.65671641791045
271.0,55.0723986940407,57.18770143426494,93.65671641791045
272.0,55.0723986940407,57.18453295068096,93.65671641791045
273.0,55.0723986940407,57.18137863947812,93.65671641791045
274.0,55.0723986940407,57.17823839553547,93.65671641791043
275.0,55.0723986940407,57.17511211481742,93.65671641791046
276.0,55.0723986940407,57.17199969435964,93.65671641791045
277.0,55.0723986940407,57.16890103225501,93.65671641791045
278.0,55.0723986940407,57.165816027639174,93.65671641791045
279.0,55.0723986940407,57.16274458067774,93.65671641791045
280.0,55.0723986940407,57.159686592552696,93.65671641791045
281.0,55.0723986940407,57.1566419654484,93.65671641791043
282.0,55.0723986940407,57.15361060253931,93.65671641791045
283.0,55.0723986940407,57.15059240797754,93.65671641791043
284.0,55.0723986940407,57.14758728687875,93.65671641791045
285.0,55.0723986940407,57.14459514531184,93.65671641791045
286.0,55.0723986940407,57.14161589028458,93.65671641791045
287.0,55.0723986940407,57.13864942973302,93.65671641791045
288.0,55.0723986940407,57.13569567250968,93.65671641791045
289.0,55.0723986940407,57.1327545283709,93.65671641791045
290.0,55.0723986940407,57.129825907966165,93.65671641791043
291.0,55.0723986940407,57.12690972282661,93.65671641791045
292.0,55.0723986940407,57.124005885353576,93.65671641791045
293.0,55.0723986940407,57.121114308808686,93.65671641791045
294.0,55.0723986940407,57.11823490730145,93.65671641791045
295.0,55.0723986940407,57.115367595780256,93.65671641791045
296.0,55.0723986940407,57.11251229002073,93.65671641791045
297.0,55.0723986940407,57.109668906616086,93.65671641791046
298.0,55.0723986940407,57.1068373629667,93.65671641791046
299.0,55.0723986940407,57.104017577270405,93.65671641791045
300.0,55.0723986940407,57.10120946851232,93.65671641791046
301.0,55.0723986940407,57.09841295645525,93.65671641791045
302.0,55.0723986940407,57.095627961630235,93.65671641791043
303.0,55.0723986940407,57.092854405327216,93.65671641791045
304.0,55.0723986940407,57.09009220958516,93.65671641791045
305.0,55.0723986940407,57.087341297184196,93.65671641791045
306.0,55.0723986940407,57.08460159163496,93.65671641791046
307.0,55.0723986940407,57.08187301717145,93.65671641791045
308.0,55.0723986940407,57.07915549874091,93.65671641791045
309.0,55.0723986940407,57.07644896199598,93.65671641791045
310.0,55.0723986940407,57.073753333286085,93.65671641791045
311.0,55.0723986940407,57.07106853964875,93.65671641791045
312.0,55.0723986940407,57.06839450880194,93.65671641791045
313.0,55.0723986940407,57.065731169135304,93.65671641791045
314.0,55.0723986940407,57.06307844970304,93.65671641791045
315.0,55.0723986940407,57.060436280214994,93.65671641791046
316.0,55.0723986940407,57.05780459102962,93.65671641791045
317.0,55.0723986940407,57.05518331314627,93.65671641791045
318.0,55.0723986940407,57.0525723781971,93.65671641791045
319.0,55.0723986940407,57.049971718440226,93.65671641791045
320.0,55.0723986940407,57.0473812667524,93.65671641791045
321.0,55.0723986940407,57.044800956621465,93.65671641791043
322.0,55.0723986940407,57.042230722138946,93.65671641791045
323.0,55.0723986940407,57.039670497994024,93.65671641791045
324.0,55.0723986940407,57.03712021946592,93.65671641791045
325.0,55.0723986940407,57.0345798224166,93.65671641791043
326.0,55.0723986940407,57.032049243285506,93.65671641791045
327.0,55.0723986940407,57.02952841908128,93.65671641791046
328.0,55.0723986940407,57.027017287376445,93.65671641791045
329.0,55.0723986940407,57.024515786300114,93.65671641791045
330.0,55.0723986940407,57.02202385453256,93.65671641791043
331.0,55.0723986940407,57.01954143129793,93.65671641791045
332.0,55.0723986940407,57.0170684563586,93.65671641791046
333.0,55.0723986940407,57.01460487000898,93.65671641791045
334.0,55.0723986940407,57.01215061306995,93.65671641791045
335.0,55.0723986940407,57.00970562688178,93.65671641791045
336.0,55.0723986940407,57.00726985329946,93.65671641791045
337.0,55.0723986940407,57.00484323468663,93.65671641791045
338.0,55.0723986940407,57.002425713909126,93.65671641791045
339.0,55.0723986940407,57.0000172343302,93.65671641791045
340.0,55.0723986940407,56.99761773980526,93.65671641791045
341.0,55.0723986940407,56.995227174675236,93.65671641791045
342.0,55.0723986940407,56.992845483762004,93.65671641791045
343.0,55.0723986940407,56.99047261236305,93.65671641791045
344.0,55.0723986940407,56.988108506246085,93.65671641791045
345.0,55.0723986940407,56.98575311164355,93.65671641791043
346.0,55.0723986940407,56.983406375248485,93.65671641791046
347.0,55.0723986940407,56.98106824420796,93.65671641791045
348.0,55.0723986940407,56.97873866611996,93.65671641791045
349.0,55.0723986940407,56.976417589026426,93.65671641791045
350.0,55.0723986940407,56.97410496141057,93.65671641791043
351.0,55.0723986940407,56.97180073219005,93.65671641791045
352.0,55.0723986940407,56.96950485071407,93.65671641791045
353.0,55.0723986940407,56.967217266757324,93.65671641791045
