"tick","donation-normed-big","donation-big group","donation-valued-big"
1.0,24.914205804882833,58.37099857560207,86.81818181818181
2.0,24.914205804882833,86.81818181818181,86.81818181818181
3.0,24.914205804882833,86.81818181818181,86.81818181818181
4.0,24.914205804882833,86.81818181818181,86.81818181818181
5.0,24.914205804882833,86.81818181818181,86.81818181818181
6.0,24.914205804882833,86.81818181818181,86.81818181818181
7.0,24.914205804882833,86.81818181818181,86.81818181818181
8.0,24.914205804882833,86.81818181818181,86.81818181818181
9.0,24.914205804882833,86.81818181818181,86.81818181818181
10.0,24.914205804882833,86.81818181818181,86.81818181818181
11.0,24.914205804882833,86.81818181818181,86.81818181818181
12.0,24.914205804882833,86.81818181818181,86.81818181818181
13.0,24.914205804882833,86.81818181818181,86.81818181818181
14.0,24.914205804882833,86.81818181818181,86.81818181818181
15.0,24.914205804882833,86.81818181818181,86.81818181818181
16.0,24.914205804882833,86.81818181818181,86.81818181818181
17.0,24.914205804882833,86.81818181818181,86.81818181818181
18.0,24.914205804882833,86.81818181818181,86.81818181818181
19.0,24.914205804882833,86.81818181818181,86.81818181818181
20.0,24.914205804882833,86.81818181818181,86.81818181818181
21.0,24.914205804882833,86.81818181818181,86.81818181818181
22.0,24.914205804882833,86.81818181818181,86.81818181818181
23.0,24.914205804882833,86.81818181818181,86.81818181818181
24.0,24.914205804882833,86.81818181818181,86.81818181818181
25.0,24.914205804882833,86.81818181818181,86.81818181818181
26.0,24.914205804882833,86.81818181818181,86.81818181818181
27.0,24.914205804882833,86.81818181818181,86.81818181818181
28.0,24.914205804882833,86.81818181818181,86.81818181818181
29.0,24.914205804882833,86.81818181818181,86.81818181818181
30.0,24.914205804882833,86.81818181818181,86.81818181818181
31.0,24.914205804882833,86.81818181818181,86.81818181818181
32.0,24.914205804882833,86.81818181818181,86.81818181818181
33.0,24.914205804882833,86.81818181818181,86.81818181818181
34.0,24.914205804882833,86.81818181818181,86.81818181818181
35.0,24.914205804882833,86.81818181818181,86.81818181818181
36.0,24.914205804882833,86.81818181818181,86.81818181818181
37.0,24.914205804882833,86.81818181818181,86.81818181818181
38.0,24.914205804882833,86.81818181818181,86.81818181818181
39.0,24.914205804882833,86.81818181818181,86.81818181818181
40.0,24.914205804882833,86.81818181818181,86.81818181818181
41.0,24.914205804882833,86.81818181818181,86.81818181818181
42.0,24.914205804882833,86.81818181818181,86.81818181818181
43.0,24.914205804882833,86.81818181818181,86.81818181818181
44.0,24.914205804882833,86.81818181818181,86.81818181818181
45.0,24.914205804882833,86.81818181818181,86.81818181818181
46.0,24.914205804882833,86.81818181818181,86.81818181818181
47.0,24.914205804882833,86.81818181818181,86.81818181818181
48.0,24.914205804882833,86.81818181818181,86.81818181818181
49.0,29.82331796084805,80.00656862930637,80.0
50.0,29.82331796084805,80.01313725861274,80.0
51.0,29.82331796084805,80.01970588791912,80.0
52.0,50.077731888231376,80.02627451722547,80.0
53.0,80.23650145304252,80.02961157210372,80.0
54.0,80.23650145304252,80.07649243934198,80.0
55.0,80.23650145304252,80.21480822908411,80.0
56.0,80.23650145304252,80.60166990715489,80.0
57.0,80.23650145304252,81.66385413932953,80.0
58.0,80.23650145304252,84.46759003295703,80.0
59.0,80.23650145304252,84.52016007446713,80.0
60.0,80.23650145304252,84.48460918745756,80.0
61.0,80.23650145304252,84.23316634391362,80.0
62.0,80.23650145304252,83.40563193255791,80.0
63.0,80.23650145304252,80.55049570451965,80.0
64.0,80.23650145304252,80.51019232818537,80.0
65.0,80.23650145304252,80.47716082904162,80.0
66.0,80.23650145304252,80.4496956472482,80.0
67.0,80.23650145304252,80.42657459993656,80.0
68.0,80.23650145304252,80.40690073003678,80.0
69.0,80.23650145304252,80.39000210341763,80.0
70.0,80.23650145304252,80.3753662778907,80.0
71.0,80.23650145304252,80.36259625760499,80.0
72.0,80.23650145304252,80.35138017197298,80.0
73.0,80.23650145304252,80.34146995774547,80.0
74.0,80.23650145304252,80.33266608733835,80.0
75.0,80.23650145304252,80.32480644339714,80.0
76.0,80.23650145304252,80.31775809042936,80.0
77.0,80.23650145304252,80.3114111051788,80.0
78.0,80.23650145304252,80.30567389259609,80.0
79.0,80.23650145304252,80.30046958889943,80.0
80.0,80.23650145304252,80.29573327035239,80.0
81.0,80.23650145304252,80.29140976627212,80.0
82.0,80.23650145304252,80.28745193010474,80.0
83.0,80.23650145304252,80.28381926126336,80.0
84.0,80.23650145304252,80.28047679807135,80.0
85.0,80.23650145304252,80.27739422207001,80.0
86.0,80.23650145304252,80.27454512845082,80.0
87.0,80.23650145304252,80.27190642804867,80.0
88.0,80.23650145304252,80.26945785426591,80.0
89.0,80.23650145304252,80.26718155424608,80.0
90.0,80.23650145304252,80.26506174812053,80.0
91.0,80.23650145304252,80.26308444358195,80.0
92.0,80.23650145304252,80.26123719567926,80.0
93.0,80.23650145304252,80.25950890376917,80.0
94.0,80.23650145304252,80.25788963915284,80.0
95.0,80.23650145304252,80.25637049817338,80.0
96.0,80.23650145304252,80.2549434765354,80.0
97.0,80.23650145304252,80.25360136139011,80.0
98.0,80.23650145304252,80.252337638354,80.0
99.0,80.23650145304252,80.25114641112934,80.0
100.0,80.23650145304252,80.2500223317981,80.0
101.0,80.23650145304252,80.24896054019077,80.0
102.0,80.23650145304252,80.24795661099421,80.0
103.0,80.23650145304252,80.24700650748352,80.0
104.0,80.23650145304252,80.24610654094036,80.0
105.0,80.23650145304252,80.24525333496777,80.0
106.0,80.23650145304252,80.24444379403342,80.0
107.0,80.23650145304252,80.24367507567493,80.0
108.0,80.23650145304252,80.24294456588501,80.0
109.0,80.23650145304252,80.2422498572644,80.0
110.0,80.23650145304252,80.2415887295913,80.0
111.0,80.23650145304252,80.24095913250412,80.0
112.0,80.23650145304252,80.24035917003721,80.0
113.0,80.23650145304252,80.23978708678592,80.0
114.0,80.23650145304252,80.2392412555056,80.0
115.0,80.23650145304252,80.23872016597693,80.0
116.0,80.23650145304252,80.2382224149908,80.0
117.0,80.04064203341339,70.16820081134665,74.23076923076923
118.0,80.04064203341339,69.31406713562455,74.23076923076923
119.0,80.04064203341339,70.13716695391369,74.23076923076923
120.0,80.04064203341339,70.13847163653188,74.23076923076923
121.0,80.04064203341339,70.13667954127534,74.23076923076923
122.0,80.04064203341339,70.17787582799274,74.23076923076923
123.0,80.04064203341339,70.29699411830651,74.23076923076923
124.0,80.04064203341339,70.6277724672536,74.23076923076923
125.0,80.04064203341339,71.53375405361898,74.23076923076923
126.0,80.04064203341339,73.91560949373024,74.23076923076923
127.0,80.04064203341339,73.9942053367967,74.23076923076923
128.0,80.04064203341339,74.06236160739616,74.23076923076923
129.0,80.04064203341339,74.1221393816008,74.23076923076923
130.0,80.04064203341339,74.17507398836564,74.23076923076923
131.0,80.04064203341339,74.22233563631711,74.23076923076923
132.0,80.04064203341339,74.26483387135649,74.23076923076923
133.0,80.04064203341339,74.30328769299827,74.23076923076923
134.0,80.04064203341339,74.33827392079424,74.23076923076923
135.0,80.04064203341339,74.37026135915522,74.23076923076923
136.0,80.04064203341339,74.39963543914953,74.23076923076923
137.0,80.04064203341339,74.42671632306893,74.23076923076923
138.0,80.04064203341339,74.45177242701781,74.23076923076923
139.0,80.04064203341339,74.47503067165015,74.23076923076923
140.0,80.04064203341339,74.49668435713846,74.23076923076923
141.0,80.04064203341339,74.5168992867268,74.23076923076923
142.0,80.04064203341339,74.53581858125165,74.23076923076923
143.0,80.04064203341339,74.55356650290642,74.23076923076923
144.0,80.04064203341339,74.57025152045559,74.23076923076923
145.0,80.04064203341339,74.5859687874972,74.23076923076923
146.0,80.04064203341339,74.60080216209019,74.23076923076923
147.0,80.04064203341339,74.61482586475017,74.23076923076923
148.0,80.04064203341339,74.62810584889348,74.23076923076923
149.0,80.04064203341339,74.64070094083597,74.23076923076923
150.0,80.04064203341339,74.65266379375687,74.23076923076923
151.0,80.04064203341339,74.66404169044937,74.23076923076923
152.0,80.04064203341339,74.67487722237061,74.23076923076923
153.0,80.04064203341339,74.68520886688655,74.23076923076923
154.0,80.04064203341339,74.695071480255,74.23076923076923
155.0,80.04064203341339,74.70449672049318,74.23076923076923
156.0,80.04064203341339,74.71351341160602,74.23076923076923
157.0,80.04064203341339,74.72214785853718,74.23076923076923
158.0,80.04064203341339,74.7304241205234,74.23076923076923
159.0,80.04064203341339,74.73836424918358,74.23076923076923
160.0,80.04064203341339,74.74598849658845,74.23076923076923
161.0,80.04064203341339,74.7533154976769,74.23076923076923
162.0,80.04064203341339,74.76036243066868,74.23076923076923
163.0,80.04064203341339,74.76714515853733,74.23076923076923
164.0,80.04064203341339,74.77367835412585,74.23076923076923
165.0,80.04064203341339,74.77997561108947,74.23076923076923
166.0,80.04064203341339,74.78604954252098,74.23076923076923
167.0,80.04064203341339,74.79191186883895,74.23076923076923
168.0,79.87249084821612,74.79757349629058,74.23076923076923
169.0,79.87249084821612,74.80413517730145,74.23076923076923
170.0,79.87249084821612,74.81051580330184,74.23076923076923
171.0,79.87249084821612,74.81672423162532,74.23076923076923
172.0,79.87249084821612,74.8227687464888,74.23076923076923
173.0,79.87249084821612,74.82803468369569,74.23076923076923
174.0,79.87249084821612,74.84151852573817,74.23076923076923
175.0,79.87249084821612,74.87004125526738,74.23076923076923
176.0,79.87249084821612,74.93969442981611,74.23076923076923
177.0,79.87249084821612,75.1213908583638,74.23076923076923
178.0,79.87249084821612,75.59080540628185,74.23076923076923
179.0,79.87249084821612,75.6108539950123,74.23076923076923
180.0,79.87249084821612,75.6287384849852,74.23076923076923
181.0,79.87249084821612,75.64486610397014,74.23076923076923
182.0,79.87249084821612,75.65954125217262,74.23076923076923
183.0,79.87249084821612,75.6729968505414,74.23076923076923
184.0,79.87249084821612,75.68541473215419,74.23076923076923
185.0,79.87249084821612,75.69693933419109,74.23076923076923
186.0,79.87249084821612,75.70768714647143,74.23076923076923
187.0,79.87249084821612,75.71775338890971,74.23076923076923
188.0,79.87249084821612,75.7272168305168,74.23076923076923
189.0,79.87249084821612,75.73614333239533,74.23076923076923
190.0,79.87249084821612,75.74458849617253,74.23076923076923
191.0,79.87249084821612,75.75259967347593,74.23076923076923
192.0,79.87249084821612,75.76021751129565,74.23076923076923
193.0,79.87249084821612,75.76747715507057,74.23076923076923
194.0,79.87249084821612,75.77440919583833,74.23076923076923
195.0,79.87249084821612,75.78104042357738,74.23076923076923
196.0,79.87249084821612,75.78739443207728,74.23076923076923
197.0,79.42144627853993,70.7417110915644,69.28571428571429
198.0,79.42144627853993,70.75204944217955,69.28571428571429
199.0,79.42144627853993,70.76218244253856,69.28571428571429
200.0,79.42144627853993,70.77212392786814,69.28571428571429
201.0,79.42144627853993,70.77909155211543,69.28571428571429
202.0,79.42144627853993,70.82346012710502,69.28571428571429
203.0,79.42144627853993,70.93583695433895,69.28571428571429
204.0,79.42144627853993,71.23335941392571,69.28571428571429
205.0,79.42144627853993,72.03442311839646,69.28571428571429
206.0,79.42144627853993,74.12782934149593,69.28571428571429
207.0,79.42144627853993,74.20389078079221,69.28571428571429
208.0,79.42144627853993,74.270626569433,69.28571428571429
209.0,79.42144627853993,74.32984994340727,69.28571428571429
210.0,79.42144627853993,74.38291314531999,69.28571428571429
211.0,79.42144627853993,74.43084814955232,69.28571428571429
212.0,79.42144627853993,74.47445818949986,69.28571428571429
213.0,79.42144627853993,74.51437920421793,69.28571428571429
214.0,79.42144627853993,74.55112223245006,69.28571428571429
215.0,79.42144627853993,74.58510336530357,69.28571428571429
216.0,79.42144627853993,74.61666535548633,69.28571428571429
217.0,79.42144627853993,74.64609349842979,69.28571428571429
218.0,79.42144627853993,74.67362749803847,69.28571428571429
219.0,79.42144627853993,74.69947046475886,69.28571428571429
220.0,79.42144627853993,74.72379583100954,69.28571428571429
221.0,79.42144627853993,74.7467527309974,69.28571428571429
222.0,79.42144627853993,74.76847023255256,69.28571428571429
223.0,79.42144627853993,74.78906069989307,69.28571428571429
224.0,79.42144627853993,74.80862249083329,69.28571428571429
225.0,79.42144627853993,74.82724213884919,69.28571428571429
226.0,79.42144627853993,74.84499613249383,69.28571428571429
227.0,79.42144627853993,74.86195237721736,69.28571428571429
228.0,79.42144627853993,74.878171404559,69.28571428571429
229.0,79.42144627853993,74.89370737880124,69.28571428571429
230.0,79.42144627853993,74.90860894005095,69.28571428571429
231.0,79.42144627853993,74.92291991430382,69.28571428571429
232.0,79.42144627853993,74.93667991464292,69.28571428571429
233.0,79.42144627853993,74.94992485279484,69.28571428571429
234.0,79.42144627853993,74.96268737645231,69.28571428571429
235.0,79.42144627853993,74.97499724479023,69.28571428571429
236.0,79.42144627853993,74.986881652261,69.28571428571429
237.0,79.42144627853993,74.99836550889962,69.28571428571429
238.0,79.42144627853993,75.00947168389342,69.28571428571429
239.0,79.42144627853993,75.02022121798616,69.28571428571429
240.0,79.42144627853993,75.03063350933422,69.28571428571429
241.0,79.42144627853993,75.04072647665889,69.28571428571429
242.0,79.42144627853993,75.0505167029103,69.28571428571429
243.0,79.42144627853993,75.06001956214271,69.28571428571429
244.0,79.42144627853993,75.06924933187885,69.28571428571429
245.0,79.42144627853993,75.07821929288997,69.28571428571429
246.0,79.42144627853993,75.08694181803013,69.28571428571429
247.0,79.42144627853993,75.09542845151901,69.28571428571429
248.0,79.42144627853993,75.10368997986943,69.28571428571429
249.0,79.42144627853993,75.11173649548294,69.28571428571429
250.0,79.42144627853993,75.11957745379648,69.28571428571429
251.0,79.42144627853993,75.1272217247414,69.28571428571429
252.0,79.42144627853993,75.13467763917475,69.28571428571429
253.0,79.42144627853993,75.14195303085542,69.28571428571429
254.0,79.42144627853993,75.14905527446344,69.28571428571429
255.0,79.42144627853993,75.15599132009788,69.28571428571429
256.0,79.42144627853993,75.16276772463384,69.28571428571429
257.0,79.42144627853993,75.16939068027258,69.28571428571429
258.0,79.42144627853993,75.17586604057811,69.28571428571429
259.0,79.42144627853993,75.18219934425888,69.28571428571429
260.0,79.42144627853993,75.18839583692298,69.28571428571429
261.0,79.42144627853993,75.19446049100813,69.28571428571429
262.0,79.42144627853993,75.20039802406693,69.28571428571429
263.0,79.42144627853993,75.20621291556436,69.28571428571429
264.0,79.42144627853993,75.21190942233083,69.28571428571429
265.0,79.42144627853993,75.21749159279574,69.28571428571429
266.0,79.42144627853993,75.22296328011483,69.28571428571429
267.0,79.42144627853993,75.2283281542917,69.28571428571429
268.0,79.42144627853993,75.2335897133839,69.28571428571429
269.0,79.42144627853993,75.23875129387473,69.28571428571429
270.0,79.42144627853993,75.24381608028355,69.28571428571429
271.0,79.42144627853993,75.24878711407996,69.28571428571429
272.0,79.42144627853993,75.25366730196126,69.28571428571429
273.0,79.42144627853993,75.25845942354643,69.28571428571429
274.0,79.42144627853993,75.26316613853488,69.28571428571429
275.0,79.42144627853993,75.26778999337398,69.28571428571429
276.0,79.42144627853993,75.27233342747422,69.28571428571429
277.0,79.42144627853993,75.27679877900893,69.28571428571429
278.0,79.42144627853993,75.28118829033068,69.28571428571429
279.0,79.42144627853993,75.28550411303395,69.28571428571429
280.0,79.42144627853993,75.28974831269201,69.28571428571429
281.0,79.42144627853993,75.29392287329175,69.28571428571429
282.0,79.42144627853993,75.2980297013893,69.28571428571429
283.0,79.42144627853993,75.302070630008,69.28571428571429
284.0,79.42144627853993,75.30604742229615,69.28571428571429
285.0,79.42144627853993,75.30996177496291,69.28571428571429
286.0,79.42144627853993,75.31381532150776,69.28571428571429
287.0,79.42144627853993,75.31760963525849,69.28571428571429
288.0,79.42144627853993,75.32134623223045,69.28571428571429
289.0,79.42144627853993,75.32502657382022,69.28571428571429
290.0,79.42144627853993,75.32865206934424,69.28571428571429
291.0,79.42144627853993,75.3322240784337,69.28571428571429
292.0,79.42144627853993,75.33574391329414,69.28571428571429
293.0,79.42144627853993,75.33921284084037,69.28571428571429
294.0,79.42144627853993,75.34263208471309,69.28571428571429
295.0,79.42144627853993,75.34600282718621,69.28571428571429
296.0,79.42144627853993,75.34932621097136,69.28571428571429
297.0,79.42144627853993,75.35260334092574,69.28571428571429
298.0,79.42144627853993,75.3558352856706,69.28571428571429
299.0,79.42144627853993,75.3590230791242,69.28571428571429
300.0,79.42144627853993,75.36216772195615,69.28571428571429
301.0,79.42144627853993,75.36527018296685,69.28571428571429
302.0,79.42144627853993,75.36833140039705,69.28571428571429
303.0,79.42144627853993,75.37135228317146,69.28571428571429
304.0,79.42144627853993,75.37433371208067,69.28571428571429
305.0,79.42144627853993,75.37727654090449,69.28571428571429
306.0,79.42144627853993,75.38018159748079,69.28571428571429
307.0,79.42144627853993,75.38304968472208,69.28571428571429
308.0,79.42144627853993,75.38588158158387,69.28571428571429
309.0,79.42144627853993,75.38867804398659,69.28571428571429
310.0,79.42144627853993,75.39143980569438,69.28571428571429
311.0,79.42144627853993,75.39416757915257,69.28571428571429
312.0,79.42144627853993,75.39686205628675,69.28571428571429
313.0,79.42144627853993,75.39952390926494,69.28571428571429
314.0,79.42144627853993,75.40215379122513,69.28571428571429
315.0,79.42144627853993,75.40475233697015,69.28571428571429
316.0,79.42144627853993,75.40732016363137,69.28571428571429
317.0,79.42144627853993,75.40985787130315,69.28571428571429
318.0,79.42144627853993,75.4123660436491,69.28571428571429
319.0,79.42144627853993,75.41484524848231,69.28571428571429
320.0,79.42144627853993,75.41729603832019,69.28571428571429
321.0,79.42144627853993,75.41971895091575,69.28571428571429
322.0,79.42144627853993,75.42211450976625,69.28571428571429
323.0,79.42144627853993,75.42448322460018,69.28571428571429
324.0,79.42144627853993,75.42682559184419,69.28571428571429
325.0,79.42144627853993,75.42914209507042,69.28571428571429
326.0,79.42144627853993,75.4314332054255,69.28571428571429
327.0,79.42144627853993,75.43369938204212,69.28571428571429
328.0,79.42144627853993,75.43594107243365,69.28571428571429
329.0,79.42144627853993,75.43815871287312,69.28571428571429
330.0,79.42144627853993,75.44035272875696,69.28571428571429
331.0,79.42144627853993,75.44252353495443,69.28571428571429
332.0,79.42144627853993,75.44467153614316,69.28571428571429
333.0,79.42144627853993,75.44679712713167,69.28571428571429
334.0,79.42144627853993,75.44890069316959,69.28571428571429
335.0,79.42144627853993,75.45098261024546,69.28571428571429
336.0,79.42144627853993,75.45304324537373,69.28571428571429
337.0,79.42144627853993,75.45508295687048,69.28571428571429
338.0,79.42144627853993,75.45710209461892,69.28571428571429
339.0,79.42144627853993,75.45910100032498,69.28571428571429
340.0,79.42144627853993,75.4610800077633,69.28571428571429
341.0,79.42144627853993,75.46303944301451,69.28571428571429
342.0,79.42144627853993,75.46497962469321,69.28571428571429
343.0,79.42144627853993,75.4669008641683,69.28571428571429
344.0,79.42144627853993,75.468803465775,69.28571428571429
345.0,79.42144627853993,75.47068772701928,69.28571428571429
346.0,79.42144627853993,75.4725539387753,69.28571428571429
347.0,79.42144627853993,75.47440238547547,69.28571428571429
348.0,79.42144627853993,75.4762333452941,69.28571428571429
349.0,79.42144627853993,75.4780470903247,69.28571428571429
350.0,79.42144627853993,75.47984388675081,69.28571428571429
351.0,79.42144627853993,75.4816239950113,69.28571428571429
352.0,79.42144627853993,75.48338766995987,69.28571428571429
353.0,79.42144627853993,75.48513516101906,69.28571428571429
354.0,79.42144627853993,75.48686671232916,69.28571428571429
355.0,79.42144627853993,75.48858256289213,69.28571428571429
356.0,79.42144627853993,75.49028294671075,69.28571428571429
357.0,79.02146083033949,70.7970649976984,65.0
358.0,79.02146083033949,70.80318523281052,65.0
359.0,79.02146083033949,70.80929166074101,65.0
360.0,79.02146083033949,70.8153844824433,65.0
361.0,79.02146083033949,70.81886058811423,65.0
362.0,79.02146083033949,70.85731796742348,65.0
363.0,79.02146083033949,70.95925734803131,65.0
364.0,79.02146083033949,71.23378126923905,65.0
365.0,79.02146083033949,71.97746085905652,65.0
366.0,79.02146083033949,73.92504095323154,65.0
367.0,79.02146083033949,73.9936105208987,65.0
368.0,79.02146083033949,74.0535914718417,65.0
369.0,79.02146083033949,74.10666731995097,65.0
370.0,79.02146083033949,74.15409259605602,65.0
371.0,79.02146083033949,74.1968238881054,65.0
372.0,79.02146083033949,74.23560505970408,65.0
373.0,79.02146083033949,74.27102445365618,65.0
374.0,79.02146083033949,74.30355435221821,65.0
375.0,79.02146083033949,74.33357885179228,65.0
376.0,79.02146083033949,74.36141396873829,65.0
377.0,79.02146083033949,74.3873224120512,65.0
378.0,79.02146083033949,74.41152461796491,65.0
379.0,79.02146083033949,74.43420711526431,65.0
380.0,79.02146083033949,74.45552895232062,65.0
381.0,79.02146083033949,74.47562669519368,65.0
382.0,79.02146083033949,74.49461835769857,65.0
383.0,79.02146083033949,74.51260652308883,65.0
384.0,79.02146083033949,74.52968084679429,65.0
385.0,79.02146083033949,74.54592008020897,65.0
386.0,79.02146083033949,74.56139372021516,65.0
387.0,79.02146083033949,74.57616336358497,65.0
388.0,79.02146083033949,74.59028382669926,65.0
389.0,79.02146083033949,74.60380407717726,65.0
390.0,79.02146083033949,74.61676801365148,65.0
391.0,79.02146083033949,74.62921512210146,65.0
392.0,79.02146083033949,74.64118103119496,65.0
393.0,79.02146083033949,74.65269798450474,65.0
394.0,79.02146083033949,74.66379524391587,65.0
395.0,79.02146083033949,74.67449943576908,65.0
396.0,79.02146083033949,74.68483484910588,65.0
397.0,79.02146083033949,74.69482369365647,65.0
398.0,79.02146083033949,74.70448632383984,65.0
399.0,79.02146083033949,74.71384143394441,65.0
400.0,79.02146083033949,74.72290622877145,65.0
401.0,79.02146083033949,74.7316965733057,65.0
402.0,79.02146083033949,74.74022712439407,65.0
403.0,79.02146083033949,74.74851144693322,65.0
404.0,79.02146083033949,74.7565621166758,65.0
405.0,79.02146083033949,74.76439081143933,65.0
406.0,79.02146083033949,74.77200839223296,65.0
407.0,79.02146083033949,74.77942497559401,65.0
408.0,79.02146083033949,74.78664999823778,65.0
409.0,79.02146083033949,74.79369227496845,65.0
410.0,79.02146083033949,74.80056005066558,65.0
411.0,79.02146083033949,74.80726104704996,65.0
412.0,79.02146083033949,74.81380250483707,65.0
413.0,79.02146083033949,74.82019122180702,65.0
414.0,79.02146083033949,74.82643358724985,65.0
415.0,79.02146083033949,74.83253561318804,65.0
416.0,79.02146083033949,74.83850296272604,65.0
417.0,78.04184599570905,67.57136775050671,57.94117647058823
418.0,78.04184599570905,67.58414590225199,57.94117647058823
419.0,78.04184599570905,67.59681876436235,57.94117647058823
420.0,78.04184599570905,67.60939030751003,57.94117647058823
421.0,78.04184599570905,67.61745331505286,57.94117647058823
422.0,78.04184599570905,67.68471607422515,57.94117647058823
423.0,77.84416293755045,67.8594725306591,57.94117647058823
424.0,77.84416293755045,68.32733271725341,57.94117647058823
425.0,77.84416293755045,69.59005511252636,57.94117647058823
426.0,77.84416293755045,72.89257480321233,57.94117647058823
427.0,77.84416293755045,73.01129015785061,57.94117647058823
428.0,77.84416293755045,73.11497150615662,57.94117647058823
429.0,77.84416293755045,73.21262779365041,57.94117647058823
430.0,77.84416293755045,73.3110519029564,57.94117647058823
431.0,77.84416293755045,73.42972517625695,57.94117647058823
432.0,77.84416293755045,73.61845441132816,57.94117647058823
433.0,77.84416293755045,73.9985057152545,57.94117647058823
434.0,77.84416293755045,74.0660515567081,57.94117647058823
435.0,77.84416293755045,74.12790626859176,57.94117647058823
436.0,77.84416293755045,74.18488240021274,57.94117647058823
437.0,77.84416293755045,74.23763188788197,57.94117647058823
438.0,77.84416293755045,74.28668620519709,57.94117647058823
439.0,77.84416293755045,74.33248448990727,57.94117647058823
440.0,77.84416293755045,74.37539380069619,57.94117647058823
441.0,77.84416293755045,74.4157240482542,57.94117647058823
442.0,77.84416293755045,74.45373922008808,57.94117647058823
443.0,77.84416293755045,74.48966596376846,57.94117647058823
444.0,77.84416293755045,74.5237002483081,57.94117647058823
445.0,77.84416293755045,74.55601260197726,57.94117647058823
446.0,77.84416293755045,74.58675227889093,57.94117647058823
447.0,77.84416293755045,74.61605060813199,57.94117647058823
448.0,77.84416293755045,74.64402371120067,57.94117647058823
449.0,77.84416293755045,74.67077472581963,57.94117647058823
450.0,77.84416293755045,74.6963956400019,57.94117647058823
451.0,77.84416293755045,74.72096881553918,57.94117647058823
452.0,77.84416293755045,74.74456826187178,57.94117647058823
453.0,77.84416293755045,74.76726070775592,57.94117647058823
454.0,77.84416293755045,74.78910650794654,57.94117647058823
455.0,77.84416293755045,74.81016041435502,57.94117647058823
456.0,77.84416293755045,74.83047223518392,57.94117647058823
457.0,77.84416293755045,74.85008740092206,57.94117647058823
458.0,77.84416293755045,74.86904745247764,57.94117647058823
459.0,77.84416293755045,74.88739046388518,57.94117647058823
460.0,77.84416293755045,74.90515140977155,57.94117647058823
461.0,77.84416293755045,74.9223624859676,57.94117647058823
462.0,77.84416293755045,74.93905339020775,57.94117647058823
463.0,77.84416293755045,74.95525156869357,57.94117647058823
464.0,77.84416293755045,74.97098243334787,57.94117647058823
465.0,77.84416293755045,74.98626955381184,57.94117647058823
466.0,77.84416293755045,75.00113482760173,57.94117647058823
467.0,77.84416293755045,75.01559863131584,57.94117647058823
468.0,77.84416293755045,75.02967995534932,57.94117647058823
469.0,77.84416293755045,75.0433965242108,57.94117647058823
470.0,77.84416293755045,75.056764904234,57.94117647058823
471.0,77.84416293755045,75.06980060022221,57.94117647058823
472.0,77.84416293755045,75.08251814235192,57.94117647058823
473.0,77.84416293755045,75.09493116447926,57.94117647058823
474.0,77.84416293755045,75.1070524748417,57.94117647058823
475.0,77.84416293755045,75.11889412001621,57.94117647058823
476.0,77.84416293755045,75.13046744288437,57.94117647058823
477.0,77.84416293755045,75.14178313526011,57.94117647058823
478.0,77.84416293755045,75.15285128575321,57.94117647058823
479.0,77.84416293755045,75.163681423373,57.94117647058823
480.0,77.84416293755045,75.17428255731446,57.94117647058823
481.0,77.84416293755045,75.18466321331731,57.94117647058823
482.0,77.84416293755045,75.19483146694337,57.94117647058823
483.0,77.84416293755045,75.20479497407733,57.94117647058823
484.0,77.84416293755045,75.21456099892148,57.94117647058823
485.0,77.84416293755045,75.22413643972588,57.94117647058823
486.0,77.84416293755045,75.23352785246752,57.94117647058823
487.0,77.84416293755045,75.24274147267037,57.94117647058823
488.0,77.84416293755045,75.2517832355367,57.94117647058823
489.0,77.84416293755045,75.2606587945429,57.94117647058823
490.0,77.84416293755045,75.26937353863694,57.94117647058823
491.0,77.84416293755045,75.27793260816024,57.94117647058823
492.0,77.84416293755045,75.28634090960547,57.94117647058823
493.0,77.84416293755045,75.29460312930922,57.94117647058823
494.0,77.84416293755045,75.30272374617017,57.94117647058823
495.0,77.84416293755045,75.31070704347377,57.94117647058823
496.0,77.84416293755045,75.3185571198972,57.94117647058823
497.0,77.84416293755045,75.32627789976104,57.94117647058823
498.0,77.84416293755045,75.33387314258823,57.94117647058823
499.0,77.84416293755045,75.34134645202532,57.94117647058823
500.0,77.84416293755045,75.34870128417565,57.94117647058823
501.0,77.84416293755045,75.35594095539014,57.94117647058823
502.0,77.84416293755045,75.36306864955738,57.94117647058823
503.0,77.84416293755045,75.37008742492993,57.94117647058823
504.0,77.84416293755045,75.37700022052267,57.94117647058823
505.0,77.84416293755045,75.3838098621137,57.94117647058823
506.0,77.84416293755045,75.39051906787704,57.94117647058823
507.0,77.84416293755045,75.39713045367432,57.94117647058823
508.0,77.84416293755045,75.40364653802871,57.94117647058823
509.0,77.84416293755045,75.41006974680406,57.94117647058823
510.0,77.84416293755045,75.4164024176099,57.94117647058823
511.0,77.84416293755045,75.42264680395085,57.94117647058823
512.0,77.84416293755045,75.42880507913793,57.94117647058823
513.0,77.84416293755045,75.43487933997808,57.94117647058823
514.0,77.84416293755045,75.44087161025647,57.94117647058823
515.0,77.84416293755045,75.44678384402513,57.94117647058823
516.0,77.84416293755045,75.45261792871108,57.94117647058823
517.0,77.84416293755045,75.45837568805506,57.94117647058823
518.0,77.84416293755045,75.46405888489207,57.94117647058823
519.0,77.84416293755045,75.46966922378358,57.94117647058823
520.0,77.84416293755045,75.47520835351087,57.94117647058823
521.0,77.84416293755045,75.48067786943788,57.94117647058823
522.0,77.84416293755045,75.48607931575192,57.94117647058823
523.0,77.84416293755045,75.4914141875894,57.94117647058823
524.0,77.84416293755045,75.49668393305366,57.94117647058823
525.0,77.84416293755045,75.50188995513136,57.94117647058823
526.0,77.84416293755045,75.50703361351344,57.94117647058823
527.0,77.84416293755045,75.51211622632606,57.94117647058823
528.0,77.84416293755045,75.51713907177711,57.94117647058823
529.0,77.84416293755045,75.52210338972286,57.94117647058823
530.0,77.84416293755045,75.52701038315932,57.94117647058823
531.0,77.84416293755045,75.53186121964274,57.94117647058823
532.0,77.84416293755045,75.53665703264329,57.94117647058823
533.0,77.84416293755045,75.54139892283506,57.94117647058823
534.0,77.84416293755045,75.54608795932678,57.94117647058823
535.0,77.84416293755045,75.55072518083571,57.94117647058823
536.0,77.84416293755045,75.55531159680815,57.94117647058823
537.0,77.84416293755045,75.55984818848943,57.94117647058823
538.0,77.84416293755045,75.56433590994612,57.94117647058823
539.0,77.84416293755045,75.56877568904255,57.94117647058823
540.0,77.84416293755045,75.57316842837473,57.94117647058823
541.0,77.84416293755045,75.57751500616321,57.94117647058823
542.0,77.84416293755045,75.58181627710754,57.94117647058823
543.0,77.84416293755045,75.58607307320388,57.94117647058823
544.0,77.84416293755045,75.5902862045278,57.94117647058823
545.0,77.84416293755045,75.59445645998416,57.94117647058823
546.0,77.84416293755045,75.59858460802529,57.94117647058823
547.0,77.84416293755045,75.60267139733976,57.94117647058823
548.0,77.84416293755045,75.60671755751214,57.94117647058823
549.0,77.62438497425644,71.69173293076412,55.0
550.0,77.62438497425644,71.6993066782543,55.0
551.0,77.62438497425644,71.70684401853683,55.0
552.0,77.62438497425644,71.71434557423552,55.0
553.0,77.62438497425644,71.71962773945951,55.0
554.0,77.62438497425644,71.75423622043431,55.0
555.0,77.62438497425644,71.84208397344617,55.0
556.0,77.62438497425644,72.07471006926382,55.0
557.0,77.62438497425644,72.70094251741943,55.0
558.0,77.62438497425644,74.33724361018356,55.0
559.0,77.62438497425644,74.39700527296442,55.0
560.0,77.62438497425644,74.44953982573566,55.0
561.0,77.62438497425644,74.49626012214497,55.0
562.0,77.62438497425644,74.53821908383462,55.0
563.0,77.62438497425644,74.57621964538872,55.0
564.0,77.62438497425644,74.61088625422664,55.0
565.0,77.62438497425644,74.64271286548689,55.0
566.0,77.62438497425644,74.67209605001607,55.0
567.0,77.62438497425644,74.69935838189086,55.0
568.0,77.62438497425644,74.7247653077234,55.0
569.0,77.62438497425644,74.74853754137838,55.0
570.0,77.62438497425644,74.7708603223829,55.0
571.0,77.62438497425644,74.7918904347524,55.0
572.0,77.62438497425644,74.81176159956637,55.0
573.0,77.62438497425644,74.83058866864064,55.0
574.0,77.62438497425644,74.84847092209512,55.0
575.0,77.62438497425644,74.86549468766901,55.0
576.0,77.62438497425644,74.88173544072566,55.0
577.0,77.62438497425644,74.89725950240516,55.0
578.0,77.62438497425644,74.91212542375823,55.0
579.0,77.62438497425644,74.9263851222624,55.0
580.0,77.62438497425644,74.94008482143097,55.0
581.0,77.62438497425644,74.95326583260659,55.0
582.0,77.62438497425644,74.96596520934222,55.0
583.0,77.62438497425644,74.9782162982082,55.0
584.0,77.62438497425644,74.99004920486048,55.0
585.0,77.62438497425644,75.00149119036209,55.0
586.0,77.62438497425644,75.01256700976816,55.0
587.0,77.62438497425644,75.02329920266197,55.0
588.0,77.62438497425644,75.03370834349931,55.0
589.0,77.62438497425644,75.04381325817326,55.0
590.0,77.62438497425644,75.05363121205913,55.0
591.0,77.62438497425644,75.06317807387563,55.0
592.0,77.62438497425644,75.07246845895601,55.0
593.0,77.62438497425644,75.08151585491981,55.0
594.0,77.62438497425644,75.09033273224537,55.0
595.0,77.62438497425644,75.09893064184291,55.0
596.0,77.62438497425644,75.10732030139718,55.0
597.0,77.62438497425644,75.11551167197717,55.0
598.0,77.62438497425644,75.12351402618437,55.0
599.0,77.62438497425644,75.13133600892296,55.0
600.0,77.62438497425644,75.13898569171886,55.0
601.0,77.62438497425644,75.14647062138188,55.0
602.0,77.62438497425644,75.15379786369527,55.0
603.0,77.62438497425644,75.1609740427229,55.0
604.0,77.62438497425644,75.16800537624425,55.0
605.0,77.62438497425644,75.17489770776155,55.0
606.0,77.62438497425644,75.18165653546362,55.0
607.0,77.62438497425644,75.18828703848405,55.0
608.0,77.62438497425644,75.19479410074678,55.0
609.0,77.62438497425644,75.2011823326581,55.0
610.0,77.62438497425644,75.20745609087105,55.0
611.0,77.62438497425644,75.21361949632173,55.0
612.0,77.62438497425644,75.21967645071386,55.0
613.0,77.62438497425644,75.22563065160733,55.0
614.0,77.62438497425644,75.23148560624789,55.0
615.0,77.62438497425644,75.23724464426148,55.0
616.0,77.62438497425644,75.24291092932133,55.0
617.0,77.41386973713182,71.55481047649461,52.36842105263158
618.0,77.41386973713182,71.56362302707988,52.36842105263158
619.0,77.41386973713182,71.57235585242537,52.36842105263158
620.0,77.41386973713182,71.58101141490957,52.36842105263158
621.0,77.29301614238511,71.58753072552754,52.36842105263158
622.0,77.29301614238511,71.62239485678386,52.36842105263158
623.0,77.29301614238511,71.70746478444042,52.36842105263158
624.0,77.29301614238511,71.92913145475157,52.36842105263158
625.0,77.29301614238511,72.52222620089186,52.36842105263158
626.0,77.29301614238511,74.06812861045927,52.36842105263158
627.0,77.29301614238511,74.13158298574014,52.36842105263158
628.0,77.29301614238511,74.1980450709056,52.36842105263158
629.0,77.29301614238511,74.28579139006474,52.36842105263158
630.0,77.29301614238511,74.4418698181636,52.36842105263158
631.0,77.29301614238511,74.78113412890312,52.36842105263158
632.0,77.29301614238511,74.82544429391142,52.36842105263158
633.0,77.29301614238511,74.86571619111017,52.36842105263158
634.0,77.29301614238511,74.90258640569382,52.36842105263158
635.0,77.29301614238511,74.93655503272286,52.36842105263158
636.0,77.29301614238511,74.96802194831251,52.36842105263158
637.0,77.29301614238511,74.99731174238678,52.36842105263158
638.0,77.29301614238511,75.02469134111219,52.36842105263158
639.0,77.29301614238511,75.05038276034111,52.36842105263158
640.0,77.29301614238511,75.07457252510808,52.36842105263158
641.0,77.29301614238511,75.0974187511675,52.36842105263158
642.0,77.29301614238511,75.1190565525794,52.36842105263158
643.0,77.29301614238511,75.13960222863729,52.36842105263158
644.0,77.29301614238511,75.15915654611054,52.36842105263158
645.0,77.29301614238511,75.17780734117407,52.36842105263158
646.0,77.29301614238511,75.19563160301645,52.36842105263158
647.0,77.29301614238511,75.21269715783939,52.36842105263158
648.0,77.29301614238511,75.22906404143075,52.36842105263158
649.0,77.29301614238511,75.24478562662607,52.36842105263158
650.0,77.29301614238511,75.25990955609332,52.36842105263158
651.0,77.29301614238511,75.27447851919864,52.36842105263158
652.0,77.29301614238511,75.28853090302236,52.36842105263158
653.0,77.29301614238511,75.30210134106152,52.36842105263158
654.0,77.29301614238511,75.31522117819252,52.36842105263158
655.0,77.29301614238511,75.32791886666561,52.36842105263158
656.0,77.29301614238511,75.34022030496138,52.36842105263158
657.0,77.29301614238511,75.35214912904893,52.36842105263158
658.0,77.29301614238511,75.36372696378629,52.36842105263158
659.0,77.29301614238511,75.37497364078078,52.36842105263158
660.0,77.29301614238511,75.38590738789493,52.36842105263158
661.0,77.29301614238511,75.3965449946769,52.36842105263158
662.0,77.29301614238511,75.40690195726337,52.36842105263158
663.0,77.29301614238511,75.41699260571113,52.36842105263158
664.0,77.29301614238511,75.42683021623135,52.36842105263158
665.0,77.29301614238511,75.43642711040596,52.36842105263158
666.0,77.29301614238511,75.44579474314077,52.36842105263158
667.0,77.29301614238511,75.45494378084204,52.36842105263158
668.0,77.29301614238511,75.46388417108074,52.36842105263158
669.0,77.29301614238511,75.47262520482239,52.36842105263158
670.0,77.29301614238511,75.48117557214698,52.36842105263158
671.0,77.29301614238511,75.48954341225117,52.36842105263158
672.0,77.29301614238511,75.49773635841704,52.36842105263158
673.0,77.29301614238511,75.50576157853769,52.36842105263158
674.0,77.29301614238511,75.51362581171122,52.36842105263158
675.0,77.29301614238511,75.52133540134865,52.36842105263158
676.0,77.29301614238511,75.52889632518281,52.36842105263158
677.0,77.29301614238511,75.53631422251689,52.36842105263158
678.0,77.29301614238511,75.54359441900917,52.36842105263158
679.0,77.29301614238511,75.55074194925432,52.36842105263158
680.0,77.29301614238511,75.55776157738985,52.36842105263158
681.0,77.29301614238511,75.56465781592979,52.36842105263158
682.0,77.29301614238511,75.5714349430041,52.36842105263158
683.0,77.29301614238511,75.57809701816129,52.36842105263158
684.0,77.29301614238511,75.58464789687451,52.36842105263158
685.0,77.29301614238511,75.59109124387605,52.36842105263158
686.0,77.29301614238511,75.59743054543017,52.36842105263158
687.0,77.29301614238511,75.60366912064416,52.36842105263158
688.0,77.29301614238511,75.60981013190542,52.36842105263158
689.0,77.13169488991922,72.08851709435214,50.0
690.0,77.13169488991922,72.09762747547646,50.0
691.0,77.13169488991922,72.10665337857088,50.0
692.0,77.13169488991922,72.11559729739066,50.0
693.0,77.13169488991922,72.12249073268133,50.0
694.0,77.13169488991922,72.15580010427709,50.0
695.0,77.13169488991922,72.23710447966054,50.0
696.0,77.13169488991922,72.44900399635088,50.0
697.0,77.13169488991922,73.01602542554116,50.0
698.0,77.13169488991922,74.4944233316859,50.0
699.0,77.13169488991922,74.55022205868148,50.0
700.0,77.13169488991922,74.59946229947326,50.0
701.0,77.13169488991922,74.64342016601904,50.0
702.0,77.13169488991922,74.68304693668912,50.0
703.0,77.13169488991922,74.71906826607825,50.0
704.0,77.13169488991922,74.75204870444836,50.0
705.0,77.13169488991922,74.7824350076849,50.0
706.0,77.13169488991922,74.81058601417315,50.0
707.0,77.13169488991922,74.8367937504365,50.0
708.0,77.13169488991922,74.86129865503804,50.0
709.0,77.13169488991922,74.88430076478593,50.0
710.0,77.13169488991922,74.9059680708247,50.0
711.0,77.13169488991922,74.92644285376262,50.0
712.0,77.13169488991922,74.94584655127399,50.0
713.0,77.13169488991922,74.96428354379167,50.0
714.0,77.13169488991922,74.98184413152192,50.0
715.0,77.13169488991922,74.9986068993629,50.0
716.0,77.13169488991922,75.01464061315052,50.0
717.0,77.13169488991922,75.03000575322402,50.0
718.0,77.13169488991922,75.04475576457084,50.0
719.0,77.13169488991922,75.05893808347129,50.0
720.0,77.13169488991922,75.07259498640474,50.0
721.0,77.13169488991922,75.08576429649577,50.0
722.0,77.13169488991922,75.09847997493665,50.0
723.0,77.13169488991922,75.11077261890043,50.0
724.0,77.13169488991922,75.12266988294331,50.0
725.0,77.13169488991922,75.13419683742706,50.0
726.0,77.13169488991922,75.14537627480131,50.0
727.0,77.13169488991922,75.15622897248986,50.0
728.0,77.13169488991922,75.1667739194734,50.0
729.0,77.13169488991922,75.17702851235649,50.0
730.0,77.13169488991922,75.18700872566657,50.0
731.0,77.13169488991922,75.19672926030071,50.0
732.0,77.13169488991922,75.20620367336326,50.0
733.0,77.13169488991922,75.21544449209527,50.0
734.0,77.13169488991922,75.22446331415382,50.0
735.0,77.13169488991922,75.23327089613625,50.0
736.0,77.13169488991922,75.24187723194777,50.0
737.0,77.13169488991922,75.25029162236483,50.0
738.0,77.13169488991922,75.2585227369426,50.0
739.0,77.13169488991922,75.26657866924548,50.0
740.0,77.13169488991922,75.27446698623771,50.0
741.0,77.13169488991922,75.2821947725523,50.0
742.0,77.13169488991922,75.2897686702565,50.0
743.0,77.13169488991922,75.29719491464678,50.0
744.0,77.13169488991922,75.30447936653538,50.0
745.0,77.13169488991922,75.31162754142946,50.0
746.0,77.13169488991922,75.31864463595086,50.0
747.0,77.13169488991922,75.32553555180176,50.0
748.0,77.13169488991922,75.33230491754139,50.0
749.0,77.13169488991922,75.33895710840814,50.0
750.0,77.13169488991922,75.3454962643913,50.0
751.0,77.13169488991922,75.35192630673342,50.0
752.0,77.13169488991922,75.35825095302272,50.0
753.0,77.13169488991922,75.36447373101606,50.0
754.0,77.13169488991922,75.37059799131802,50.0
755.0,77.13169488991922,75.37662691902635,50.0
756.0,77.13169488991922,75.3825635444429,50.0
757.0,77.13169488991922,75.38841075293753,50.0
758.0,77.13169488991922,75.39417129404396,50.0
759.0,77.13169488991922,75.39984778985732,50.0
760.0,77.13169488991922,75.40544274279642,50.0
761.0,77.13169488991922,75.41095854278726,50.0
762.0,77.13169488991922,75.41639747391822,50.0
763.0,77.13169488991922,75.42176172061286,50.0
764.0,77.13169488991922,75.42705337336109,50.0
765.0,77.13169488991922,75.43227443404604,50.0
766.0,77.13169488991922,75.4374268209002,50.0
767.0,77.13169488991922,75.4425123731211,50.0
768.0,77.13169488991922,75.44753285517396,50.0
769.0,77.13169488991922,75.45248996080664,50.0
770.0,77.13169488991922,75.45738531679903,50.0
771.0,77.13169488991922,75.46222048646804,50.0
772.0,77.13169488991922,75.46699697294672,50.0
773.0,77.13169488991922,75.47171622225478,50.0
774.0,77.13169488991922,75.47637962617594,50.0
775.0,77.13169488991922,75.48098852495683,50.0
776.0,77.13169488991922,75.48554420984014,50.0
777.0,77.13169488991922,75.49004792544412,50.0
778.0,77.13169488991922,75.49450087199968,50.0
779.0,77.13169488991922,75.4989042074548,50.0
780.0,77.13169488991922,75.50325904945562,50.0
781.0,77.13169488991922,75.50756647721329,50.0
782.0,77.13169488991922,75.51182753326322,50.0
783.0,77.13169488991922,75.51604322512547,50.0
784.0,77.13169488991922,75.52021452687164,50.0
785.0,77.13169488991922,75.52434238060526,50.0
786.0,77.13169488991922,75.52842769786088,50.0
787.0,77.13169488991922,75.53247136092757,50.0
788.0,77.13169488991922,75.53647422410118,50.0
789.0,77.13169488991922,75.54043711487031,50.0
790.0,77.13169488991922,75.54436083503991,50.0
791.0,77.13169488991922,75.54824616179658,50.0
792.0,77.13169488991922,75.55209384871891,50.0
793.0,77.13169488991922,75.5559046267364,50.0
794.0,77.13169488991922,75.55967920504027,50.0
795.0,77.13169488991922,75.56341827194825,50.0
796.0,77.13169488991922,75.56712249572735,50.0
797.0,77.13169488991922,75.57079252537562,50.0
798.0,77.13169488991922,75.57442899136664,50.0
799.0,77.13169488991922,75.57803250635773,50.0
800.0,77.13169488991922,75.58160366586496,50.0
801.0,77.13169488991922,75.58514304890589,50.0
802.0,77.13169488991922,75.58865121861271,50.0
803.0,77.13169488991922,75.59212872281684,50.0
804.0,77.13169488991922,75.59557609460666,50.0
805.0,77.13169488991922,75.59899385286012,50.0
806.0,77.13169488991922,75.60238250275329,50.0
807.0,77.13169488991922,75.60574253624605,50.0
808.0,77.13169488991922,75.60907443254682,50.0
809.0,77.13169488991922,75.61237865855637,50.0
810.0,77.13169488991922,75.6156556692926,50.0
811.0,77.13169488991922,75.61890590829715,50.0
812.0,77.13169488991922,75.62212980802443,50.0
813.0,77.13169488991922,75.62532779021443,50.0
814.0,77.13169488991922,75.62850026624959,50.0
815.0,77.13169488991922,75.63164763749714,50.0
816.0,77.13169488991922,75.63477029563711,50.0
817.0,77.13169488991922,75.63786862297692,50.0
818.0,77.13169488991922,75.6409429927535,50.0
819.0,77.13169488991922,75.64399376942262,50.0
820.0,77.13169488991922,75.64702130893747,50.0
821.0,77.13169488991922,75.6500259590156,50.0
822.0,77.13169488991922,75.65300805939565,50.0
823.0,77.13169488991922,75.6559679420839,50.0
824.0,77.13169488991922,75.65890593159152,50.0
825.0,77.13169488991922,75.66182234516262,50.0
826.0,77.13169488991922,75.66471749299339,50.0
827.0,77.13169488991922,75.66759167844339,50.0
828.0,77.13169488991922,75.67044519823861,50.0
829.0,77.13169488991922,75.67327834266699,50.0
830.0,77.13169488991922,75.67609139576693,50.0
831.0,77.13169488991922,75.67888463550867,50.0
832.0,77.13169488991922,75.68165833396915,50.0
833.0,77.13169488991922,75.68441275750068,50.0
834.0,77.13169488991922,75.68714816689328,50.0
835.0,77.13169488991922,75.6898648175316,50.0
836.0,77.13169488991922,75.69256295954598,50.0
837.0,77.13169488991922,75.69524283795842,50.0
838.0,77.13169488991922,75.6979046928234,50.0
839.0,77.13169488991922,75.70054875936381,50.0
840.0,77.13169488991922,75.70317526810229,50.0
841.0,77.13169488991922,75.70578444498787,50.0
842.0,77.13169488991922,75.70837651151881,50.0
843.0,77.13169488991922,75.71095168486069,50.0
844.0,77.13169488991922,75.71351017796098,50.0
845.0,77.13169488991922,75.71605219965977,50.0
846.0,77.13169488991922,75.71857795479669,50.0
847.0,77.13169488991922,75.72108764431447,50.0
848.0,77.13169488991922,75.72358146535902,50.0
849.0,77.13169488991922,75.72605961137653,50.0
850.0,77.13169488991922,75.728522272207,50.0
851.0,77.13169488991922,75.7309696341754,50.0
852.0,77.13169488991922,75.73340188017929,50.0
853.0,77.13169488991922,75.73581918977429,50.0
854.0,77.13169488991922,75.73822173925645,50.0
855.0,77.13169488991922,75.74060970174229,50.0
856.0,77.13169488991922,75.74298324724617,50.0
857.0,77.13169488991922,75.7453425427557,50.0
858.0,77.13169488991922,75.74768775230424,50.0
859.0,77.13169488991922,75.7500190370418,50.0
860.0,77.13169488991922,75.75233655530346,50.0
861.0,77.13169488991922,75.7546404626758,50.0
862.0,77.13169488991922,75.75693091206146,50.0
863.0,77.13169488991922,75.75920805374177,50.0
864.0,77.13169488991922,75.7614720354374,50.0
865.0,77.13169488991922,75.76372300236739,50.0
866.0,77.13169488991922,75.76596109730639,50.0
867.0,77.13169488991922,75.76818646064051,50.0
868.0,77.13169488991922,75.77039923042099,50.0
869.0,77.13169488991922,75.772599542417,50.0
870.0,77.13169488991922,75.77478753016652,50.0
871.0,77.13169488991922,75.7769633250259,50.0
872.0,77.13169488991922,75.77912705621817,50.0
873.0,77.13169488991922,75.78127885087977,50.0
874.0,77.13169488991922,75.78341883410613,50.0
875.0,77.13169488991922,75.78554712899607,50.0
876.0,77.13169488991922,75.78766385669475,50.0
877.0,77.13169488991922,75.78976913643574,50.0
878.0,77.13169488991922,75.79186308558168,50.0
879.0,77.13169488991922,75.79394581966406,50.0
880.0,77.13169488991922,75.79601745242185,50.0
881.0,77.13169488991922,75.79807809583909,50.0
882.0,77.13169488991922,75.80012786018146,50.0
883.0,77.13169488991922,75.80216685403205,50.0
884.0,77.13169488991922,75.80419518432596,50.0
885.0,77.13169488991922,75.80621295638424,50.0
886.0,77.13169488991922,75.80822027394665,50.0
887.0,77.13169488991922,75.810217239204,50.0
888.0,77.13169488991922,75.81220395282924,50.0
889.0,77.13169488991922,75.814180514008,50.0
890.0,77.13169488991922,75.81614702046836,50.0
891.0,77.13169488991922,75.81810356850976,50.0
892.0,77.13169488991922,75.8200502530312,50.0
893.0,77.13169488991922,75.82198716755876,50.0
894.0,77.13169488991922,75.82391440427267,50.0
895.0,77.13169488991922,75.82583205403324,50.0
896.0,77.13169488991922,75.82774020640646,50.0
897.0,77.13169488991922,75.8296389496891,50.0
898.0,77.13169488991922,75.8315283709328,50.0
899.0,77.13169488991922,75.83340855596798,50.0
900.0,77.13169488991922,75.83527958942686,50.0
901.0,77.13169488991922,75.83714155476623,50.0
902.0,77.13169488991922,75.83899453428937,50.0
903.0,77.13169488991922,75.8408386091677,50.0
904.0,77.13169488991922,75.84267385946174,50.0
905.0,77.13169488991922,75.84450036414175,50.0
906.0,77.13169488991922,75.84631820110779,50.0
907.0,77.13169488991922,75.84812744720918,50.0
908.0,77.13169488991922,75.84992817826384,50.0
909.0,77.13169488991922,75.85172046907695,50.0
910.0,77.13169488991922,75.85350439345912,50.0
911.0,77.13169488991922,75.85528002424444,50.0
912.0,77.13169488991922,75.85704743330768,50.0
913.0,77.13169488991922,75.85880669158175,50.0
914.0,77.13169488991922,75.860557869074,50.0
915.0,77.13169488991922,75.86230103488278,50.0
916.0,77.13169488991922,75.86403625721321,50.0
917.0,77.13169488991922,75.86576360339302,50.0
918.0,77.13169488991922,75.8674831398875,50.0
919.0,77.13169488991922,75.86919493231466,50.0
920.0,77.13169488991922,75.87089904545975,50.0
921.0,77.13169488991922,75.87259554328948,50.0
922.0,77.13169488991922,75.8742844889661,50.0
923.0,77.13169488991922,75.87596594486095,50.0
924.0,77.13169488991922,75.87763997256789,50.0
925.0,77.13169488991922,75.87930663291648,50.0
926.0,77.13169488991922,75.88096598598459,50.0
927.0,77.13169488991922,75.88261809111111,50.0
928.0,77.13169488991922,75.88426300690813,50.0
929.0,77.13169488991922,75.88590079127313,50.0
930.0,77.13169488991922,75.88753150140043,50.0
931.0,77.13169488991922,75.88915519379306,50.0
932.0,77.13169488991922,75.89077192427379,50.0
933.0,77.13169488991922,75.89238174799635,50.0
934.0,77.13169488991922,75.8939847194562,50.0
935.0,77.13169488991922,75.8955808925011,50.0
936.0,77.13169488991922,75.89717032034149,50.0
937.0,77.13169488991922,75.89875305556079,50.0
938.0,77.13169488991922,75.90032915012529,50.0
939.0,77.13169488991922,75.90189865539384,50.0
940.0,77.13169488991922,75.9034616221277,50.0
941.0,77.13169488991922,75.90501810049956,50.0
942.0,77.13169488991922,75.90656814010308,50.0
943.0,77.13169488991922,75.90811178996164,50.0
944.0,77.13169488991922,75.90964909853747,50.0
945.0,77.13169488991922,75.91118011374004,50.0
946.0,77.13169488991922,75.9127048829347,50.0
947.0,77.13169488991922,75.9142234529511,50.0
948.0,77.13169488991922,75.91573587009114,50.0
949.0,77.13169488991922,75.91724218013724,50.0
950.0,77.13169488991922,75.91874242835998,50.0
951.0,77.13169488991922,75.92023665952597,50.0
952.0,77.13169488991922,75.92172491790538,50.0
953.0,77.13169488991922,75.92320724727935,50.0
954.0,77.13169488991922,75.92468369094723,50.0
955.0,77.13169488991922,75.92615429173385,50.0
956.0,77.13169488991922,75.92761909199645,50.0
957.0,77.13169488991922,75.9290781336315,50.0
958.0,77.13169488991922,75.93053145808159,50.0
959.0,77.13169488991922,75.93197910634203,50.0
960.0,77.13169488991922,75.93342111896725,50.0
961.0,77.13169488991922,75.93485753607727,50.0
962.0,77.13169488991922,75.9362883973641,50.0
963.0,77.13169488991922,75.93771374209763,50.0
964.0,77.13169488991922,75.93913360913184,50.0
965.0,77.13169488991922,75.94054803691076,50.0
966.0,77.13169488991922,75.94195706347423,50.0
967.0,77.13169488991922,75.94336072646362,50.0
968.0,77.13169488991922,75.9447590631275,50.0
969.0,77.13169488991922,75.94615211032719,50.0
970.0,77.13169488991922,75.94753990454201,50.0
971.0,77.13169488991922,75.94892248187492,50.0
972.0,77.13169488991922,75.9502998780574,50.0
973.0,77.13169488991922,75.9516721284549,50.0
974.0,77.13169488991922,75.95303926807165,50.0
975.0,77.13169488991922,75.95440133155584,50.0
976.0,77.13169488991922,75.9557583532043,50.0
977.0,77.13169488991922,75.95711036696748,50.0
978.0,77.13169488991922,75.95845740645399,50.0
979.0,77.13169488991922,75.95979950493545,50.0
980.0,77.13169488991922,75.96113669535072,50.0
981.0,77.13169488991922,75.96246901031073,50.0
982.0,77.13169488991922,75.96379648210261,50.0
983.0,77.13169488991922,75.96511914269419,50.0
984.0,77.13169488991922,75.96643702373814,50.0
985.0,77.13169488991922,75.96775015657623,50.0
986.0,77.13169488991922,75.9690585722433,50.0
987.0,77.13169488991922,75.97036230147154,50.0
988.0,77.13169488991922,75.97166137469424,50.0
989.0,77.13169488991922,75.97295582204985,50.0
990.0,77.13169488991922,75.97424567338571,50.0
991.0,77.13169488991922,75.97553095826188,50.0
992.0,77.13169488991922,75.97681170595493,50.0
993.0,77.13169488991922,75.97808794546148,50.0
994.0,77.13169488991922,75.97935970550186,50.0
995.0,77.13169488991922,75.98062701452365,50.0
996.0,77.13169488991922,75.98188990070514,50.0
997.0,77.13169488991922,75.98314839195884,50.0
998.0,77.13169488991922,75.98440251593468,50.0
999.0,77.13169488991922,75.98565230002352,50.0
1000.0,77.13169488991922,75.98689777136029,50.0
1001.0,77.13169488991922,75.98813895682727,50.0
1002.0,77.13169488991922,75.9893758830572,50.0
1003.0,77.13169488991922,75.9906085764365,50.0
1004.0,77.13169488991922,75.99183706310812,50.0
1005.0,77.13169488991922,75.99306136897481,50.0
1006.0,77.13169488991922,75.99428151970191,50.0
1007.0,77.13169488991922,75.99549754072036,50.0
1008.0,77.13169488991922,75.99670945722956,50.0
1009.0,77.13169488991922,75.99791729420012,50.0
1010.0,77.13169488991922,75.9991210763768,50.0
1011.0,77.13169488991922,76.00032082828115,50.0
1012.0,77.13169488991922,76.00151657421424,50.0
1013.0,77.13169488991922,76.0027083382594,50.0
1014.0,77.13169488991922,76.0038961442846,50.0
1015.0,77.13169488991922,76.00508001594534,50.0
1016.0,77.13169488991922,76.00625997668698,50.0
1017.0,77.13169488991922,76.00743604974741,50.0
1018.0,77.13169488991922,76.00860825815933,50.0
1019.0,77.13169488991922,76.00977662475282,50.0
1020.0,77.13169488991922,76.01094117215769,50.0
1021.0,77.13169488991922,76.0121019228058,50.0
1022.0,77.13169488991922,76.0132588989335,50.0
1023.0,77.13169488991922,76.01441212258378,50.0
1024.0,77.13169488991922,76.01556161560859,50.0
1025.0,77.13169488991922,76.01670739967106,50.0
1026.0,77.13169488991922,76.01784949624775,50.0
1027.0,77.13169488991922,76.01898792663066,50.0
1028.0,77.13169488991922,76.02012271192947,50.0
1029.0,77.13169488991922,76.02125387307368,50.0
1030.0,77.13169488991922,76.02238143081448,50.0
1031.0,77.13169488991922,76.02350540572701,50.0
1032.0,77.13169488991922,76.02462581821219,50.0
1033.0,77.13169488991922,76.02574268849884,50.0
1034.0,77.13169488991922,76.02685603664548,50.0
1035.0,77.13169488991922,76.02796588254243,50.0
1036.0,77.13169488991922,76.02907224591354,50.0
1037.0,77.13169488991922,76.03017514631813,50.0
1038.0,77.13169488991922,76.03127460315277,50.0
1039.0,77.13169488991922,76.03237063565328,50.0
1040.0,77.13169488991922,76.03346326289628,50.0
1041.0,77.13169488991922,76.03455250380108,50.0
1042.0,77.13169488991922,76.03563837713139,50.0
1043.0,77.13169488991922,76.0367209014971,50.0
1044.0,77.13169488991922,76.03780009535588,50.0
1045.0,77.13169488991922,76.03887597701484,50.0
1046.0,77.13169488991922,76.03994856463228,50.0
1047.0,77.13169488991922,76.04101787621924,50.0
1048.0,77.13169488991922,76.04208392964107,50.0
1049.0,77.13169488991922,76.04314674261913,50.0
1050.0,77.13169488991922,76.04420633273219,50.0
1051.0,77.13169488991922,76.04526271741803,50.0
1052.0,77.13169488991922,76.04631591397504,50.0
1053.0,77.13169488991922,76.04736593956359,50.0
1054.0,77.13169488991922,76.04841281120754,50.0
1055.0,77.13169488991922,76.04945654579578,50.0
1056.0,77.13169488991922,76.05049716008351,50.0
1057.0,77.13169488991922,76.05153467069378,50.0
1058.0,77.13169488991922,76.0525690941188,50.0
1059.0,77.13169488991922,76.05360044672146,50.0
1060.0,77.13169488991922,76.05462874473645,50.0
1061.0,77.13169488991922,76.05565400427189,50.0
1062.0,77.13169488991922,76.05667624131037,50.0
1063.0,77.13169488991922,76.0576954717105,50.0
1064.0,77.13169488991922,76.05871171120805,50.0
1065.0,77.13169488991922,76.05972497541728,50.0
1066.0,77.13169488991922,76.06073527983213,50.0
1067.0,77.13169488991922,76.06174263982756,50.0
1068.0,77.13169488991922,76.06274707066075,50.0
1069.0,77.13169488991922,76.06374858747222,50.0
1070.0,77.13169488991922,76.0647472052871,50.0
1071.0,77.13169488991922,76.06574293901629,50.0
1072.0,77.13169488991922,76.06673580345769,50.0
1073.0,77.13169488991922,76.06772581329723,50.0
1074.0,77.13169488991922,76.06871298310998,50.0
1075.0,77.13169488991922,76.06969732736144,50.0
1076.0,77.13169488991922,76.07067886040852,50.0
1077.0,77.13169488991922,76.07165759650064,50.0
1078.0,77.13169488991922,76.07263354978078,50.0
1079.0,77.13169488991922,76.07360673428667,50.0
1080.0,77.13169488991922,76.07457716395172,50.0
1081.0,77.13169488991922,76.07554485260599,50.0
1082.0,77.13169488991922,76.07650981397744,50.0
1083.0,77.13169488991922,76.07747206169275,50.0
1084.0,77.13169488991922,76.07843160927835,50.0
1085.0,77.13169488991922,76.07938847016152,50.0
1086.0,77.13169488991922,76.08034265767114,50.0
1087.0,77.13169488991922,76.08129418503893,50.0
1088.0,77.13169488991922,76.08224306540012,50.0
1089.0,77.13169488991922,76.08318931179465,50.0
1090.0,77.13169488991922,76.08413293716784,50.0
1091.0,77.13169488991922,76.08507395437155,50.0
1092.0,77.13169488991922,76.0860123761649,50.0
1093.0,77.13169488991922,76.08694821521523,50.0
1094.0,77.13169488991922,76.08788148409899,50.0
1095.0,77.13169488991922,76.08881219530261,50.0
1096.0,77.13169488991922,76.08974036122335,50.0
1097.0,77.13169488991922,76.09066599417015,50.0
1098.0,77.13169488991922,76.09158910636447,50.0
1099.0,77.13169488991922,76.09250970994113,50.0
1100.0,77.13169488991922,76.09342781694913,50.0
1101.0,77.13169488991922,76.09434343935241,50.0
1102.0,77.13169488991922,76.09525658903075,50.0
1103.0,77.13169488991922,76.09616727778048,50.0
1104.0,77.13169488991922,76.0970755173153,50.0
1105.0,77.13169488991922,76.09798131926702,50.0
1106.0,77.13169488991922,76.09888469518631,50.0
1107.0,77.13169488991922,76.09978565654366,50.0
1108.0,77.13169488991922,76.10068421472967,50.0
1109.0,77.13169488991922,76.10158038105635,50.0
1110.0,77.13169488991922,76.10247416675739,50.0
1111.0,77.13169488991922,76.10336558298913,50.0
1112.0,77.13169488991922,76.10425464083117,50.0
1113.0,77.13169488991922,76.10514135128719,50.0
1114.0,77.13169488991922,76.10602572528542,50.0
1115.0,77.13169488991922,76.10690777367967,50.0
1116.0,77.13169488991922,76.10778750724951,50.0
1117.0,77.13169488991922,76.10866493670157,50.0
1118.0,77.13169488991922,76.10954007266963,50.0
1119.0,77.13169488991922,76.11041292571566,50.0
1120.0,77.13169488991922,76.11128350633027,50.0
1121.0,77.13169488991922,76.11215182493339,50.0
1122.0,77.13169488991922,76.11301789187497,50.0
1123.0,77.13169488991922,76.11388171743559,50.0
1124.0,77.13169488991922,76.11474331182696,50.0
1125.0,77.13169488991922,76.11560268519271,50.0
1126.0,77.13169488991922,76.11645984760888,50.0
1127.0,77.13169488991922,76.11731480908453,50.0
1128.0,77.13169488991922,76.11816757956241,50.0
1129.0,77.13169488991922,76.11901816891948,50.0
1130.0,77.13169488991922,76.11986658696743,50.0
1131.0,77.13169488991922,76.12071284345346,50.0
1132.0,77.13169488991922,76.12155694806053,50.0
1133.0,77.13169488991922,76.1223989104083,50.0
1134.0,77.13169488991922,76.12323874005332,50.0
1135.0,77.13169488991922,76.12407644648992,50.0
1136.0,77.13169488991922,76.12491203915037,50.0
1137.0,77.13169488991922,76.1257455274058,50.0
1138.0,77.13169488991922,76.12657692056649,50.0
1139.0,77.13169488991922,76.12740622788245,50.0
1140.0,77.13169488991922,76.12823345854393,50.0
1141.0,77.13169488991922,76.12905862168205,50.0
1142.0,77.13169488991922,76.12988172636909,50.0
1143.0,77.13169488991922,76.13070278161923,50.0
1144.0,77.13169488991922,76.13152179638891,50.0
1145.0,77.13169488991922,76.13233877957721,50.0
1146.0,77.13169488991922,76.13315374002664,50.0
1147.0,77.13169488991922,76.13396668652342,50.0
1148.0,77.13169488991922,76.13477762779787,50.0
1149.0,77.13169488991922,76.13558657252517,50.0
1150.0,77.13169488991922,76.13639352932552,50.0
1151.0,77.13169488991922,76.13719850676483,50.0
1152.0,77.13169488991922,76.13800151335504,50.0
1153.0,77.13169488991922,76.13880255755461,50.0
1154.0,77.13169488991922,76.139601647769,50.0
1155.0,77.13169488991922,76.14039879235106,50.0
1156.0,77.13169488991922,76.14119399960153,50.0
1157.0,77.13169488991922,76.14198727776942,50.0
1158.0,77.13169488991922,76.14277863505238,50.0
1159.0,77.13169488991922,76.14356807959736,50.0
1160.0,77.13169488991922,76.14435561950069,50.0
1161.0,77.13169488991922,76.14514126280883,50.0
1162.0,77.13169488991922,76.1459250175185,50.0
1163.0,77.13169488991922,76.1467068915773,50.0
1164.0,77.13169488991922,76.14748689288396,50.0
1165.0,77.13169488991922,76.14826502928888,50.0
1166.0,77.13169488991922,76.14904130859435,50.0
1167.0,77.13169488991922,76.1498157385551,50.0
1168.0,77.13169488991922,76.15058832687862,50.0
1169.0,77.13169488991922,76.15135908122555,50.0
1170.0,77.13169488991922,76.15212800920999,50.0
1171.0,77.13169488991922,76.15289511840008,50.0
1172.0,77.13169488991922,76.15366041631806,50.0
1173.0,77.13169488991922,76.15442391044093,50.0
1174.0,77.13169488991922,76.15518560820063,50.0
1175.0,77.13169488991922,76.15594551698452,50.0
1176.0,77.13169488991922,76.15670364413559,50.0
1177.0,77.13169488991922,76.15745999695298,50.0
1178.0,77.13169488991922,76.15821458269221,50.0
1179.0,77.13169488991922,76.1589674085656,50.0
1180.0,77.13169488991922,76.15971848174252,50.0
1181.0,77.13169488991922,76.1604678093498,50.0
1182.0,77.13169488991922,76.16121539847214,50.0
1183.0,77.13169488991922,76.16196125615221,50.0
1184.0,77.13169488991922,76.16270538939122,50.0
1185.0,77.13169488991922,76.16344780514913,50.0
1186.0,77.13169488991922,76.16418851034499,50.0
1187.0,77.13169488991922,76.16492751185723,50.0
1188.0,77.13169488991922,76.16566481652407,50.0
1189.0,77.13169488991922,76.16640043114364,50.0
1190.0,77.13169488991922,76.16713436247461,50.0
1191.0,77.13169488991922,76.16786661723614,50.0
1192.0,77.13169488991922,76.16859720210844,50.0
1193.0,77.13169488991922,76.16932612373293,50.0
1194.0,77.13169488991922,76.17005338871262,50.0
1195.0,77.13169488991922,76.17077900361241,50.0
1196.0,77.13169488991922,76.17150297495922,50.0
1197.0,77.13169488991922,76.17222530924259,50.0
1198.0,77.13169488991922,76.17294601291461,50.0
1199.0,77.13169488991922,76.17366509239051,50.0
1200.0,77.13169488991922,76.17438255404868,50.0
