"tick","donation-normed-big","donation-big group","donation-valued-big"
1.0,55.0,60.121475197315824,95.0
2.0,55.0,60.0800050800076,95.0
3.0,55.0,60.039526306789725,95.0
4.0,55.0,60.0,95.0
5.0,55.0,59.961389383568374,95.0
6.0,55.0,59.92365963917336,95.0
7.0,55.0,59.88677777425215,95.0
8.0,55.0,59.850712500726665,95.0
9.0,55.0,59.8154341234308,95.0
10.0,55.0,59.7809144373376,95.0
11.0,55.0,59.74712663277538,95.0
12.0,55.0,59.714045207910246,95.0
13.0,55.0,59.681645887845214,95.0
14.0,55.0,59.6499055497528,95.0
15.0,55.0,59.61880215351705,95.0
16.0,55.0,59.58831467741128,95.0
17.0,55.0,59.55842305838545,95.0
18.0,55.0,59.529108136578415,95.0
19.0,55.0,59.50035160370408,95.0
20.0,55.0,59.47213595499955,95.0
21.0,55.0,59.44444444444438,95.0
22.0,55.0,59.41726104299383,95.0
23.0,55.0,59.390570399587574,95.0
24.0,55.0,59.364357804719894,95.0
25.0,55.0,59.338609156373096,95.0
26.0,55.0,59.31331092813753,95.0
27.0,55.0,59.28845013935113,95.0
28.0,55.0,59.264014327112235,95.0
29.0,55.0,59.23999152002538,95.0
30.0,55.0,59.216370213557795,95.0
31.0,55.0,59.19313934688763,95.0
32.0,55.0,59.170288281141445,95.0
33.0,55.0,59.147806778921684,95.0
34.0,55.0,59.12568498503516,95.0
35.0,55.0,59.10391340834064,95.0
36.0,55.0,59.082482904638674,95.0
37.0,55.0,59.061384660534415,95.0
38.0,55.0,59.04061017820881,95.0
39.0,55.0,59.02015126103685,95.0
40.0,55.0,59.0,95.0
41.0,55.0,58.98014876084001,95.0
42.0,55.0,58.96059017190676,95.0
43.0,55.0,58.941317112657124,95.0
44.0,55.0,58.922322702763715,95.0
45.0,55.0,58.903600291794184,95.0
46.0,55.0,58.88514344942905,95.0
47.0,55.0,58.866945956182605,95.0
48.0,55.0,58.84900179459749,95.0
49.0,55.07547062342348,57.77684521658868,93.23529411764706
50.0,55.07547062342348,57.76078854613158,93.23529411764706
51.0,55.07547062342348,57.7449636501153,93.23529411764706
52.0,55.07547062342348,57.72936534336841,93.23529411764706
53.0,55.07547062342348,57.71338599986281,93.23529411764706
54.0,55.07547062342348,57.70572372026509,93.23529411764706
55.0,55.07547062342348,57.712970961037826,93.23529411764706
56.0,55.07547062342348,57.760377670092765,93.23529411764706
57.0,55.07547062342348,57.916588326122294,93.23529411764706
58.0,55.07547062342348,58.35167403597091,93.23529411764706
59.0,55.07547062342348,58.352012083627024,93.23529411764706
60.0,55.07547062342348,58.35055528997645,93.23529411764706
61.0,55.07547062342348,58.34768936630944,93.23529411764706
62.0,55.07547062342348,58.3437008389072,93.23529411764706
63.0,55.07547062342348,58.3388073774652,93.23529411764706
64.0,55.07547062342348,58.33317751711219,93.23529411764706
65.0,55.07547062342348,58.32694389581848,93.23529411764706
66.0,55.07547062342348,58.320212384833695,93.23529411764706
67.0,55.07547062342348,58.31306853750817,93.23529411764706
68.0,55.07547062342348,58.30558223995907,93.23529411764706
69.0,55.07547062342348,58.297811127388115,93.23529411764706
70.0,55.07547062342348,58.28980313526193,93.23529411764706
71.0,55.07547062342348,58.28159843274601,93.23529411764706
72.0,55.07547062342348,58.27323090759564,93.23529411764706
73.0,55.07547062342348,58.26472932040196,93.23529411764706
74.0,55.07547062342348,58.25611821172282,93.23529411764706
75.0,55.07547062342348,58.247418622198715,93.23529411764706
76.0,55.07547062342348,58.23864866949852,93.23529411764706
77.0,55.07547062342348,58.2298240144942,93.23529411764706
78.0,55.07547062342348,58.22095824089545,93.23529411764706
79.0,55.07547062342348,58.21206316665552,93.23529411764706
80.0,55.07547062342348,58.20314910113785,93.23529411764706
81.0,55.07547062342348,58.194225058822425,93.23529411764706
82.0,55.07547062342348,58.18529893793781,93.23529411764706
83.0,55.07547062342348,58.1763776705902,93.23529411764706
84.0,55.07547062342348,58.167467349584946,93.23529411764706
85.0,55.07547062342348,58.1585733360714,93.23529411764706
86.0,55.07547062342348,58.14970035132316,93.23529411764706
87.0,55.07547062342348,58.14085255532243,93.23529411764706
88.0,55.07547062342348,58.132033614315404,93.23529411764706
89.0,55.07547062342348,58.12324675910193,93.23529411764706
90.0,55.07547062342348,58.11449483551217,93.23529411764706
91.0,55.07547062342348,58.10578034826106,93.23529411764706
92.0,55.07547062342348,58.09710549917123,93.23529411764706
93.0,55.07547062342348,58.08847222058697,93.23529411764706
94.0,55.07547062342348,58.07988220466845,93.23529411764706
95.0,55.07547062342348,58.0713369291404,93.23529411764706
96.0,55.07547062342348,58.062837679985506,93.23529411764706
97.0,55.07547062342348,58.05438557149089,93.23529411764706
98.0,55.07547062342348,58.04598156399859,93.23529411764706
99.0,55.07547062342348,58.03762647965585,93.23529411764706
100.0,55.07547062342348,58.02932101642196,93.23529411764706
101.0,55.07547062342348,58.021065760545845,93.23529411764706
102.0,55.07547062342348,58.0128611977059,93.23529411764706
103.0,55.07547062342348,58.00470772296963,93.23529411764706
104.0,55.07547062342348,57.996605649716074,93.23529411764706
105.0,55.07547062342348,57.98855521763999,93.23529411764706
106.0,55.07547062342348,57.98055659994434,93.23529411764706
107.0,55.07547062342348,57.97260990981142,93.23529411764706
108.0,55.07547062342348,57.964715206235475,93.23529411764706
109.0,55.07547062342348,57.95687249928367,93.23529411764706
110.0,55.07547062342348,57.94908175484945,93.23529411764706
111.0,55.07547062342348,57.9413428989513,93.23529411764706
112.0,55.07547062342348,57.93365582162508,93.23529411764706
113.0,55.07547062342348,57.92602038045195,93.23529411764706
114.0,55.07547062342348,57.91843640375948,93.23529411764706
115.0,55.07547062342348,57.91090369352747,93.23529411764706
116.0,55.07547062342348,57.90342202803067,93.23529411764706
117.0,55.07547062342348,57.89599116424124,93.23529411764706
118.0,55.07547062342348,57.888610840017044,93.23529411764706
119.0,55.07547062342348,57.88128077609407,93.23529411764706
120.0,55.07547062342348,57.87400067790336,93.23529411764706
121.0,55.07547062342348,57.866770237228,93.23529411764706
122.0,55.07547062342348,57.85958913371534,93.23529411764706
123.0,55.07547062342348,57.85245703625819,93.23529411764706
124.0,55.07547062342348,57.845373604255755,93.23529411764706
125.0,55.07547062342348,57.838338488766134,93.23529411764706
126.0,55.07547062342348,57.83135133356053,93.23529411764706
127.0,55.07547062342348,57.82441177608671,93.23529411764706
128.0,55.07547062342348,57.81751944834961,93.23529411764707
129.0,55.07547062342348,57.810673977718324,93.23529411764704
130.0,55.07547062342348,57.803874987663036,93.23529411764706
131.0,55.07547062342348,57.79712209842973,93.23529411764706
132.0,55.07547062342348,57.79041492765762,93.23529411764706
133.0,55.07547062342348,57.783753090944046,93.23529411764704
134.0,55.07547062342348,57.77713620236077,93.23529411764704
135.0,55.07547062342348,57.770563874926204,93.23529411764706
136.0,55.07547062342348,57.76403572103759,93.23529411764706
137.0,55.07547062342348,57.7575513528656,93.23529411764706
138.0,55.07547062342348,57.75111038271415,93.23529411764706
139.0,55.07547062342348,57.74471242335045,93.23529411764706
140.0,55.07547062342348,57.73835708830448,93.23529411764704
141.0,55.07547062342348,57.732043992142636,93.23529411764707
142.0,55.07547062342348,57.725772750717276,93.23529411764706
143.0,55.07547062342348,57.71954298139316,93.23529411764706
144.0,55.07547062342348,57.7133543032538,93.23529411764707
145.0,55.07547062342348,57.70720633728762,93.23529411764706
146.0,55.07547062342348,57.70109870655838,93.23529411764706
147.0,55.07547062342348,57.69503103635736,93.23529411764706
148.0,55.07547062342348,57.68900295434209,93.23529411764706
149.0,55.07547062342348,57.68301409066043,93.23529411764704
150.0,55.07547062342348,57.67706407806275,93.23529411764707
151.0,55.07547062342348,57.67115255200169,93.23529411764706
152.0,55.07547062342348,57.66527915072122,93.23529411764706
153.0,55.07547062342348,57.65944351533628,93.23529411764706
154.0,55.07547062342348,57.65364528990221,93.23529411764706
155.0,55.07547062342348,57.6478841214773,93.23529411764706
156.0,55.07547062342348,57.642159660175224,93.23529411764707
157.0,55.07547062342348,57.636471559212644,93.23529411764706
158.0,55.07547062342348,57.63081947494867,93.23529411764706
159.0,55.07547062342348,57.6252030669183,93.23529411764706
160.0,55.07547062342348,57.619621997860925,93.23529411764706
161.0,55.07547062342348,57.6140759337427,93.23529411764706
162.0,55.07547062342348,57.60856454377523,93.23529411764704
163.0,55.07547062342348,57.603087500428224,93.23529411764707
164.0,55.07547062342348,57.597644479439936,93.23529411764706
165.0,55.07547062342348,57.59223515982216,93.23529411764706
166.0,55.07547062342348,57.58685922386305,93.23529411764706
167.0,55.07547062342348,57.58151635712615,93.23529411764704
168.0,55.07547062342348,57.57620624844632,93.23529411764707
169.0,55.07547062342348,57.57092858992365,93.23529411764706
170.0,55.07547062342348,57.565683076914475,93.23529411764706
171.0,55.07547062342348,57.56046940802,93.23529411764706
172.0,55.07547062342348,57.55528728507331,93.23529411764706
173.0,55.07547062342348,57.55013641312454,93.23529411764706
174.0,55.07547062342348,57.54501650042347,93.23529411764704
175.0,55.07547062342348,57.53992725840176,93.23529411764707
176.0,55.07547062342348,57.53486840165262,93.23529411764707
177.0,55.07547062342348,57.529839647910755,93.23529411764706
178.0,55.07547062342348,57.52484071802873,93.23529411764707
179.0,55.07547062342348,57.5198713359553,93.23529411764706
180.0,55.07547062342348,57.514931228709756,93.23529411764706
181.0,55.07547062342348,57.51002012635804,93.23529411764706
182.0,55.07547062342348,57.50513776198625,93.23529411764707
183.0,55.07547062342348,57.50028387167436,93.23529411764706
184.0,55.07547062342348,57.49545819446935,93.23529411764706
185.0,55.07547062342348,57.49066047235728,93.23529411764707
186.0,55.07547062342348,57.4858904502356,93.23529411764704
187.0,55.07547062342348,57.48114787588432,93.23529411764706
188.0,55.07547062342348,57.47643249993789,93.23529411764706
189.0,55.07547062342348,57.47174407585506,93.23529411764706
190.0,55.07547062342348,57.467082359891016,93.23529411764704
191.0,55.07547062342348,57.46244711106663,93.23529411764706
192.0,55.07547062342348,57.45783809113966,93.23529411764706
193.0,55.07547062342348,57.45325506457457,93.23529411764704
194.0,55.07547062342348,57.44869779851321,93.23529411764704
195.0,55.07547062342348,57.44416606274416,93.23529411764706
196.0,55.07547062342348,57.43965962967411,93.23529411764707
197.0,55.07547062342348,57.43517827429686,93.23529411764706
198.0,55.07547062342348,57.43072177416414,93.23529411764707
199.0,55.07547062342348,57.426289909356,93.23529411764707
200.0,55.07547062342348,57.42188246245122,93.23529411764704
201.0,55.07547062342348,57.4174992184971,93.23529411764704
202.0,55.07547062342348,57.413139964981305,93.23529411764707
203.0,55.07547062342348,57.40880449180168,93.23529411764706
204.0,55.07547062342348,57.40449259123765,93.23529411764706
205.0,55.07547062342348,57.400204057921485,93.23529411764707
206.0,55.07547062342348,57.39593868880909,93.23529411764706
207.0,55.07547062342348,57.39169628315227,93.23529411764706
208.0,55.07547062342348,57.38747664246997,93.23529411764706
209.0,55.07547062342348,57.38327957052045,93.23529411764706
210.0,55.07547062342348,57.37910487327375,93.23529411764704
211.0,55.07547062342348,57.37495235888331,93.23529411764706
212.0,55.07547062342348,57.37082183765996,93.23529411764706
213.0,55.07547062342348,57.36671312204373,93.23529411764706
214.0,55.07547062342348,57.36262602657783,93.23529411764704
215.0,55.07547062342348,57.35856036788156,93.23529411764707
216.0,55.07547062342348,57.35451596462458,93.23529411764706
217.0,55.07547062342348,57.35049263750079,93.23529411764706
218.0,55.07547062342348,57.34649020920249,93.23529411764704
219.0,55.07547062342348,57.34250850439495,93.23529411764706
220.0,55.07547062342348,57.33854734969181,93.23529411764704
221.0,55.07547062342348,57.33460657362915,93.23529411764704
222.0,55.07547062342348,57.33068600664245,93.23529411764706
223.0,55.07547062342348,57.32678548104065,93.23529411764706
224.0,55.07547062342348,57.3229048309837,93.23529411764706
225.0,55.07547062342348,57.31904389245758,93.23529411764707
226.0,55.07547062342348,57.315202503251584,93.23529411764704
227.0,55.07547062342348,57.31138050293511,93.23529411764707
228.0,55.07547062342348,57.30757773283488,93.23529411764706
229.0,55.07547062342348,57.30379403601196,93.23529411764706
230.0,55.07547062342348,57.300029257239714,93.23529411764706
231.0,55.07547062342348,57.296283242982064,93.23529411764704
232.0,55.07547062342348,57.292555841371346,93.23529411764704
233.0,55.07547062342348,57.288846902187046,93.23529411764706
234.0,55.07547062342348,57.285156276834925,93.23529411764706
235.0,55.07547062342348,57.28148381832551,93.23529411764706
236.0,55.07547062342348,57.277829381253845,93.23529411764706
237.0,55.07547062342348,57.27419282177951,93.23529411764706
238.0,55.07547062342348,57.27057399760564,93.23529411764706
239.0,55.07547062342348,57.2669727679599,93.23529411764706
240.0,55.07547062342348,57.26338899357476,93.23529411764706
241.0,55.07547062342348,57.259822536667905,93.23529411764706
242.0,55.07547062342348,57.2562732609235,93.23529411764706
243.0,55.07547062342348,57.25274103147361,93.23529411764706
244.0,55.07547062342348,57.24922571487915,93.23529411764706
245.0,55.07547062342348,57.24572717911198,93.23529411764707
246.0,55.07547062342348,57.24224529353698,93.23529411764706
247.0,55.07547062342348,57.23877992889409,93.23529411764706
248.0,55.07547062342348,57.23533095728087,93.23529411764704
249.0,55.07547062342348,57.23189825213519,93.23529411764706
250.0,55.07547062342348,57.22848168821811,93.23529411764704
251.0,55.07547062342348,57.225081141597435,93.23529411764706
252.0,55.07547062342348,57.22169648963081,93.23529411764704
253.0,55.07547062342348,57.21832761094924,93.23529411764706
254.0,55.07547062342348,57.21497438544161,93.23529411764706
255.0,55.07547062342348,57.2116366942382,93.23529411764706
256.0,55.07547062342348,57.20831441969511,93.23529411764704
257.0,55.07547062342348,57.20500744537909,93.23529411764706
258.0,55.07547062342348,57.20171565605229,93.23529411764707
259.0,55.07547062342348,57.19843893765662,93.23529411764706
260.0,55.07547062342348,57.1951771772999,93.23529411764706
261.0,55.07547062342348,57.19193026324061,93.23529411764706
262.0,55.07547062342348,57.18869808487369,93.23529411764704
263.0,55.07547062342348,57.18548053271622,93.23529411764707
264.0,55.07547062342348,57.182277498393496,93.23529411764706
265.0,55.07547062342348,57.179088874625634,93.23529411764704
266.0,55.07547062342348,57.17591455521334,93.23529411764707
267.0,55.07547062342348,57.172754435024494,93.23529411764706
268.0,55.07547062342348,57.16960840998186,93.23529411764706
269.0,55.07547062342348,57.16647637704864,93.23529411764706
270.0,55.07547062342348,57.163358234217014,93.23529411764706
271.0,55.07547062342348,57.160253880494274,93.23529411764706
272.0,55.07547062342348,57.1571632158911,93.23529411764706
273.0,55.07547062342348,57.15408614140905,93.23529411764706
274.0,55.07547062342348,57.15102255902832,93.23529411764704
275.0,55.07547062342348,57.14797237169569,93.23529411764707
276.0,55.07547062342348,57.14493548331298,93.23529411764706
277.0,55.07547062342348,57.14191179872527,93.23529411764706
278.0,55.07547062342348,57.138901223709055,93.23529411764706
279.0,55.07547062342348,57.13590366496168,93.23529411764706
280.0,55.07547062342348,57.13291903008969,93.23529411764706
281.0,55.07547062342348,57.12994722759774,93.23529411764704
282.0,55.07547062342348,57.1269881668778,93.23529411764706
283.0,55.07547062342348,57.1240417581991,93.23529411764704
284.0,55.07547062342348,57.121107912696296,93.23529411764706
285.0,55.07547062342348,57.11818654236049,93.23529411764706
286.0,55.07547062342348,57.11527756002764,93.23529411764706
287.0,55.07547062342348,57.11238087936943,93.23529411764706
288.0,55.07547062342348,57.10949641488302,93.23529411764706
289.0,55.07547062342348,57.106624081880945,93.23529411764706
290.0,55.07547062342348,57.103763796481545,93.23529411764704
291.0,55.07547062342348,57.1009154755996,93.23529411764706
292.0,55.07547062342348,57.09807903693649,93.23529411764706
293.0,55.07547062342348,57.09525439897153,93.23529411764706
294.0,55.07547062342348,57.09244148095197,93.23529411764706
295.0,55.07547062342348,57.08964020288467,93.23529411764706
296.0,55.07547062342348,57.08685048552669,93.23529411764706
297.0,55.07547062342348,57.084072250376764,93.23529411764707
298.0,55.07547062342348,57.08130541966638,93.23529411764707
299.0,55.07547062342348,57.07854991635158,93.23529411764706
300.0,55.07547062342348,57.075805664104166,93.23529411764707
301.0,55.07547062342348,57.07307258730344,93.23529411764706
302.0,55.07547062342348,57.07035061102807,93.23529411764704
303.0,55.07547062342348,57.06763966104802,93.23529411764706
304.0,55.07547062342348,57.0649396638162,93.23529411764706
305.0,55.07547062342348,57.062250546461364,93.23529411764706
306.0,55.07547062342348,57.0595722367792,93.23529411764707
307.0,55.07547062342348,57.05690466322594,93.23529411764706
308.0,55.07547062342348,57.05424775490961,93.23529411764706
309.0,55.07547062342348,57.05160144158337,93.23529411764706
310.0,55.07547062342348,57.048965653637815,93.23529411764706
311.0,55.07547062342348,57.046340322093535,93.23529411764706
312.0,55.07547062342348,57.043725378594516,93.23529411764706
313.0,55.07547062342348,57.04112075540032,93.23529411764706
314.0,55.07547062342348,57.03852638537994,93.23529411764706
315.0,55.07547062342348,57.03594220200404,93.23529411764707
316.0,55.07547062342348,57.033368139338876,93.23529411764706
317.0,55.07547062342348,57.030804132039265,93.23529411764706
318.0,55.07547062342348,57.028250115341855,93.23529411764706
319.0,55.07547062342348,57.025706025058845,93.23529411764706
320.0,55.07547062342348,57.02317179757162,93.23529411764706
321.0,55.07547062342348,57.02064736982411,93.23529411764704
322.0,55.07547062342348,57.018132679316395,93.23529411764706
323.0,55.07547062342348,57.01562766409925,93.23529411764706
324.0,55.07547062342348,57.01313226276736,93.23529411764706
325.0,55.07547062342348,57.01064641445317,93.23529411764704
326.0,55.07547062342348,57.00817005882183,93.23529411764706
327.0,55.07547062342348,57.005703136064334,93.23529411764707
328.0,55.07547062342348,57.00324558689241,93.23529411764706
329.0,55.07547062342348,57.000797352532224,93.23529411764706
330.0,55.07547062342348,56.99835837471954,93.23529411764704
331.0,55.07547062342348,56.99592859569333,93.23529411764706
332.0,55.07547062342348,56.99350795819071,93.23529411764707
333.0,55.07547062342348,56.991096405441404,93.23529411764706
334.0,55.07547062342348,56.988693881162675,93.23529411764706
335.0,55.07547062342348,56.986300329553366,93.23529411764706
336.0,55.07547062342348,56.983915695289404,93.23529411764706
337.0,55.07547062342348,56.98153992351846,93.23529411764706
338.0,55.07547062342348,56.97917295985433,93.23529411764706
339.0,55.07547062342348,56.97681475037265,93.23529411764706
340.0,55.07547062342348,56.97446524160578,93.23529411764706
341.0,55.07547062342348,56.972124380537515,93.23529411764706
342.0,55.07547062342348,56.969792114598626,93.23529411764706
343.0,55.07547062342348,56.96746839166197,93.23529411764706
344.0,55.07547062342348,56.9651531600379,93.23529411764706
345.0,55.07547062342348,56.9628463684693,93.23529411764704
346.0,55.07547062342348,56.96054796612768,93.23529411764707
347.0,55.07547062342348,56.95825790260761,93.23529411764706
348.0,55.07547062342348,56.95597612792349,93.23529411764706
349.0,55.07547062342348,56.95370259250376,93.23529411764706
350.0,55.07547062342348,56.951437247188,93.23529411764704
351.0,55.07547062342348,56.949180043221226,93.23529411764706
352.0,55.07547062342348,56.946930932250964,93.23529411764706
353.0,55.07547062342348,56.9446898663219,93.23529411764706
354.0,55.07547062342348,56.942456797872424,93.23529411764706
355.0,55.07547062342348,56.940231679730324,93.23529411764706
356.0,55.07547062342348,56.93801446510868,93.23529411764706
357.0,55.07547062342348,56.93580510760229,93.23529411764706
358.0,55.07547062342348,56.93360356118316,93.23529411764706
359.0,55.07547062342348,56.93140978019657,93.23529411764704
360.0,55.07547062342348,56.92922371935818,93.23529411764706
361.0,55.07547062342348,56.92704533374907,93.23529411764706
362.0,55.07547062342348,56.924874578812606,93.23529411764706
363.0,55.07547062342348,56.92271141035081,93.23529411764707
364.0,55.07547062342348,56.920555784520026,93.23529411764706
365.0,55.07547062342348,56.9184076578284,93.23529411764704
366.0,55.07547062342348,56.91626698713128,93.23529411764707
367.0,55.07547062342348,56.914133729628226,93.23529411764706
368.0,55.07547062342348,56.91200784285942,93.23529411764706
369.0,55.07547062342348,56.909889284702324,93.23529411764706
370.0,55.07547062342348,56.907778013368095,93.23529411764706
371.0,55.07547062342348,56.905673987398124,93.23529411764706
372.0,55.07547062342348,56.90357716566129,93.23529411764706
373.0,55.07547062342348,56.90148750734977,93.23529411764706
374.0,55.07547062342348,56.899404971976864,93.23529411764706
375.0,55.07547062342348,56.89732951937297,93.23529411764706
376.0,55.07547062342348,56.89526110968278,93.23529411764704
377.0,55.07547062342348,56.89319970336195,93.23529411764704
378.0,55.07547062342348,56.89114526117437,93.23529411764706
379.0,55.07547062342348,56.88909774418876,93.23529411764706
380.0,55.07547062342348,56.88705711377601,93.23529411764706
381.0,55.07547062342348,56.88502333160552,93.23529411764706
382.0,55.07547062342348,56.882996359643194,93.23529411764706
383.0,55.07547062342348,56.88097616014797,93.23529411764706
384.0,55.07547062342348,56.87896269566899,93.23529411764706
385.0,55.07547062342348,56.876955929042595,93.23529411764706
386.0,55.07547062342348,56.874955823390096,93.23529411764706
387.0,55.07547062342348,56.872962342114704,93.23529411764706
388.0,55.07547062342348,56.870975448898214,93.23529411764706
389.0,55.07547062342348,56.868995107699426,93.23529411764706
390.0,55.07547062342348,56.86702128275044,93.23529411764706
391.0,55.07547062342348,56.86505393855467,93.23529411764707
392.0,55.07547062342348,56.86309303988393,93.23529411764706
393.0,55.07547062342348,56.86113855177592,93.23529411764707
394.0,55.07547062342348,56.85919043953167,93.23529411764706
395.0,55.07547062342348,56.85724866871308,93.23529411764706
396.0,55.07547062342348,56.85531320514002,93.23529411764704
397.0,55.07547062342348,56.85338401488885,93.23529411764706
398.0,55.07547062342348,56.8514610642887,93.23529411764706
399.0,55.07547062342348,56.84954431992017,93.23529411764706
400.0,55.07547062342348,56.84763374861212,93.23529411764706
401.0,55.07547062342348,56.845729317439975,93.23529411764704
402.0,55.07547062342348,56.84383099372291,93.23529411764706
403.0,55.07547062342348,56.841938745021835,93.23529411764707
404.0,55.07547062342348,56.84005253913698,93.23529411764706
405.0,55.07547062342348,56.838172344105615,93.23529411764704
406.0,55.07547062342348,56.836298128200156,93.23529411764704
407.0,55.07547062342348,56.834429859925294,93.23529411764706
408.0,55.07547062342348,56.83256750801663,93.23529411764706
409.0,55.07547062342348,56.83071104143782,93.23529411764706
410.0,55.07547062342348,56.82886042937914,93.23529411764706
411.0,55.07547062342348,56.82701564125471,93.23529411764706
412.0,55.07547062342348,56.82517664670072,93.23529411764706
413.0,55.07547062342348,56.82334341557348,93.23529411764707
414.0,55.07547062342348,56.821515917947295,93.23529411764706
415.0,55.07547062342348,56.819694124112445,93.23529411764706
416.0,55.07547062342348,56.81787800457306,93.23529411764704
417.0,55.07547062342348,56.8160675300455,93.23529411764707
418.0,55.07547062342348,56.814262671455914,93.23529411764706
419.0,55.07547062342348,56.81246339993899,93.23529411764706
420.0,55.07547062342348,56.81066968683538,93.23529411764706
421.0,55.07547062342348,56.80888150369012,93.23529411764706
422.0,55.07547062342348,56.807098822251056,93.23529411764706
423.0,55.07547062342348,56.80532161446632,93.23529411764706
424.0,55.07547062342348,56.80354985248334,93.23529411764707
425.0,55.07547062342348,56.80178350864617,93.23529411764706
426.0,55.07547062342348,56.800022555494564,93.23529411764704
427.0,55.07547062342348,56.79826696576163,93.23529411764706
428.0,55.07547062342348,56.79651671237224,93.23529411764707
429.0,55.07547062342348,56.79477176844131,93.23529411764706
430.0,55.07547062342348,56.79303210727221,93.23529411764704
431.0,55.07547062342348,56.79129770235512,93.23529411764706
432.0,55.07547062342348,56.789568527365006,93.23529411764706
433.0,55.07547062342348,56.7878445561602,93.23529411764704
434.0,55.07547062342348,56.78612576278127,93.23529411764706
435.0,55.07547062342348,56.78441212144823,93.23529411764706
436.0,55.07547062342348,56.782703606560034,93.23529411764706
437.0,55.07547062342348,56.78100019269273,93.23529411764707
438.0,55.07547062342348,56.77930185459736,93.23529411764704
439.0,55.07547062342348,56.77760856719912,93.23529411764706
440.0,55.07547062342348,56.77592030559546,93.23529411764704
441.0,55.07547062342348,56.77423704505466,93.23529411764706
442.0,55.07547062342348,56.77255876101436,93.23529411764704
443.0,55.07547062342348,56.770885429079996,93.23529411764706
444.0,55.07547062342348,56.76921702502349,93.23529411764704
445.0,55.07547062342348,56.76755352478137,93.23529411764706
446.0,55.07547062342348,56.76589490445415,93.23529411764706
447.0,55.07547062342348,56.764241140304215,93.23529411764704
448.0,55.07547062342348,56.762592208754505,93.23529411764706
449.0,55.07547062342348,56.76094808638738,93.23529411764706
450.0,55.07547062342348,56.75930874994307,93.23529411764706
451.0,55.07547062342348,56.75767417631858,93.23529411764704
452.0,55.07547062342348,56.75604434256567,93.23529411764706
453.0,55.07547062342348,56.75441922589058,93.23529411764706
454.0,55.07547062342348,56.752798803651544,93.23529411764706
455.0,55.07547062342348,56.75118305335852,93.23529411764706
456.0,55.07547062342348,56.749571952671175,93.23529411764704
457.0,55.07547062342348,56.747965479397834,93.23529411764707
458.0,55.07547062342348,56.74636361149447,93.23529411764706
459.0,55.07547062342348,56.74476632706309,93.23529411764706
460.0,55.07547062342348,56.74317360435083,93.23529411764704
461.0,55.07547062342348,56.74158542174822,93.23529411764706
462.0,55.07547062342348,56.74000175778855,93.23529411764706
463.0,55.07547062342348,56.73842259114635,93.23529411764706
464.0,55.07547062342348,56.73684790063621,93.23529411764704
465.0,55.07547062342348,56.73527766521192,93.23529411764706
466.0,55.07547062342348,56.733711863964444,93.23529411764706
467.0,55.07547062342348,56.73215047612219,93.23529411764706
468.0,55.07547062342348,56.73059348104844,93.23529411764707
469.0,55.07547062342348,56.729040858240936,93.23529411764706
470.0,55.07547062342348,56.727492587331,93.23529411764704
471.0,55.07547062342348,56.725948648081726,93.23529411764704
472.0,55.07547062342348,56.724409020387284,93.23529411764706
473.0,55.07547062342348,56.72287368427201,93.23529411764704
474.0,55.07547062342348,56.72134261988889,93.23529411764706
475.0,55.07547062342348,56.719815807519,93.23529411764706
476.0,55.07547062342348,56.718293227569745,93.23529411764707
477.0,55.07547062342348,56.71677486057471,93.23529411764707
478.0,55.07547062342348,56.71526068719208,93.23529411764706
479.0,55.07547062342348,56.71375068820335,93.23529411764706
480.0,55.07547062342348,56.71224484451322,93.23529411764706
481.0,55.07547062342348,56.7107431371477,93.23529411764706
482.0,55.07547062342348,56.7092455472536,93.23529411764706
483.0,55.07547062342348,56.70775205609725,93.23529411764706
484.0,55.07547062342348,56.70626264506393,93.23529411764706
485.0,55.07547062342348,56.70477729565671,93.23529411764707
486.0,55.07547062342348,56.70329598949518,93.23529411764707
487.0,55.07547062342348,56.70181870831497,93.23529411764704
488.0,55.07547062342348,56.700345433966724,93.23529411764706
489.0,55.07547062342348,56.69887614841499,93.23529411764706
490.0,55.07547062342348,56.69741083373745,93.23529411764706
491.0,55.07547062342348,56.69594947212385,93.23529411764706
492.0,55.07547062342348,56.69449204587531,93.23529411764706
493.0,55.07547062342348,56.69303853740346,93.23529411764704
494.0,55.07547062342348,56.69158892922929,93.23529411764706
495.0,55.07547062342348,56.69014320398247,93.23529411764706
496.0,55.07547062342348,56.68870134440046,93.23529411764706
497.0,55.07547062342348,56.687263333327735,93.23529411764706
498.0,55.07547062342348,56.68582915371472,93.23529411764706
499.0,55.07547062342348,56.684398788617244,93.23529411764706
500.0,55.07547062342348,56.68297222119523,93.23529411764704
501.0,55.07547062342348,56.68154943471269,93.23529411764707
502.0,55.07547062342348,56.680130412535824,93.23529411764706
503.0,55.07547062342348,56.67871513813332,93.23529411764706
504.0,55.07547062342348,56.67730359507479,93.23529411764706
505.0,55.07547062342348,56.6758957670302,93.23529411764706
506.0,55.07547062342348,56.67449163776924,93.23529411764706
507.0,55.07547062342348,56.67309119116008,93.23529411764706
508.0,55.07547062342348,56.67169441116954,93.23529411764706
509.0,55.07547062342348,56.67030128186109,93.23529411764704
510.0,55.07547062342348,56.66891178739519,93.23529411764704
511.0,55.07547062342348,56.667525912027905,93.23529411764706
512.0,55.07547062342348,56.6661436401102,93.23529411764706
513.0,55.07547062342348,56.66476495608762,93.23529411764706
514.0,55.07547062342348,56.66338984449911,93.23529411764706
515.0,55.07547062342348,56.662018289976395,93.23529411764706
516.0,55.07547062342348,56.66065027724373,93.23529411764706
517.0,55.07547062342348,56.65928579111638,93.23529411764706
518.0,55.07547062342348,56.65792481650063,93.23529411764706
519.0,55.07547062342348,56.65656733839257,93.23529411764707
520.0,55.07547062342348,56.65521334187792,93.23529411764706
521.0,55.07547062342348,56.653862812130896,93.23529411764704
522.0,55.07547062342348,56.65251573441373,93.23529411764706
523.0,55.07547062342348,56.65117209407595,93.23529411764706
524.0,55.07547062342348,56.649831876554096,93.23529411764706
525.0,55.07547062342348,56.64849506737008,93.23529411764706
526.0,55.07547062342348,56.64716165213191,93.23529411764706
527.0,55.07547062342348,56.64583161653187,93.23529411764704
528.0,55.07547062342348,56.644504946346316,93.23529411764707
529.0,55.07547062342348,56.643181627435226,93.23529411764706
530.0,55.07547062342348,56.64186164574133,93.23529411764706
531.0,55.07547062342348,56.64054498728969,93.23529411764706
532.0,55.07547062342348,56.63923163818676,93.23529411764706
533.0,55.07547062342348,56.63792158461999,93.23529411764707
534.0,55.07547062342348,56.63661481285739,93.23529411764706
535.0,55.07547062342348,56.6353113092466,93.23529411764706
536.0,55.07547062342348,56.634011060214604,93.23529411764706
537.0,55.07547062342348,56.63271405226658,93.23529411764706
538.0,55.07547062342348,56.63142027198628,93.23529411764704
539.0,55.07547062342348,56.63012970603457,93.23529411764706
540.0,55.07547062342348,56.62884234114913,93.23529411764706
541.0,55.07547062342348,56.627558164143984,93.23529411764706
542.0,55.07547062342348,56.62627716190918,93.23529411764706
543.0,55.07547062342348,56.624999321409526,93.23529411764706
544.0,55.07547062342348,56.62372462968473,93.23529411764706
545.0,55.07547062342348,56.62245307384858,93.23529411764706
546.0,55.07547062342348,56.6211846410881,93.23529411764706
547.0,55.07547062342348,56.619919318663754,93.23529411764704
548.0,55.07547062342348,56.618657093908084,93.23529411764706
549.0,55.07547062342348,56.61739795422598,93.23529411764706
550.0,55.07547062342348,56.616141887093306,93.23529411764706
551.0,55.07547062342348,56.61488888005712,93.23529411764706
552.0,55.07547062342348,56.61363892073495,93.23529411764706
553.0,55.07547062342348,56.61239199681376,93.23529411764706
554.0,55.07547062342348,56.61114809605044,93.23529411764706
555.0,55.07547062342348,56.609907206270385,93.23529411764704
556.0,55.07547062342348,56.60866931536735,93.23529411764704
557.0,55.07547062342348,56.60743441130332,93.23529411764706
558.0,55.07547062342348,56.60620248210736,93.23529411764706
559.0,55.07547062342348,56.60497351587545,93.23529411764707
560.0,55.07547062342348,56.603747500770204,93.23529411764706
561.0,55.07547062342348,56.60252442502008,93.23529411764706
562.0,55.07547062342348,56.601304276919,93.23529411764704
563.0,55.07547062342348,56.60008704482609,93.23529411764706
564.0,55.07547062342348,56.59887271716476,93.23529411764704
565.0,55.07547062342348,56.59766128242263,93.23529411764704
566.0,55.07547062342348,56.596452729151146,93.23529411764706
567.0,55.07547062342348,56.59524704596483,93.23529411764706
568.0,55.07547062342348,56.59404422154077,93.23529411764707
569.0,55.07547062342348,56.59284424461866,93.23529411764704
570.0,55.07547062342348,56.59164710399972,93.23529411764706
571.0,55.07547062342348,56.59045278854715,93.23529411764706
572.0,55.07547062342348,56.589261287184584,93.23529411764707
573.0,55.07547062342348,56.588072588896665,93.23529411764707
574.0,55.07547062342348,56.586886682727744,93.23529411764706
575.0,55.07547062342348,56.585703557782274,93.23529411764704
576.0,55.07547062342348,56.58452320322393,93.23529411764706
577.0,55.07547062342348,56.58334560827529,93.23529411764706
578.0,55.07547062342348,56.58217076221721,93.23529411764707
579.0,55.07547062342348,56.58099865438898,93.23529411764706
580.0,55.07547062342348,56.57982927418733,93.23529411764706
581.0,55.07547062342348,56.578662611066434,93.23529411764706
582.0,55.07547062342348,56.577498654537,93.23529411764704
583.0,55.07547062342348,56.57633739416683,93.23529411764704
584.0,55.07547062342348,56.57517881957917,93.23529411764707
585.0,55.07547062342348,56.574022920453444,93.23529411764706
586.0,55.07547062342348,56.57286968652426,93.23529411764706
587.0,55.07547062342348,56.5717191075811,93.23529411764706
588.0,55.07547062342348,56.57057117346824,93.23529411764707
589.0,55.07547062342348,56.5694258740838,93.23529411764706
590.0,55.07547062342348,56.56828319938017,93.23529411764706
591.0,55.07547062342348,56.567143139362834,93.23529411764706
592.0,55.07547062342348,56.5660056840905,93.23529411764706
593.0,55.07547062342348,56.5648708236748,93.23529411764707
594.0,55.07547062342348,56.5637385482794,93.23529411764706
595.0,55.07547062342348,56.562608848120334,93.23529411764706
596.0,55.07547062342348,56.56148171346513,93.23529411764706
597.0,55.07547062342348,56.560357134632476,93.23529411764707
598.0,55.07547062342348,56.559235101992414,93.23529411764706
599.0,55.07547062342348,56.55811560596534,93.23529411764706
600.0,55.07547062342348,56.55699863702206,93.23529411764706
601.0,55.07547062342348,56.555884185683304,93.23529411764704
602.0,55.07547062342348,56.554772242519306,93.23529411764704
603.0,55.07547062342348,56.55366279814976,93.23529411764706
604.0,55.07547062342348,56.552555843243255,93.23529411764706
605.0,55.07547062342348,56.551451368516965,93.23529411764706
606.0,55.07547062342348,56.550349364736434,93.23529411764707
607.0,55.07547062342348,56.54924982271527,93.23529411764706
608.0,55.07547062342348,56.548152733314346,93.23529411764706
609.0,55.07547062342348,56.54705808744232,93.23529411764706
610.0,55.07547062342348,56.545965876054744,93.23529411764704
611.0,55.07547062342348,56.54487609015394,93.23529411764706
612.0,55.07547062342348,56.54378872078822,93.23529411764704
613.0,55.07547062342348,56.54270375905278,93.23529411764706
614.0,55.07547062342348,56.54162119608782,93.23529411764706
615.0,55.07547062342348,56.54054102307971,93.23529411764707
616.0,55.07547062342348,56.539463231259326,93.23529411764707
617.0,55.07547062342348,56.53838781190322,93.23529411764706
618.0,55.07547062342348,56.53731475633196,93.23529411764706
619.0,55.07547062342348,56.53624405591056,93.23529411764706
620.0,55.07547062342348,56.53517570204811,93.23529411764706
621.0,55.07547062342348,56.534109686197574,93.23529411764706
622.0,55.07547062342348,56.5330459998552,93.23529411764706
623.0,55.07547062342348,56.531984634560466,93.23529411764706
624.0,55.07547062342348,56.530925581895644,93.23529411764706
625.0,55.07547062342348,56.52986883348572,93.23529411764706
626.0,55.07547062342348,56.52881438099792,93.23529411764706
627.0,55.07547062342348,56.52776221614148,93.23529411764706
628.0,55.07547062342348,56.526712330667856,93.23529411764706
629.0,55.07547062342348,56.52566471636948,93.23529411764707
630.0,55.07547062342348,56.524619365080184,93.23529411764706
631.0,55.07547062342348,56.523576268674965,93.23529411764706
632.0,55.07547062342348,56.522535419069406,93.23529411764706
633.0,55.07547062342348,56.52149680821945,93.23529411764706
634.0,55.07547062342348,56.52046042812144,93.23529411764706
635.0,55.07547062342348,56.51942627081162,93.23529411764706
636.0,55.07547062342348,56.51839432836574,93.23529411764706
637.0,55.07547062342348,56.517364592899106,93.23529411764706
638.0,55.07547062342348,56.51633705656628,93.23529411764704
639.0,55.07547062342348,56.5153117115607,93.23529411764706
640.0,55.07547062342348,56.514288550114394,93.23529411764704
641.0,55.07547062342348,56.51326756449791,93.23529411764706
642.0,55.07547062342348,56.512248747020074,93.23529411764706
643.0,55.07547062342348,56.511232090027384,93.23529411764704
644.0,55.07547062342348,56.51021758590446,93.23529411764706
645.0,55.07547062342348,56.5092052270731,93.23529411764707
646.0,55.07547062342348,56.508195005992334,93.23529411764706
647.0,55.07547062342348,56.50718691515823,93.23529411764704
648.0,55.07547062342348,56.50618094710387,93.23529411764706
649.0,55.07547062342348,56.50517709439855,93.23529411764706
650.0,55.07547062342348,56.50417534964806,93.23529411764706
651.0,55.07547062342348,56.5031757054942,93.23529411764706
652.0,55.07547062342348,56.50217815461456,93.23529411764704
653.0,55.07547062342348,56.501182689722626,93.23529411764706
654.0,55.07547062342348,56.500189303566984,93.23529411764707
655.0,55.07547062342348,56.499197988931456,93.23529411764706
656.0,55.07547062342348,56.49820873863513,93.23529411764704
657.0,55.07547062342348,56.49722154553159,93.23529411764704
658.0,55.07547062342348,56.49623640250886,93.23529411764706
659.0,55.07547062342348,56.49525330248969,93.23529411764706
660.0,55.07547062342348,56.49427223843048,93.23529411764704
661.0,55.07547062342348,56.49329320332169,93.23529411764706
662.0,55.07547062342348,56.492316190187786,93.23529411764706
663.0,55.07547062342348,56.491341192086246,93.23529411764704
664.0,55.07547062342348,56.490368202108165,93.23529411764706
665.0,55.07547062342348,56.489397213377494,93.23529411764704
666.0,55.07547062342348,56.48842821905124,93.23529411764706
667.0,55.07547062342348,56.48746121231885,93.23529411764707
668.0,55.07547062342348,56.48649618640261,93.23529411764707
669.0,55.07547062342348,56.48553313455653,93.23529411764704
670.0,55.07547062342348,56.48457205006733,93.23529411764707
671.0,55.07547062342348,56.48361292625305,93.23529411764706
672.0,55.07547062342348,56.482655756463764,93.23529411764706
673.0,55.07547062342348,56.48170053408093,93.23529411764704
674.0,55.07547062342348,56.480747252517254,93.23529411764706
675.0,55.07547062342348,56.47979590521669,93.23529411764707
676.0,55.07547062342348,56.47884648565391,93.23529411764706
677.0,55.07547062342348,56.47789898733459,93.23529411764704
678.0,55.07547062342348,56.476953403794624,93.23529411764706
679.0,55.07547062342348,56.47600972860071,93.23529411764706
680.0,55.07547062342348,56.475067955349274,93.23529411764706
681.0,55.07547062342348,56.474128077667025,93.23529411764706
682.0,55.07547062342348,56.473190089210476,93.23529411764707
683.0,55.07547062342348,56.47225398366561,93.23529411764707
684.0,55.07547062342348,56.471319754748,93.23529411764706
685.0,55.07547062342348,56.4703873962025,93.23529411764706
686.0,55.07547062342348,56.469456901803156,93.23529411764707
687.0,55.07547062342348,56.468528265352894,93.23529411764707
688.0,55.07547062342348,56.46760148068322,93.23529411764704
689.0,55.07547062342348,56.466676541654536,93.23529411764706
690.0,55.07547062342348,56.46575344215541,93.23529411764706
691.0,55.07547062342348,56.46483217610295,93.23529411764706
692.0,55.07547062342348,56.46391273744217,93.23529411764706
693.0,55.07547062342348,56.462995120145976,93.23529411764706
694.0,55.07547062342348,56.46207931821499,93.23529411764706
695.0,55.07547062342348,56.4611653256778,93.23529411764707
696.0,55.07547062342348,56.46025313659003,93.23529411764707
697.0,55.07547062342348,56.45934274503459,93.23529411764706
698.0,55.07547062342348,56.45843414512177,93.23529411764704
699.0,55.07547062342348,56.45752733098865,93.23529411764706
700.0,55.07547062342348,56.45662229679892,93.23529411764706
701.0,55.07547062342348,56.455719036743325,93.23529411764706
702.0,55.07547062342348,56.45481754503869,93.23529411764706
703.0,55.07547062342348,56.45391781592851,93.23529411764706
704.0,55.07547062342348,56.45301984368216,93.23529411764706
705.0,55.07547062342348,56.45212362259511,93.23529411764706
706.0,55.07547062342348,56.45122914698875,93.23529411764706
707.0,55.07547062342348,56.45033641121015,93.23529411764707
708.0,55.07547062342348,56.449445409632126,93.23529411764706
709.0,55.07547062342348,56.44855613665268,93.23529411764706
710.0,55.07547062342348,56.44766858669506,93.23529411764704
711.0,55.07547062342348,56.44678275420774,93.23529411764706
712.0,55.07547062342348,56.44589863366441,93.23529411764706
713.0,55.07547062342348,56.44501621956319,93.23529411764706
714.0,55.07547062342348,56.44413550642703,93.23529411764706
715.0,55.07547062342348,56.443256488803605,93.23529411764704
716.0,55.07547062342348,56.442379161264675,93.23529411764706
717.0,55.07547062342348,56.4415035184067,93.23529411764706
718.0,55.07547062342348,56.440629554849835,93.23529411764706
719.0,55.07547062342348,56.439757265238484,93.23529411764706
720.0,55.07547062342348,56.43888664424094,93.23529411764706
721.0,55.07547062342348,56.438017686548925,93.23529411764706
722.0,55.07547062342348,56.43715038687807,93.23529411764706
723.0,55.07547062342348,56.43628473996733,93.23529411764706
724.0,55.07547062342348,56.43542074057904,93.23529411764707
725.0,55.07547062342348,56.43455838349853,93.23529411764706
726.0,55.07547062342348,56.433697663534254,93.23529411764706
727.0,55.07547062342348,56.43283857551774,93.23529411764707
728.0,55.07547062342348,56.4319811143033,93.23529411764706
729.0,55.07547062342348,56.43112527476752,93.23529411764706
730.0,55.07547062342348,56.43027105181014,93.23529411764707
731.0,55.07547062342348,56.42941844035269,93.23529411764704
732.0,55.07547062342348,56.428567435339595,93.23529411764704
733.0,55.07547062342348,56.427718031736774,93.23529411764707
734.0,55.07547062342348,56.42687022453269,93.23529411764706
735.0,55.07547062342348,56.42602400873756,93.23529411764706
736.0,55.07547062342348,56.425179379383344,93.23529411764707
737.0,55.07547062342348,56.424336331523634,93.23529411764706
738.0,55.07547062342348,56.42349486023377,93.23529411764706
739.0,55.07547062342348,56.422654960610146,93.23529411764706
740.0,55.07547062342348,56.42181662777071,93.23529411764706
741.0,55.07547062342348,56.42097985685474,93.23529411764706
742.0,55.07547062342348,56.420144643022255,93.23529411764707
743.0,55.07547062342348,56.41931098145426,93.23529411764704
744.0,55.07547062342348,56.418478867352896,93.23529411764706
745.0,55.07547062342348,56.41764829594078,93.23529411764706
746.0,55.07547062342348,56.41681926246107,93.23529411764704
747.0,55.07547062342348,56.41599176217751,93.23529411764706
748.0,55.07547062342348,56.41516579037428,93.23529411764706
749.0,55.07547062342348,56.414341342355776,93.23529411764706
750.0,55.07547062342348,56.41351841344651,93.23529411764706
751.0,55.07547062342348,56.412696998991144,93.23529411764707
752.0,55.07547062342348,56.41187709435398,93.23529411764707
753.0,55.07547062342348,56.41105869491934,93.23529411764706
754.0,55.07547062342348,56.41024179609154,93.23529411764704
755.0,55.07547062342348,56.40942639329393,93.23529411764706
756.0,55.07547062342348,56.408612481969776,93.23529411764707
757.0,55.07547062342348,56.40780005758159,93.23529411764707
758.0,55.07547062342348,56.40698911561102,93.23529411764706
759.0,55.07547062342348,56.4061796515593,93.23529411764706
760.0,55.07547062342348,56.40537166094633,93.23529411764704
761.0,55.07547062342348,56.40456513931122,93.23529411764704
762.0,55.07547062342348,56.403760082211754,93.23529411764704
763.0,55.07547062342348,56.402956485224735,93.23529411764707
764.0,55.07547062342348,56.40215434394528,93.23529411764706
765.0,55.07547062342348,56.401353653987485,93.23529411764707
766.0,55.07547062342348,56.400554410983695,93.23529411764706
767.0,55.07547062342348,56.399756610584426,93.23529411764704
768.0,55.07547062342348,56.39896024845887,93.23529411764704
769.0,55.07547062342348,56.39816532029404,93.23529411764706
770.0,55.07547062342348,56.39737182179516,93.23529411764707
771.0,55.07547062342348,56.3965797486853,93.23529411764704
772.0,55.07547062342348,56.395789096705705,93.23529411764707
773.0,55.07547062342348,56.39499986161508,93.23529411764706
774.0,55.07547062342348,56.39421203919007,93.23529411764706
775.0,55.07547062342348,56.39342562522457,93.23529411764706
776.0,55.07547062342348,56.39264061553035,93.23529411764704
777.0,55.07547062342348,56.39185700593628,93.23529411764707
778.0,55.07547062342348,56.39107479228873,93.23529411764707
779.0,55.07547062342348,56.39029397045124,93.23529411764704
780.0,55.07547062342348,56.389514536304354,93.23529411764706
781.0,55.07547062342348,56.38873648574576,93.23529411764706
782.0,55.07547062342348,56.38795981469022,93.23529411764706
783.0,55.07547062342348,56.38718451906896,93.23529411764706
784.0,55.07547062342348,56.3864105948305,93.23529411764706
785.0,55.07547062342348,56.38563803793948,93.23529411764706
786.0,55.07547062342348,56.384866844377584,93.23529411764704
787.0,55.07547062342348,56.3840970101427,93.23529411764707
788.0,55.07547062342348,56.38332853124929,93.23529411764706
789.0,55.07547062342348,56.38256140372808,93.23529411764704
790.0,55.07547062342348,56.381795623626076,93.23529411764704
791.0,55.07547062342348,56.38103118700636,93.23529411764706
792.0,55.07547062342348,56.380268089948295,93.23529411764704
793.0,55.07547062342348,56.379506328546775,93.23529411764706
794.0,55.07547062342348,56.37874589891319,93.23529411764706
795.0,55.07547062342348,56.377986797174266,93.23529411764706
796.0,55.07547062342348,56.37722901947269,93.23529411764706
797.0,55.07547062342348,56.376472561966715,93.23529411764706
798.0,55.07547062342348,56.375717420830426,93.23529411764707
799.0,55.07547062342348,56.374963592253096,93.23529411764707
800.0,55.07547062342348,56.374211072439465,93.23529411764706
801.0,55.07547062342348,56.373459857609625,93.23529411764706
802.0,55.07547062342348,56.372709943999,93.23529411764707
803.0,55.07547062342348,56.37196132785816,93.23529411764707
804.0,55.07547062342348,56.37121400545269,93.23529411764706
805.0,55.07547062342348,56.37046797306324,93.23529411764706
806.0,55.07547062342348,56.36972322698557,93.23529411764707
807.0,55.07547062342348,56.36897976352989,93.23529411764706
808.0,55.07547062342348,56.368237579021724,93.23529411764706
809.0,55.07547062342348,56.36749666980079,93.23529411764704
810.0,55.07547062342348,56.3667570322217,93.23529411764707
811.0,55.07547062342348,56.3660186626538,93.23529411764706
812.0,55.07547062342348,56.365281557480586,93.23529411764707
813.0,55.07547062342348,56.364545713100135,93.23529411764707
814.0,55.07547062342348,56.36381112592492,93.23529411764706
815.0,55.07547062342348,56.36307779238148,93.23529411764706
816.0,55.07547062342348,56.36234570891054,93.23529411764706
817.0,55.07547062342348,56.361614871967426,93.23529411764706
818.0,55.07547062342348,56.3608852780208,93.23529411764704
819.0,55.07547062342348,56.36015692355384,93.23529411764707
820.0,55.07547062342348,56.35942980506333,93.23529411764707
821.0,55.07547062342348,56.35870391906011,93.23529411764707
822.0,55.07547062342348,56.35797926206859,93.23529411764706
823.0,55.07547062342348,56.35725583062695,93.23529411764704
824.0,55.07547062342348,56.356533621286964,93.23529411764707
825.0,55.07547062342348,56.355812630614174,93.23529411764706
826.0,55.07547062342348,56.35509285518727,93.23529411764706
827.0,55.07547062342348,56.35437429159847,93.23529411764706
828.0,55.07547062342348,56.3536569364536,93.23529411764706
829.0,55.07547062342348,56.35294078637156,93.23529411764704
830.0,55.07547062342348,56.35222583798419,93.23529411764706
831.0,55.07547062342348,56.351512087937095,93.23529411764704
832.0,55.07547062342348,56.35079953288854,93.23529411764706
833.0,55.07547062342348,56.350088169509945,93.23529411764706
834.0,55.07547062342348,56.349377994485586,93.23529411764707
835.0,55.07547062342348,56.3486690045127,93.23529411764704
836.0,55.07547062342348,56.347961196301476,93.23529411764706
837.0,55.07547062342348,56.34725456657458,93.23529411764706
838.0,55.07547062342348,56.34654911206763,93.23529411764706
839.0,55.07547062342348,56.34584482952885,93.23529411764706
840.0,55.07547062342348,56.34514171571878,93.23529411764704
841.0,55.07547062342348,56.34443976741088,93.23529411764704
842.0,55.07547062342348,56.343738981390736,93.23529411764704
843.0,55.07547062342348,56.3430393544564,93.23529411764706
844.0,55.07547062342348,56.34234088341841,93.23529411764706
845.0,55.07547062342348,56.34164356509942,93.23529411764704
846.0,55.07547062342348,56.34094739633421,93.23529411764706
847.0,55.07547062342348,56.340252373969875,93.23529411764706
848.0,55.07547062342348,56.33955849486553,93.23529411764706
849.0,55.07547062342348,56.338865755892336,93.23529411764706
850.0,55.07547062342348,56.33817415393325,93.23529411764706
851.0,55.07547062342348,56.33748368588351,93.23529411764706
852.0,55.07547062342348,56.33679434864979,93.23529411764706
853.0,55.07547062342348,56.336106139150836,93.23529411764704
854.0,55.07547062342348,56.33541905431708,93.23529411764706
855.0,55.07547062342348,56.33473309109053,93.23529411764706
856.0,55.07547062342348,56.33404824642475,93.23529411764707
857.0,55.07547062342348,56.33336451728522,93.23529411764706
858.0,55.07547062342348,56.3326819006484,93.23529411764706
859.0,55.07547062342348,56.33200039350279,93.23529411764706
860.0,55.07547062342348,56.33131999284777,93.23529411764707
861.0,55.07547062342348,56.33064069569439,93.23529411764704
862.0,55.07547062342348,56.329962499064806,93.23529411764706
863.0,55.07547062342348,56.32928539999261,93.23529411764706
864.0,55.07547062342348,56.32860939552222,93.23529411764707
865.0,55.07547062342348,56.32793448270936,93.23529411764706
866.0,55.07547062342348,56.32726065862113,93.23529411764707
867.0,55.07547062342348,56.32658792033502,93.23529411764704
868.0,55.07547062342348,56.325916264940055,93.23529411764704
869.0,55.07547062342348,56.32524568953589,93.23529411764704
870.0,55.07547062342348,56.324576191232914,93.23529411764706
871.0,55.07547062342348,56.32390776715267,93.23529411764706
872.0,55.07547062342348,56.32324041442729,93.23529411764706
873.0,55.07547062342348,56.32257413019943,93.23529411764706
874.0,55.07547062342348,56.32190891162256,93.23529411764707
875.0,55.07547062342348,56.32124475586092,93.23529411764706
876.0,55.07547062342348,56.320581660088884,93.23529411764706
877.0,55.07547062342348,56.31991962149162,93.23529411764706
878.0,55.07547062342348,56.31925863726476,93.23529411764706
879.0,55.07547062342348,56.31859870461413,93.23529411764704
880.0,55.07547062342348,56.31793982075626,93.23529411764706
881.0,55.07547062342348,56.31728198291743,93.23529411764706
882.0,55.07547062342348,56.316625188334626,93.23529411764706
883.0,55.07547062342348,56.31596943425486,93.23529411764707
884.0,55.07547062342348,56.31531471793536,93.23529411764704
885.0,55.07547062342348,56.31466103664352,93.23529411764707
886.0,55.07547062342348,56.31400838765646,93.23529411764706
887.0,55.07547062342348,56.3133567682618,93.23529411764706
888.0,55.07547062342348,56.312706175756695,93.23529411764706
889.0,55.07547062342348,56.31205660744836,93.23529411764707
890.0,55.07547062342348,56.31140806065415,93.23529411764706
891.0,55.07547062342348,56.31076053270075,93.23529411764706
892.0,55.07547062342348,56.31011402092492,93.23529411764707
893.0,55.07547062342348,56.30946852267327,93.23529411764707
894.0,55.07547062342348,56.308824035301726,93.23529411764707
895.0,55.07547062342348,56.30818055617625,93.23529411764707
896.0,55.07547062342348,56.3075380826719,93.23529411764706
897.0,55.07547062342348,56.306896612173865,93.23529411764707
898.0,55.07547062342348,56.306256142076414,93.23529411764706
899.0,55.07547062342348,56.305616669783575,93.23529411764706
900.0,55.07547062342348,56.30497819270848,93.23529411764706
901.0,55.07547062342348,56.304340708273834,93.23529411764706
902.0,55.07547062342348,56.303704213911566,93.23529411764706
903.0,55.07547062342348,56.303068707063076,93.23529411764706
904.0,55.07547062342348,56.30243418517893,93.23529411764706
905.0,55.07547062342348,56.30180064571873,93.23529411764704
906.0,55.07547062342348,56.30116808615129,93.23529411764706
907.0,55.07547062342348,56.3005365039547,93.23529411764706
908.0,55.07547062342348,56.29990589661598,93.23529411764707
909.0,55.07547062342348,56.29927626163132,93.23529411764706
910.0,55.07547062342348,56.29864759650582,93.23529411764704
911.0,55.07547062342348,56.298019898753296,93.23529411764706
912.0,55.07547062342348,56.297393165896764,93.23529411764706
913.0,55.07547062342348,56.29676739546812,93.23529411764706
914.0,55.07547062342348,56.29614258500808,93.23529411764706
915.0,55.07547062342348,56.29551873206581,93.23529411764706
916.0,55.07547062342348,56.29489583419962,93.23529411764706
917.0,55.07547062342348,56.29427388897626,93.23529411764706
918.0,55.07547062342348,56.29365289397132,93.23529411764707
919.0,55.07547062342348,56.293032846769016,93.23529411764706
920.0,55.07547062342348,56.29241374496195,93.23529411764704
921.0,55.07547062342348,56.29179558615151,93.23529411764704
922.0,55.07547062342348,56.29117836794739,93.23529411764707
923.0,55.07547062342348,56.29056208796787,93.23529411764706
924.0,55.07547062342348,56.2899467438397,93.23529411764706
925.0,55.07547062342348,56.28933233319796,93.23529411764706
926.0,55.07547062342348,56.288718853685914,93.23529411764704
927.0,55.07547062342348,56.288106302955455,93.23529411764704
928.0,55.07547062342348,56.2874946786664,93.23529411764706
929.0,55.07547062342348,56.28688397848741,93.23529411764706
930.0,55.07547062342348,56.286274200094645,93.23529411764706
931.0,55.07547062342348,56.28566534117266,93.23529411764706
932.0,55.07547062342348,56.28505739941455,93.23529411764706
933.0,55.07547062342348,56.28445037252077,93.23529411764706
934.0,55.07547062342348,56.283844258200624,93.23529411764706
935.0,55.07547062342348,56.283239054170735,93.23529411764704
936.0,55.07547062342348,56.28263475815607,93.23529411764707
937.0,55.07547062342348,56.28203136788964,93.23529411764706
938.0,55.07547062342348,56.281428881112156,93.23529411764707
939.0,55.07547062342348,56.2808272955721,93.23529411764707
940.0,55.07547062342348,56.280226609026194,93.23529411764706
941.0,55.07547062342348,56.279626819238686,93.23529411764706
942.0,55.07547062342348,56.279027923981566,93.23529411764704
943.0,55.07547062342348,56.27842992103465,93.23529411764706
944.0,55.07547062342348,56.27783280818545,93.23529411764706
945.0,55.07547062342348,56.277236583229154,93.23529411764704
946.0,55.07547062342348,56.27664124396867,93.23529411764706
947.0,55.07547062342348,56.27604678821426,93.23529411764706
948.0,55.07547062342348,56.275453213783926,93.23529411764704
949.0,55.07547062342348,56.274860518503296,93.23529411764706
950.0,55.07547062342348,56.27426870020528,93.23529411764707
951.0,55.07547062342348,56.27367775673047,93.23529411764706
952.0,55.07547062342348,56.27308768592655,93.23529411764706
953.0,55.07547062342348,56.272498485649024,93.23529411764707
954.0,55.07547062342348,56.271910153760636,93.23529411764704
955.0,55.07547062342348,56.271322688131185,93.23529411764704
956.0,55.07547062342348,56.27073608663809,93.23529411764706
957.0,55.07547062342348,56.27015034716584,93.23529411764706
958.0,55.07547062342348,56.26956546760652,93.23529411764706
959.0,55.07547062342348,56.268981445858884,93.23529411764706
960.0,55.07547062342348,56.26839827982939,93.23529411764707
961.0,55.07547062342348,56.26781596743123,93.23529411764704
962.0,55.07547062342348,56.26723450658482,93.23529411764704
963.0,55.07547062342348,56.26665389521786,93.23529411764707
964.0,55.07547062342348,56.26607413126485,93.23529411764706
965.0,55.07547062342348,56.26549521266748,93.23529411764706
966.0,55.07547062342348,56.264917137374304,93.23529411764706
967.0,55.07547062342348,56.26433990334082,93.23529411764706
968.0,55.07547062342348,56.26376350852972,93.23529411764706
969.0,55.07547062342348,56.26318795091027,93.23529411764704
970.0,55.07547062342348,56.262613228458754,93.23529411764704
971.0,55.07547062342348,56.26203933915827,93.23529411764706
972.0,55.07547062342348,56.26146628099866,93.23529411764706
973.0,55.07547062342348,56.26089405197681,93.23529411764704
974.0,55.07547062342348,56.26032265009589,93.23529411764706
975.0,55.07547062342348,56.25975207336631,93.23529411764707
976.0,55.07547062342348,56.2591823198047,93.23529411764706
977.0,55.07547062342348,56.2586133874348,93.23529411764706
978.0,55.07547062342348,56.258045274286594,93.23529411764706
979.0,55.07547062342348,56.25747797839682,93.23529411764706
980.0,55.07547062342348,56.256911497808964,93.23529411764706
981.0,55.07547062342348,56.256345830572705,93.23529411764706
982.0,55.07547062342348,56.25578097474468,93.23529411764706
983.0,55.07547062342348,56.25521692838762,93.23529411764707
984.0,55.07547062342348,56.25465368957081,93.23529411764706
985.0,55.07547062342348,56.254091256370245,93.23529411764706
986.0,55.07547062342348,56.253529626868065,93.23529411764706
987.0,55.07547062342348,56.25296879915277,93.23529411764706
988.0,55.07547062342348,56.25240877131952,93.23529411764706
989.0,55.07547062342348,56.2518495414693,93.23529411764706
990.0,55.07547062342348,56.251291107709854,93.23529411764707
991.0,55.07547062342348,56.25073346815485,93.23529411764706
992.0,55.07547062342348,56.25017662092471,93.23529411764706
993.0,55.07547062342348,56.24962056414535,93.23529411764706
994.0,55.07547062342348,56.24906529594968,93.23529411764706
995.0,55.07547062342348,56.24851081447607,93.23529411764706
996.0,55.07547062342348,56.24795711786936,93.23529411764704
997.0,55.07547062342348,56.24740420428064,93.23529411764706
998.0,55.07547062342348,56.24685207186695,93.23529411764706
999.0,55.07547062342348,56.24630071879111,93.23529411764706
1000.0,55.07547062342348,56.24575014322263,93.23529411764704
1001.0,55.07547062342348,56.24520034333625,93.23529411764706
1002.0,55.07547062342348,56.24465131731342,93.23529411764706
1003.0,55.07547062342348,56.24410306334097,93.23529411764704
1004.0,55.07547062342348,56.24355557961202,93.23529411764706
1005.0,55.07547062342348,56.24300886432569,93.23529411764706
1006.0,55.07547062342348,56.24246291568657,93.23529411764707
1007.0,55.07547062342348,56.24191773190536,93.23529411764704
1008.0,55.07547062342348,56.241373311198814,93.23529411764706
1009.0,55.07547062342348,56.24082965178898,93.23529411764706
1010.0,55.07547062342348,56.24028675190422,93.23529411764706
1011.0,55.07547062342348,56.23974460977828,93.23529411764707
1012.0,55.07547062342348,56.23920322365097,93.23529411764704
1013.0,55.07547062342348,56.238662591767365,93.23529411764704
1014.0,55.07547062342348,56.23812271237882,93.23529411764706
1015.0,55.07547062342348,56.23758358374187,93.23529411764706
1016.0,55.07547062342348,56.23704520411893,93.23529411764706
1017.0,55.07547062342348,56.23650757177795,93.23529411764706
1018.0,55.07547062342348,56.23597068499247,93.23529411764707
1019.0,55.07547062342348,56.23543454204183,93.23529411764704
1020.0,55.07547062342348,56.23489914121063,93.23529411764704
1021.0,55.07547062342348,56.23436448078918,93.23529411764706
1022.0,55.07547062342348,56.23383055907309,93.23529411764706
1023.0,55.07547062342348,56.23329737436377,93.23529411764704
1024.0,55.07547062342348,56.2327649249678,93.23529411764706
1025.0,55.07547062342348,56.23223320919728,93.23529411764706
1026.0,55.07547062342348,56.231702225369986,93.23529411764704
1027.0,55.07547062342348,56.23117197180857,93.23529411764706
1028.0,55.07547062342348,56.23064244684159,93.23529411764706
1029.0,55.07547062342348,56.23011364880254,93.23529411764706
1030.0,55.07547062342348,56.22958557603057,93.23529411764706
1031.0,55.07547062342348,56.22905822686993,93.23529411764704
1032.0,55.07547062342348,56.22853159967018,93.23529411764706
1033.0,55.07547062342348,56.228005692786255,93.23529411764706
1034.0,55.07547062342348,56.22748050457812,93.23529411764706
1035.0,55.07547062342348,56.22695603341114,93.23529411764707
1036.0,55.07547062342348,56.22643227765585,93.23529411764704
1037.0,55.07547062342348,56.2259092356879,93.23529411764706
1038.0,55.07547062342348,56.22538690588819,93.23529411764707
1039.0,55.07547062342348,56.22486528664263,93.23529411764706
1040.0,55.07547062342348,56.224344376342415,93.23529411764706
1041.0,55.07547062342348,56.2238241733837,93.23529411764706
1042.0,55.07547062342348,56.223304676167636,93.23529411764707
1043.0,55.07547062342348,56.22278588310058,93.23529411764706
1044.0,55.07547062342348,56.22226779259399,93.23529411764706
1045.0,55.07547062342348,56.22175040306418,93.23529411764706
1046.0,55.07547062342348,56.22123371293229,93.23529411764707
1047.0,55.07547062342348,56.22071772062491,93.23529411764704
1048.0,55.07547062342348,56.22020242457325,93.23529411764704
1049.0,55.07547062342348,56.2196878232134,93.23529411764707
1050.0,55.07547062342348,56.219173914986534,93.23529411764706
1051.0,55.07547062342348,56.21866069833854,93.23529411764706
1052.0,55.07547062342348,56.21814817172058,93.23529411764706
1053.0,55.07547062342348,56.217636333588,93.23529411764707
1054.0,55.07547062342348,56.21712518240167,93.23529411764704
1055.0,55.07547062342348,56.216614716626694,93.23529411764704
1056.0,55.07547062342348,56.21610493473347,93.23529411764706
1057.0,55.07547062342348,56.215595835196865,93.23529411764706
1058.0,55.07547062342348,56.215087416496424,93.23529411764706
1059.0,55.07547062342348,56.214579677116724,93.23529411764706
1060.0,55.07547062342348,56.21407261554681,93.23529411764706
1061.0,55.07547062342348,56.21356623028059,93.23529411764707
1062.0,55.07547062342348,56.2130605198166,93.23529411764706
1063.0,55.07547062342348,56.212555482658054,93.23529411764707
1064.0,55.07547062342348,56.212051117312505,93.23529411764706
1065.0,55.07547062342348,56.211547422292824,93.23529411764706
1066.0,55.07547062342348,56.211044396115646,93.23529411764704
1067.0,55.07547062342348,56.21054203730295,93.23529411764707
1068.0,55.07547062342348,56.21004034438074,93.23529411764706
1069.0,55.07547062342348,56.20953931587972,93.23529411764706
1070.0,55.07547062342348,56.20903895033543,93.23529411764706
1071.0,55.07547062342348,56.208539246287515,93.23529411764706
1072.0,55.07547062342348,56.20804020228021,93.23529411764706
1073.0,55.07547062342348,56.207541816862495,93.23529411764706
1074.0,55.07547062342348,56.207044088587466,93.23529411764707
1075.0,55.07547062342348,56.206547016012756,93.23529411764707
1076.0,55.07547062342348,56.20605059770069,93.23529411764707
1077.0,55.07547062342348,56.20555483221758,93.23529411764706
1078.0,55.07547062342348,56.205059718134464,93.23529411764706
1079.0,55.07547062342348,56.20456525402644,93.23529411764706
1080.0,55.07547062342348,56.204071438473456,93.23529411764704
1081.0,55.07547062342348,56.2035782700593,93.23529411764706
1082.0,55.07547062342348,56.20308574737233,93.23529411764706
1083.0,55.07547062342348,56.2025938690051,93.23529411764706
1084.0,55.07547062342348,56.202102633554496,93.23529411764704
1085.0,55.07547062342348,56.20161203962178,93.23529411764706
1086.0,55.07547062342348,56.20112208581238,93.23529411764706
1087.0,55.07547062342348,56.200632770735936,93.23529411764707
1088.0,55.07547062342348,56.20014409300633,93.23529411764706
1089.0,55.07547062342348,56.199656051241625,93.23529411764706
1090.0,55.07547062342348,56.19916864406415,93.23529411764704
1091.0,55.07547062342348,56.19868187010025,93.23529411764704
1092.0,55.07547062342348,56.1981957279808,93.23529411764706
1093.0,55.07547062342348,56.1977102163403,93.23529411764704
1094.0,55.07547062342348,56.197225333817755,93.23529411764706
1095.0,55.07547062342348,56.196741079056004,93.23529411764706
1096.0,55.07547062342348,56.19625745070239,93.23529411764706
1097.0,55.07547062342348,56.19577444740787,93.23529411764704
1098.0,55.07547062342348,56.195292067827744,93.23529411764704
1099.0,55.07547062342348,56.19481031062132,93.23529411764704
1100.0,55.07547062342348,56.1943291744517,93.23529411764706
1101.0,55.07547062342348,56.19384865798633,93.23529411764706
1102.0,55.07547062342348,56.19336875989659,93.23529411764706
1103.0,55.07547062342348,56.19288947885762,93.23529411764704
1104.0,55.07547062342348,56.19241081354887,93.23529411764707
1105.0,55.07547062342348,56.19193276265336,93.23529411764706
1106.0,55.07547062342348,56.19145532485825,93.23529411764706
1107.0,55.07547062342348,56.19097849885468,93.23529411764706
1108.0,55.07547062342348,56.19050228333777,93.23529411764704
1109.0,55.07547062342348,56.19002667700611,93.23529411764704
1110.0,55.07547062342348,56.18955167856254,93.23529411764706
1111.0,55.07547062342348,56.18907728671373,93.23529411764706
1112.0,55.07547062342348,56.188603500170224,93.23529411764706
1113.0,55.07547062342348,56.1881303176462,93.23529411764706
1114.0,55.07547062342348,56.18765773785975,93.23529411764706
1115.0,55.07547062342348,56.18718575953282,93.23529411764706
1116.0,55.07547062342348,56.18671438139122,93.23529411764706
1117.0,55.07547062342348,56.1862436021642,93.23529411764704
1118.0,55.07547062342348,56.18577342058523,93.23529411764706
1119.0,55.07547062342348,56.18530383539115,93.23529411764706
1120.0,55.07547062342348,56.18483484532269,93.23529411764706
1121.0,55.07547062342348,56.18436644912446,93.23529411764706
1122.0,55.07547062342348,56.18389864554432,93.23529411764706
1123.0,55.07547062342348,56.18343143333439,93.23529411764706
1124.0,55.07547062342348,56.18296481124998,93.23529411764706
1125.0,55.07547062342348,56.18249877805037,93.23529411764706
1126.0,55.07547062342348,56.18203333249825,93.23529411764704
1127.0,55.07547062342348,56.18156847336015,93.23529411764707
1128.0,55.07547062342348,56.181104199406185,93.23529411764706
1129.0,55.07547062342348,56.18064050941001,93.23529411764706
1130.0,55.07547062342348,56.18017740214887,93.23529411764706
1131.0,55.07547062342348,56.17971487640364,93.23529411764706
1132.0,55.07547062342348,56.179252930958846,93.23529411764706
1133.0,55.07547062342348,56.178791564602236,93.23529411764707
1134.0,55.07547062342348,56.17833077612537,93.23529411764706
1135.0,55.07547062342348,56.177870564323435,93.23529411764706
1136.0,55.07547062342348,56.17741092799489,93.23529411764704
1137.0,55.07547062342348,56.17695186594189,93.23529411764707
1138.0,55.07547062342348,56.17649337696988,93.23529411764706
1139.0,55.07547062342348,56.17603545988783,93.23529411764706
1140.0,55.07547062342348,56.17557811350819,93.23529411764707
1141.0,55.07547062342348,56.175121336647116,93.23529411764706
1142.0,55.07547062342348,56.17466512812378,93.23529411764706
1143.0,55.07547062342348,56.17420948676094,93.23529411764706
1144.0,55.07547062342348,56.17375441138487,93.23529411764706
1145.0,55.07547062342348,56.17329990082513,93.23529411764706
1146.0,55.07547062342348,56.172845953914695,93.23529411764706
1147.0,55.07547062342348,56.17239256948995,93.23529411764706
1148.0,55.07547062342348,56.17193974639052,93.23529411764704
1149.0,55.07547062342348,56.17148748345944,93.23529411764706
1150.0,55.07547062342348,56.17103577954324,93.23529411764704
1151.0,55.07547062342348,56.17058463349156,93.23529411764704
1152.0,55.07547062342348,56.170134044157315,93.23529411764704
1153.0,55.07547062342348,56.16968401039701,93.23529411764707
1154.0,55.07547062342348,56.16923453107008,93.23529411764706
1155.0,55.07547062342348,56.16878560503943,93.23529411764706
1156.0,55.07547062342348,56.168337231171186,93.23529411764706
1157.0,55.07547062342348,56.16788940833491,93.23529411764706
1158.0,55.07547062342348,56.16744213540299,93.23529411764704
1159.0,55.07547062342348,56.16699541125136,93.23529411764706
1160.0,55.07547062342348,56.16654923475906,93.23529411764706
1161.0,55.07547062342348,56.16610360480847,93.23529411764706
1162.0,55.07547062342348,56.165658520284815,93.23529411764706
1163.0,55.07547062342348,56.165213980077006,93.23529411764706
1164.0,55.07547062342348,56.16476998307664,93.23529411764706
1165.0,55.07547062342348,56.164326528178734,93.23529411764706
1166.0,55.07547062342348,56.16388361428136,93.23529411764706
1167.0,55.07547062342348,56.16344124028572,93.23529411764704
1168.0,55.07547062342348,56.162999405096244,93.23529411764706
1169.0,55.07547062342348,56.16255810762028,93.23529411764706
1170.0,55.07547062342348,56.162117346768625,93.23529411764704
1171.0,55.07547062342348,56.161677121454645,93.23529411764706
1172.0,55.07547062342348,56.16123743059514,93.23529411764706
1173.0,55.07547062342348,56.160798273109855,93.23529411764707
1174.0,55.07547062342348,56.16035964792182,93.23529411764704
1175.0,55.07547062342348,56.15992155395676,93.23529411764706
1176.0,55.07547062342348,56.15948399014352,93.23529411764706
1177.0,55.07547062342348,56.15904695541422,93.23529411764706
1178.0,55.07547062342348,56.15861044870364,93.23529411764704
1179.0,55.07547062342348,56.15817446894968,93.23529411764706
1180.0,55.07547062342348,56.157739015093526,93.23529411764706
1181.0,55.07547062342348,56.15730408607873,93.23529411764706
1182.0,55.07547062342348,56.15686968085243,93.23529411764706
1183.0,55.07547062342348,56.156435798364285,93.23529411764706
1184.0,55.07547062342348,56.156002437567174,93.23529411764706
1185.0,55.07547062342348,56.15556959741666,93.23529411764706
1186.0,55.07547062342348,56.15513727687154,93.23529411764706
1187.0,55.07547062342348,56.15470547489322,93.23529411764706
1188.0,55.07547062342348,56.15427419044611,93.23529411764706
1189.0,55.07547062342348,56.15384342249766,93.23529411764706
1190.0,55.07547062342348,56.15341317001803,93.23529411764706
1191.0,55.07547062342348,56.152983431980275,93.23529411764706
1192.0,55.07547062342348,56.1525542073604,93.23529411764706
1193.0,55.07547062342348,56.152125495137135,93.23529411764706
1194.0,55.07547062342348,56.151697294292056,93.23529411764707
1195.0,55.07547062342348,56.151269603809816,93.23529411764704
1196.0,55.07547062342348,56.15084242267754,93.23529411764706
1197.0,55.07547062342348,56.15041574988548,93.23529411764706
1198.0,55.07547062342348,56.14998958442632,93.23529411764706
1199.0,55.07547062342348,56.149563925295894,93.23529411764706
1200.0,55.07547062342348,56.14913877149254,93.23529411764706
