"tick","donation-normed-small","donation-small","donation-valued-small"
1.0,85.0,94.9915,95.0
2.0,85.0,94.999,95.0
3.0,85.0,94.9985,95.0
4.0,85.0,94.998,95.0
5.0,85.0,94.99778535991071,95.0
6.0,85.0,94.99373481963741,95.0
7.0,85.0,94.98272430961707,95.0
8.0,85.0,94.9527946403067,95.0
9.0,85.0,94.87143736408856,95.0
10.0,85.0,94.65811388300843,95.0
11.0,85.0,94.65075567228888,95.0
12.0,85.0,94.64433756729741,95.0
13.0,85.0,94.63867504905632,95.0
14.0,85.0,94.63363062095621,95.0
15.0,85.0,94.62909944487357,95.0
16.0,85.0,94.625,95.0
17.0,85.0,94.62126781251816,94.99999999999999
18.0,85.0,94.61785113019776,95.0
19.0,85.0,94.61470786693528,95.0
20.0,85.0,94.611803398875,95.00000000000001
21.0,85.0,94.609108945118,95.0
22.0,85.0,94.60660035817781,95.00000000000001
23.0,85.0,94.60425720702854,94.99999999999999
24.0,85.0,94.60206207261596,95.00000000000001
25.0,85.0,94.6,95.0
26.0,85.0,94.5980580675691,95.0
27.0,85.0,94.59622504486494,95.0
28.0,85.0,94.59449111825231,95.0
29.0,85.0,94.59284766908851,94.99999999999999
30.0,85.0,94.59128709291754,95.0
31.0,85.0,94.58980265101339,95.0
32.0,85.0,94.58838834764832,95.0
33.0,85.0,94.58703882797785,95.0
34.0,85.0,94.58574929257125,95.0
35.0,85.0,94.58451542547286,95.0
36.0,85.0,94.58333333333334,95.0
37.0,85.0,94.58219949365267,95.0
38.0,85.0,94.58111071056538,95.0
39.0,85.0,94.58006407690253,95.0
40.0,85.0,94.5790569415042,95.0
41.0,85.0,94.5780868809443,95.0
42.0,85.0,94.57715167498105,95.0
43.0,85.0,94.5762492851663,95.0
44.0,85.0,94.57537783614444,95.0
45.0,85.0,94.57453559924998,95.0
46.0,85.0,94.57372097807745,95.0
47.0,85.0,94.57293249574894,95.0
48.0,85.0,94.5721687836487,95.0
49.0,85.0,94.57142857142857,95.0
50.0,85.0,94.57071067811866,95.0
51.0,85.0,94.5700140042014,95.0
52.0,85.0,94.56933752452815,95.0
53.0,85.0,94.56868028197434,95.0
54.0,85.0,94.56804138174398,95.00000000000001
55.0,85.0,94.56741998624632,95.0
56.0,85.0,94.56681531047812,95.0
57.0,85.0,94.56622661785325,95.0
58.0,85.0,94.56565321642987,95.0
59.0,85.0,94.56509445549041,95.0
60.0,85.0,94.5645497224368,95.0
61.0,85.0,94.56401843996645,95.0
62.0,85.0,94.5635000635001,95.0
63.0,85.0,94.56299407883486,94.99999999999999
64.0,85.0,94.5625,95.0
65.0,85.0,94.5620173672946,95.0
66.0,85.0,94.56154574548967,95.0
67.0,85.0,94.56108472217815,95.0
68.0,85.0,94.56063390625908,95.0
69.0,85.0,94.56019292654288,95.0
70.0,85.0,94.55976143046672,95.0
71.0,85.0,94.55933908290969,95.0
72.0,85.0,94.55892556509887,95.0
73.0,85.0,94.55852057359806,95.0
74.0,85.0,94.55812381937191,95.0
75.0,85.0,94.55773502691896,95.0
76.0,85.0,94.55735393346764,95.0
77.0,85.0,94.55698028822982,94.99999999999999
78.0,85.0,94.55661385170723,95.00000000000001
79.0,85.0,94.5562543950463,95.0
80.0,85.0,94.5559016994375,95.0
81.0,85.0,94.55555555555556,95.0
82.0,85.0,94.55521576303742,95.0
83.0,85.0,94.55488212999484,95.0
84.0,85.0,94.554554472559,95.0
85.0,85.0,94.55423261445466,94.99999999999999
86.0,85.0,94.55391638660173,95.0
87.0,85.0,94.55360562674188,95.0
88.0,85.0,94.55330017908891,95.0
89.0,85.0,94.55299989400031,94.99999999999999
90.0,85.0,94.55270462766947,95.0
91.0,85.0,94.55241424183609,95.0
92.0,85.0,94.55212860351426,95.0
93.0,85.0,94.55184758473652,95.0
94.0,85.0,94.55157106231295,95.00000000000001
95.0,85.0,94.55129891760426,95.0
96.0,85.0,94.55103103630799,95.0
97.0,85.0,94.55076730825667,95.0
98.0,85.0,94.55050762722762,95.0
99.0,85.0,94.55025189076295,95.0
100.0,85.0,94.55,95.0
101.0,85.0,94.5497518595105,95.0
102.0,85.0,94.54950737714884,95.0
103.0,85.0,94.54926646390821,94.99999999999999
104.0,85.0,94.54902903378455,95.0
105.0,85.0,94.54879500364743,95.0
106.0,85.0,94.54856429311786,95.00000000000001
107.0,85.0,94.54833682445228,95.0
108.0,85.0,94.54811252243248,95.0
109.0,85.0,94.54789131426105,95.0
110.0,85.0,94.54767312946228,95.0
111.0,85.0,94.54745789978762,95.0
112.0,85.0,94.54724555912615,95.0
113.0,85.0,94.54703604341918,95.0
114.0,85.0,94.5468292905791,95.00000000000001
115.0,85.0,94.54662524041201,95.0
116.0,85.0,94.54642383454427,95.00000000000001
117.0,85.0,94.54622501635211,95.0
118.0,85.0,94.54602873089492,95.00000000000001
119.0,85.0,94.5458349248514,95.0
120.0,85.0,94.54564354645876,95.0
121.0,85.0,94.54545454545453,95.0
122.0,85.0,94.54526787302126,95.0
123.0,85.0,94.54508348173337,95.0
124.0,85.0,94.5449013255067,95.0
125.0,85.0,94.54472135954998,95.0
126.0,85.0,94.54454354031874,95.0
127.0,85.0,94.5443678254708,95.0
128.0,85.0,94.54419417382417,95.0
129.0,85.0,94.54402254531627,94.99999999999999
130.0,85.0,94.54385290096535,95.0
131.0,85.0,94.54368520283305,95.0
132.0,85.0,94.54351941398893,95.0
133.0,85.0,94.5433554984762,95.0
134.0,85.0,94.54319342127907,95.00000000000001
135.0,85.0,94.54303314829119,95.0
136.0,85.0,94.54287464628564,95.0
137.0,85.0,94.54271788288584,95.0
138.0,85.0,94.54256282653793,95.00000000000001
139.0,85.0,94.542409446484,95.0
140.0,85.0,94.54225771273643,95.0
141.0,85.0,94.54210759605333,95.0
142.0,85.0,94.54195906791485,95.0
143.0,85.0,94.54181210050035,95.0
144.0,85.0,94.54166666666667,95.0
145.0,85.0,94.54152273992688,95.0
146.0,85.0,94.54138029443013,95.0
147.0,85.0,94.54123930494211,95.0
148.0,85.0,94.54109974682635,95.0
149.0,85.0,94.54096159602594,95.0
150.0,85.0,94.54082482904639,95.00000000000001
151.0,85.0,94.54068942293856,95.0
152.0,85.0,94.54055535528269,95.00000000000001
153.0,85.0,94.54042260417272,95.0
154.0,85.0,94.54029114820128,95.0
155.0,85.0,94.54016096644513,95.0
156.0,85.0,94.54003203845127,95.00000000000001
157.0,85.0,94.53990434422337,95.0
158.0,85.0,94.53977786420879,95.00000000000001
159.0,85.0,94.5396525792859,95.0
160.0,85.0,94.53952847075212,95.0
161.0,85.0,94.53940552031194,95.0
162.0,85.0,94.53928371006592,95.0
163.0,85.0,94.5391630224994,95.0
164.0,85.0,94.53904344047216,95.0
165.0,85.0,94.53892494720807,95.0
166.0,85.0,94.53880752628532,95.00000000000001
167.0,85.0,94.5386911616267,95.0
168.0,85.0,94.53857583749053,95.0
169.0,85.0,94.53846153846153,95.0
170.0,85.0,94.53834824944238,95.0
171.0,85.0,94.53823595564509,95.0
172.0,85.0,94.53812464258316,95.0
173.0,85.0,94.53801429606348,95.0
174.0,85.0,94.53790490217895,95.0
175.0,85.0,94.53779644730092,95.0
176.0,85.0,94.53768891807223,95.0
177.0,85.0,94.53758230140014,94.99999999999999
178.0,85.0,94.5374765844498,95.0
179.0,85.0,94.53737175463759,95.0
180.0,85.0,94.537267799625,95.00000000000001
181.0,85.0,94.53716470731236,94.99999999999999
182.0,85.0,94.53706246583306,95.0
183.0,85.0,94.53696106354772,95.0
184.0,85.0,94.53686048903873,95.0
185.0,85.0,94.53676073110469,95.0
186.0,85.0,94.53666177875535,95.0
187.0,85.0,94.53656362120635,95.0
188.0,85.0,94.53646624787447,95.0
189.0,85.0,94.53636964837266,95.0
190.0,85.0,94.53627381250551,95.0
191.0,85.0,94.53617873026461,95.0
192.0,85.0,94.53608439182435,95.0
193.0,85.0,94.53599078753743,95.0
194.0,85.0,94.53589790793089,95.0
195.0,85.0,94.53580574370196,95.0
196.0,85.0,94.53571428571429,95.0
197.0,85.0,94.53562352499395,95.0
198.0,85.0,94.53553345272594,95.0
199.0,85.0,94.53544406025041,94.99999999999999
200.0,85.0,94.53535533905934,95.0
