"tick","donation-normed-big","donation-big group","donation-valued-big"
1.0,55.0,60.121475197315796,95.0
2.0,55.0,60.0800050800076,95.0
3.0,55.0,60.03952630678975,95.0
4.0,55.0,60.0,95.0
5.0,55.0,59.96138938356842,95.0
6.0,55.0,59.92365963917336,95.0
7.0,55.0,59.886777774252145,95.0
8.0,55.0,59.850712500726694,95.0
9.0,55.0723986940407,58.99811198296916,93.65671641791045
10.0,55.0723986940407,58.964926183422165,93.65671641791045
11.0,55.0723986940407,58.932461341801115,93.65671641791045
12.0,55.0723986940407,58.90069233689669,93.65671641791045
13.0,55.0723986940407,58.869128026439476,93.65671641791045
14.0,55.0723986940407,58.84449351488588,93.65671641791045
15.0,55.0723986940407,58.83188223858238,93.65671641791045
16.0,55.0723986940407,58.85085468560007,93.65671641791045
17.0,55.0723986940407,58.95461830171442,93.65671641791045
18.0,55.0723986940407,59.27502285427415,93.65671641791045
19.0,55.0723986940407,59.258743377135126,93.65671641791045
20.0,55.0723986940407,59.24145744353621,93.65671641791045
21.0,55.0723986940407,59.22345067672287,93.65671641791045
22.0,55.0723986940407,59.20493241485958,93.65671641791045
23.0,55.0723986940407,59.18605919110412,93.65671641791045
24.0,55.0723986940407,59.16694999234416,93.65671641791045
25.0,55.0723986940407,59.14769649225816,93.65671641791045
26.0,55.0723986940407,59.128370102045935,93.65671641791045
27.0,55.0723986940407,59.1090269438242,93.65671641791045
28.0,55.0723986940407,59.08971143154544,93.65671641791045
29.0,55.0723986940407,59.070458896455996,93.65671641791045
30.0,55.0723986940407,59.051297543250264,93.65671641791045
31.0,55.0723986940407,59.03224992862101,93.65671641791045
32.0,55.0723986940407,59.01333409330581,93.65671641791045
33.0,55.0723986940407,58.994564438946455,93.65671641791045
34.0,55.0723986940407,58.97595241444521,93.65671641791045
35.0,55.0723986940407,58.957507058338784,93.65671641791045
36.0,55.0723986940407,58.939235431113744,93.65671641791045
37.0,55.0723986940407,58.9211429625212,93.65671641791045
38.0,55.0723986940407,58.90323373261512,93.65671641791045
39.0,55.0723986940407,58.885510700657974,93.65671641791045
40.0,55.0723986940407,58.86797589268929,93.65671641791045
41.0,55.0723986940407,58.85063055606781,93.65671641791045
42.0,55.0723986940407,58.833475287442425,93.65671641791045
43.0,55.0723986940407,58.816510139210756,93.65671641791045
44.0,55.0723986940407,58.799734708452895,93.65671641791045
45.0,55.0723986940407,58.78314821150815,93.65671641791045
46.0,55.0723986940407,58.76674954673346,93.65671641791045
47.0,55.0723986940407,58.75053734747972,93.65671641791045
48.0,55.0723986940407,58.734510026938665,93.65671641791045
49.0,55.0723986940407,58.71866581620296,93.65671641791045
50.0,55.0723986940407,58.703002796640305,93.65671641791045
51.0,55.0723986940407,58.687518927481996,93.65671641791045
52.0,55.0723986940407,58.6722120693767,93.65671641791045
53.0,55.0723986940407,58.65708000452134,93.65671641791045
54.0,55.0723986940407,58.64212045389108,93.65671641791045
55.0,55.0723986940407,58.62733109199398,93.65671641791045
56.0,55.0723986940407,58.61270955951576,93.65671641791045
57.0,55.0723986940407,58.59825347415373,93.65671641791045
58.0,55.0723986940407,58.583960439902135,93.65671641791045
59.0,55.0723986940407,58.569828055003256,93.65671641791045
60.0,55.0723986940407,58.55585391874902,93.65671641791045
61.0,55.0723986940407,58.5420356372931,93.65671641791045
62.0,55.0723986940407,58.5283708286059,93.65671641791045
63.0,55.0723986940407,58.514857126688476,93.65671641791045
64.0,55.0723986940407,58.50149218514482,93.65671641791045
65.0,55.0723986940407,58.48827368019656,93.65671641791045
66.0,55.0723986940407,58.47519931321459,93.65671641791045
67.0,55.0723986940407,58.46226681282971,93.65671641791045
68.0,55.0723986940407,58.4494739366795,93.65671641791045
69.0,55.0723986940407,58.436818472835945,93.65671641791045
70.0,55.0723986940407,58.424298240957256,93.65671641791045
71.0,55.0723986940407,58.411911093200025,93.65671641791045
72.0,55.0723986940407,58.3996549149202,93.65671641791045
73.0,55.0723986940407,58.38752762519456,93.65671641791045
74.0,55.0723986940407,58.37552717718228,93.65671641791045
75.0,55.0723986940407,58.363651558350206,93.65671641791045
76.0,55.0723986940407,58.35189879057934,93.65671641791045
77.0,55.0723986940407,58.34026693016695,93.65671641791045
78.0,55.0723986940407,58.32875406774196,93.65671641791045
79.0,55.0723986940407,58.317358328100966,93.65671641791045
80.0,55.0723986940407,58.30607786998051,93.65671641791045
81.0,55.0723986940407,58.29491088577128,93.65671641791045
82.0,55.0723986940407,58.28385560118557,93.65671641791045
83.0,55.0723986940407,58.27291027488204,93.65671641791045
84.0,55.0723986940407,58.26207319805808,93.65671641791045
85.0,55.0723986940407,58.25134269401188,93.65671641791045
86.0,55.0723986940407,58.2407171176814,93.65671641791045
87.0,55.0723986940407,58.23019485516303,93.65671641791045
88.0,55.0723986940407,58.21977432321653,93.65671641791045
89.0,55.0723986940407,58.20945396875472,93.65671641791045
90.0,55.0723986940407,58.199232268326824,93.65671641791045
91.0,55.0723986940407,58.18910772759341,93.65671641791045
92.0,55.0723986940407,58.17907888079719,93.65671641791045
93.0,55.0723986940407,58.16914429023083,93.65671641791045
94.0,55.0723986940407,58.15930254570587,93.65671641791045
95.0,55.0723986940407,58.14955226401953,93.65671641791045
96.0,55.0723986940407,58.13989208842626,93.65671641791045
97.0,55.0723986940407,58.13032068811066,93.65671641791045
98.0,55.0723986940407,58.12083675766582,93.65671641791045
99.0,55.0723986940407,58.111439016574955,93.65671641791045
100.0,55.0723986940407,58.10212620870138,93.65671641791045
101.0,55.0723986940407,58.0928971017816,93.65671641791045
102.0,55.0723986940407,58.08375048692865,93.65671641791045
103.0,55.0723986940407,58.074685178139305,93.65671641791045
104.0,55.0723986940407,58.065700011811984,93.65671641791045
105.0,55.0723986940407,58.056793846270395,93.65671641791045
106.0,55.0723986940407,58.04796556129691,93.65671641791045
107.0,55.0723986940407,58.03921405767203,93.65671641791045
108.0,55.0723986940407,58.03053825672555,93.65671641791045
109.0,55.0723986940407,58.02193709989358,93.65671641791045
110.0,55.0723986940407,58.01340954828533,93.65671641791045
111.0,55.0723986940407,58.00495458225829,93.65671641791045
112.0,55.0723986940407,57.996571201002396,93.65671641791045
113.0,55.0723986940407,57.988258422132084,93.65671641791045
114.0,55.0723986940407,57.98001528128868,93.65671641791045
115.0,55.0723986940407,57.97184083174834,93.65671641791045
116.0,55.0723986940407,57.9637341440418,93.65671641791045
117.0,55.0723986940407,57.95569430557973,93.65671641791045
118.0,55.0723986940407,57.947720420288675,93.65671641791045
119.0,55.0723986940407,57.93981160825317,93.65671641791045
120.0,55.0723986940407,57.931967005366936,93.65671641791045
121.0,55.0723986940407,57.92418576299209,93.65671641791045
122.0,55.0723986940407,57.916467047625694,93.65671641791045
123.0,55.0723986940407,57.90881004057455,93.65671641791045
124.0,55.0723986940407,57.90121393763664,93.65671641791045
125.0,55.0723986940407,57.89367794879038,93.65671641791045
126.0,55.0723986940407,57.88620129789149,93.65671641791045
127.0,55.0723986940407,57.87878322237701,93.65671641791045
128.0,55.0723986940407,57.8714229729746,93.65671641791046
129.0,55.0723986940407,57.864119813421475,93.65671641791043
130.0,55.0723986940407,57.85687302018731,93.65671641791045
131.0,55.0723986940407,57.849681882205275,93.65671641791045
132.0,55.0723986940407,57.84254570060844,93.65671641791045
133.0,55.0723986940407,57.83546378847381,93.65671641791043
134.0,55.0723986940407,57.828435470570724,93.65671641791043
135.0,55.0723986940407,57.82146008311609,93.65671641791045
136.0,55.0723986940407,57.814536973535496,93.65671641791045
137.0,55.0723986940407,57.80766550023024,93.65671641791045
138.0,55.0723986940407,57.80084503234798,93.65671641791045
139.0,55.0723986940407,57.79407494956208,93.65671641791045
140.0,55.0723986940407,57.787354641853184,93.65671641791043
141.0,55.0723986940407,57.7806835092972,93.65671641791046
142.0,55.0723986940407,57.774060961858595,93.65671641791045
143.0,55.0723986940407,57.767486419187954,93.65671641791045
144.0,55.0723986940407,57.760959310424795,93.65671641791046
145.0,55.0723986940407,57.754479074003996,93.65671641791045
146.0,55.0723986940407,57.74804515746875,93.65671641791045
147.0,55.0723986940407,57.74165701728552,93.65671641791045
148.0,55.0723986940407,57.735314118665194,93.65671641791045
149.0,55.0723986940407,57.72901593538712,93.65671641791043
150.0,55.0723986940407,57.72276194962857,93.65671641791046
151.0,55.0723986940407,57.71655165179722,93.65671641791045
152.0,55.0723986940407,57.710384540367166,93.65671641791045
153.0,55.0723986940407,57.70426012172025,93.65671641791045
154.0,55.0723986940407,57.69817790998909,93.65671641791045
155.0,55.0723986940407,57.69213742690623,93.65671641791045
156.0,55.0723986940407,57.68613820165344,93.65671641791046
157.0,55.0723986940407,57.68017977071803,93.65671641791045
158.0,55.0723986940407,57.67426167775002,93.65671641791045
159.0,55.0723986940407,57.6683834734231,93.65671641791045
160.0,55.0723986940407,57.662544715299674,93.65671641791045
161.0,55.0723986940407,57.6567449676975,93.65671641791045
162.0,55.0723986940407,57.6509838015613,93.65671641791043
163.0,55.0723986940407,57.64526079433454,93.65671641791046
164.0,55.0723986940407,57.63957552983741,93.65671641791045
165.0,55.0723986940407,57.63392759814432,93.65671641791045
166.0,55.0723986940407,57.62831659546664,93.65671641791045
167.0,55.0723986940407,57.622742124036854,93.65671641791043
168.0,55.0723986940407,57.617203791995166,93.65671641791046
169.0,55.0723986940407,57.611701213279446,93.65671641791045
170.0,55.0723986940407,57.606234007517045,93.65671641791045
171.0,55.0723986940407,57.60080179991886,93.65671641791045
172.0,55.0723986940407,57.59540422117617,93.65671641791045
173.0,55.0723986940407,57.59004090736006,93.65671641791045
174.0,55.0723986940407,57.58471149982158,93.65671641791043
175.0,55.0723986940407,57.579415645095956,93.65671641791046
176.0,55.0723986940407,57.57415299480708,93.65671641791046
177.0,55.0723986940407,57.56892320557646,93.65671641791045
178.0,55.0723986940407,57.56372593893065,93.65671641791046
179.0,55.0723986940407,57.55856086121497,93.65671641791045
180.0,55.0723986940407,57.55342764350459,93.65671641791045
181.0,55.0723986940407,57.54832596152164,93.65671641791045
182.0,55.0723986940407,57.5432554955511,93.65671641791046
183.0,55.0723986940407,57.53821593035984,93.65671641791045
184.0,55.0723986940407,57.53320695511733,93.65671641791045
185.0,55.0723986940407,57.52822826331757,93.65671641791046
186.0,55.0723986940407,57.523279552703286,93.65671641791043
187.0,55.0723986940407,57.51836052519068,93.65671641791045
188.0,55.0723986940407,57.51347088679782,93.65671641791045
189.0,55.0723986940407,57.508610347571,93.65671641791045
190.0,55.0723986940407,57.503778621517334,93.65671641791043
191.0,55.0723986940407,57.498975426534145,93.65671641791045
192.0,55.0723986940407,57.49420048434306,93.65671641791045
193.0,55.0723986940407,57.48945352042375,93.65671641791043
194.0,55.0723986940407,57.48473426395009,93.65671641791043
195.0,55.0723986940407,57.48004244772612,93.65671641791045
196.0,55.0723986940407,57.475377808125984,93.65671641791046
197.0,55.0723986940407,57.470740085031714,93.65671641791045
198.0,55.0723986940407,57.466129021774904,93.65671641791046
199.0,55.0723986940407,57.46154436507862,93.65671641791046
200.0,55.0723986940407,57.45698586500066,93.65671641791043
201.0,55.0723986940407,57.45245327487682,93.65671641791043
202.0,55.0723986940407,57.44794635126795,93.65671641791046
203.0,55.0723986940407,57.44346485390491,93.65671641791045
204.0,55.0723986940407,57.43900854563693,93.65671641791045
205.0,55.0723986940407,57.43457719238035,93.65671641791046
206.0,55.0723986940407,57.4301705630672,93.65671641791045
207.0,55.0723986940407,57.42578842959727,93.65671641791045
208.0,55.0723986940407,57.421430566788594,93.65671641791045
209.0,55.0723986940407,57.41709675233032,93.65671641791045
210.0,55.0723986940407,57.41278676673669,93.65671641791043
211.0,55.0723986940407,57.408500393300145,93.65671641791045
212.0,55.0723986940407,57.40423741804815,93.65671641791045
213.0,55.0723986940407,57.39999762969822,93.65671641791045
214.0,55.0723986940407,57.39578081961529,93.65671641791043
215.0,55.0723986940407,57.39158678176942,93.65671641791046
216.0,55.0723986940407,57.38741531269448,93.65671641791045
217.0,55.0723986940407,57.38326621144783,93.65671641791045
218.0,55.0723986940407,57.379139279569934,93.65671641791043
219.0,55.0723986940407,57.37503432104559,93.65671641791045
220.0,55.0723986940407,57.37095114226607,93.65671641791043
221.0,55.0723986940407,57.366889551990305,93.65671641791043
222.0,55.0723986940407,57.36284936130988,93.65671641791045
223.0,55.0723986940407,57.35883038361059,93.65671641791045
224.0,55.0723986940407,57.35483243453921,93.65671641791045
225.0,55.0723986940407,57.35085533196673,93.65671641791046
226.0,55.0723986940407,57.34689889595522,93.65671641791043
227.0,55.0723986940407,57.342962948724114,93.65671641791046
228.0,55.0723986940407,57.339047314617375,93.65671641791045
229.0,55.0723986940407,57.33515182007064,93.65671641791045
230.0,55.0723986940407,57.331276293579755,93.65671641791045
231.0,55.0723986940407,57.32742056566994,93.65671641791043
232.0,55.0723986940407,57.32358446886484,93.65671641791043
233.0,55.0723986940407,57.319767837656315,93.65671641791045
234.0,55.0723986940407,57.31597050847593,93.65671641791045
235.0,55.0723986940407,57.3121923196645,93.65671641791045
236.0,55.0723986940407,57.308433111444785,93.65671641791045
237.0,55.0723986940407,57.304692725893666,93.65671641791045
238.0,55.0723986940407,57.30097100691361,93.65671641791045
239.0,55.0723986940407,57.29726780020679,93.65671641791045
240.0,55.0723986940407,57.29358295324852,93.65671641791045
241.0,55.0723986940407,57.289916315260655,93.65671641791045
242.0,55.0723986940407,57.286267737186634,93.65671641791045
243.0,55.0723986940407,57.28263707166658,93.65671641791045
244.0,55.0723986940407,57.27902417301198,93.65671641791045
245.0,55.0723986940407,57.275428897181904,93.65671641791046
246.0,55.0723986940407,57.27185110175946,93.65671641791045
247.0,55.0723986940407,57.26829064592807,93.65671641791045
248.0,55.0723986940407,57.26474739044872,93.65671641791043
249.0,55.0723986940407,57.261221197637276,93.65671641791045
250.0,55.0723986940407,57.2577119313423,93.65671641791043
251.0,55.0723986940407,57.25421945692369,93.65671641791045
252.0,55.0723986940407,57.250743641230926,93.65671641791043
253.0,55.0723986940407,57.2472843525817,93.65671641791045
254.0,55.0723986940407,57.243841460742125,93.65671641791045
255.0,55.0723986940407,57.240414836905856,93.65671641791045
256.0,55.0723986940407,57.237004353673726,93.65671641791043
257.0,55.0723986940407,57.23360988503513,93.65671641791045
258.0,55.0723986940407,57.230231306348124,93.65671641791046
259.0,55.0723986940407,57.22686849431986,93.65671641791045
260.0,55.0723986940407,57.2235213269894,93.65671641791045
261.0,55.0723986940407,57.220189683708035,93.65671641791045
262.0,55.0723986940407,57.21687344512194,93.65671641791043
263.0,55.0723986940407,57.213572493153926,93.65671641791046
264.0,55.0723986940407,57.210286710986495,93.65671641791045
265.0,55.0723986940407,57.207015983044755,93.65671641791043
266.0,55.0723986940407,57.20376019497904,93.65671641791046
267.0,55.0723986940407,57.20051923364817,93.65671641791045
268.0,55.0723986940407,57.19729298710446,93.65671641791045
269.0,55.0723986940407,57.19408134457564,93.65671641791045
270.0,55.0723986940407,57.19088419645121,93.65671641791045
271.0,55.0723986940407,57.18770143426494,93.65671641791045
272.0,55.0723986940407,57.18453295068096,93.65671641791045
273.0,55.0723986940407,57.18137863947812,93.65671641791045
274.0,55.0723986940407,57.17823839553547,93.65671641791043
275.0,55.0723986940407,57.17511211481742,93.65671641791046
276.0,55.0723986940407,57.17199969435965,93.65671641791045
277.0,55.0723986940407,57.16890103225501,93.65671641791045
278.0,55.0723986940407,57.165816027639174,93.65671641791045
279.0,55.0723986940407,57.16274458067774,93.65671641791045
280.0,55.0723986940407,57.159686592552696,93.65671641791045
281.0,55.0723986940407,57.1566419654484,93.65671641791043
282.0,55.0723986940407,57.15361060253931,93.65671641791045
283.0,55.0723986940407,57.15059240797754,93.65671641791043
284.0,55.0723986940407,57.14758728687875,93.65671641791045
285.0,55.0723986940407,57.14459514531184,93.65671641791045
286.0,55.0723986940407,57.14161589028458,93.65671641791045
287.0,55.0723986940407,57.13864942973302,93.65671641791045
288.0,55.0723986940407,57.13569567250968,93.65671641791045
289.0,55.0723986940407,57.1327545283709,93.65671641791045
290.0,55.0723986940407,57.129825907966165,93.65671641791043
291.0,55.0723986940407,57.12690972282661,93.65671641791045
292.0,55.0723986940407,57.124005885353576,93.65671641791045
293.0,55.0723986940407,57.121114308808686,93.65671641791045
294.0,55.0723986940407,57.11823490730145,93.65671641791045
295.0,55.0723986940407,57.115367595780256,93.65671641791045
296.0,55.0723986940407,57.11251229002073,93.65671641791045
297.0,55.0723986940407,57.109668906616086,93.65671641791046
298.0,55.0723986940407,57.1068373629667,93.65671641791046
299.0,55.0723986940407,57.104017577270405,93.65671641791045
300.0,55.0723986940407,57.10120946851232,93.65671641791046
301.0,55.0723986940407,57.098412956455256,93.65671641791045
302.0,55.0723986940407,57.095627961630235,93.65671641791043
303.0,55.0723986940407,57.092854405327216,93.65671641791045
304.0,55.0723986940407,57.09009220958516,93.65671641791045
305.0,55.0723986940407,57.087341297184196,93.65671641791045
306.0,55.0723986940407,57.08460159163496,93.65671641791046
307.0,55.0723986940407,57.08187301717145,93.65671641791045
308.0,55.0723986940407,57.07915549874091,93.65671641791045
309.0,55.0723986940407,57.07644896199598,93.65671641791045
310.0,55.0723986940407,57.073753333286085,93.65671641791045
311.0,55.0723986940407,57.07106853964875,93.65671641791045
312.0,55.0723986940407,57.06839450880194,93.65671641791045
313.0,55.0723986940407,57.065731169135304,93.65671641791045
314.0,55.0723986940407,57.06307844970305,93.65671641791045
315.0,55.0723986940407,57.060436280214994,93.65671641791046
316.0,55.0723986940407,57.05780459102962,93.65671641791045
317.0,55.0723986940407,57.05518331314627,93.65671641791045
318.0,55.0723986940407,57.0525723781971,93.65671641791045
319.0,55.0723986940407,57.049971718440226,93.65671641791045
320.0,55.0723986940407,57.0473812667524,93.65671641791045
321.0,55.0723986940407,57.044800956621465,93.65671641791043
322.0,55.0723986940407,57.042230722138946,93.65671641791045
323.0,55.0723986940407,57.039670497994024,93.65671641791045
324.0,55.0723986940407,57.03712021946592,93.65671641791045
325.0,55.0723986940407,57.0345798224166,93.65671641791043
326.0,55.0723986940407,57.032049243285506,93.65671641791045
327.0,55.0723986940407,57.02952841908128,93.65671641791046
328.0,55.0723986940407,57.02701728737645,93.65671641791045
329.0,55.0723986940407,57.024515786300114,93.65671641791045
330.0,55.0723986940407,57.02202385453256,93.65671641791043
331.0,55.0723986940407,57.01954143129793,93.65671641791045
332.0,55.0723986940407,57.0170684563586,93.65671641791046
333.0,55.0723986940407,57.01460487000898,93.65671641791045
334.0,55.0723986940407,57.012150613069956,93.65671641791045
335.0,55.0723986940407,57.00970562688178,93.65671641791045
336.0,55.0723986940407,57.00726985329946,93.65671641791045
337.0,55.0723986940407,57.00484323468664,93.65671641791045
338.0,55.0723986940407,57.002425713909126,93.65671641791045
339.0,55.0723986940407,57.0000172343302,93.65671641791045
340.0,55.0723986940407,56.99761773980526,93.65671641791045
341.0,55.0723986940407,56.995227174675236,93.65671641791045
342.0,55.0723986940407,56.99284548376201,93.65671641791045
343.0,55.0723986940407,56.99047261236306,93.65671641791045
344.0,55.0723986940407,56.988108506246085,93.65671641791045
345.0,55.0723986940407,56.98575311164355,93.65671641791043
346.0,55.0723986940407,56.983406375248485,93.65671641791046
347.0,55.0723986940407,56.98106824420796,93.65671641791045
348.0,55.0723986940407,56.978738666119966,93.65671641791045
349.0,55.0723986940407,56.976417589026426,93.65671641791045
350.0,55.0723986940407,56.97410496141057,93.65671641791043
351.0,55.0723986940407,56.97180073219004,93.65671641791045
352.0,55.0723986940407,56.96950485071407,93.65671641791045
353.0,55.0723986940407,56.96721726675732,93.65671641791045
354.0,55.0723986940407,56.964937930516186,93.65671641791045
355.0,55.0723986940407,56.96266679260385,93.65671641791045
356.0,55.0723986940407,56.960403804045995,93.65671641791045
357.0,55.0723986940407,56.9581489162767,93.65671641791045
358.0,55.0723986940407,56.95590208113343,93.65671641791045
359.0,55.0723986940407,56.953663250852635,93.65671641791043
360.0,55.0723986940407,56.95143237806694,93.65671641791045
361.0,55.0723986940407,56.94920941579916,93.65671641791045
362.0,55.0723986940407,56.94699431745917,93.65671641791045
363.0,55.0723986940407,56.94478703683979,93.65671641791046
364.0,55.0723986940407,56.942587528112014,93.65671641791045
365.0,55.0723986940407,56.94039574582237,93.65671641791043
366.0,55.0723986940407,56.93821164488767,93.65671641791046
367.0,55.0723986940407,56.93603518059187,93.65671641791045
368.0,55.0723986940407,56.933866308582,93.65671641791045
369.0,55.0723986940407,56.93170498486463,93.65671641791045
370.0,55.0723986940407,56.92955116580185,93.65671641791045
371.0,55.0723986940407,56.927404808107426,93.65671641791045
372.0,55.0723986940407,56.92526586884408,93.65671641791045
373.0,55.0723986940407,56.92313430541829,93.65671641791045
374.0,55.0723986940407,56.92101007557876,93.65671641791045
375.0,55.0723986940407,56.91889313741116,93.65671641791045
376.0,55.0723986940407,56.91678344933579,93.65671641791043
377.0,55.0723986940407,56.91468097010317,93.65671641791043
378.0,55.0723986940407,56.912585658792025,93.65671641791045
379.0,55.0723986940407,56.91049747480454,93.65671641791045
380.0,55.0723986940407,56.90841637786433,93.65671641791045
381.0,55.0723986940407,56.906342328011775,93.65671641791045
382.0,55.0723986940407,56.90427528560227,93.65671641791045
383.0,55.0723986940407,56.902215211302256,93.65671641791045
384.0,55.0723986940407,56.900162066086246,93.65671641791045
385.0,55.0723986940407,56.898115811233325,93.65671641791045
386.0,55.0723986940407,56.896076408324966,93.65671641791045
387.0,55.0723986940407,56.89404381924165,93.65671641791045
388.0,55.0723986940407,56.89201800615917,93.65671641791045
389.0,55.0723986940407,56.88999893154681,93.65671641791045
390.0,55.0723986940407,56.88798655816369,93.65671641791045
391.0,55.0723986940407,56.885980849056345,93.65671641791046
392.0,55.0723986940407,56.88398176755543,93.65671641791045
393.0,55.0723986940407,56.8819892772733,93.65671641791046
394.0,55.0723986940407,56.880003342101084,93.65671641791045
395.0,55.0723986940407,56.87802392620596,93.65671641791045
396.0,55.0723986940407,56.87605099402811,93.65671641791043
397.0,55.0723986940407,56.87408451027923,93.65671641791045
398.0,55.0723986940407,56.87212443993801,93.65671641791045
399.0,55.0723986940407,56.870170748249485,93.65671641791045
400.0,55.0723986940407,56.86822340072079,93.65671641791045
401.0,55.0723986940407,56.866282363119915,93.65671641791043
402.0,55.0723986940407,56.86434760147241,93.65671641791045
403.0,55.0723986940407,56.862419082059105,93.65671641791046
404.0,55.0723986940407,56.86049677141374,93.65671641791045
405.0,55.0723986940407,56.858580636320305,93.65671641791043
406.0,55.0723986940407,56.856670643811185,93.65671641791043
407.0,55.0723986940407,56.854766761163695,93.65671641791045
408.0,55.0723986940407,56.85286895589918,93.65671641791045
409.0,55.0723986940407,56.850977195779414,93.65671641791045
410.0,55.0723986940407,56.84909144880534,93.65671641791045
411.0,55.0723986940407,56.84721168321397,93.65671641791045
412.0,55.0723986940407,56.84533786747645,93.65671641791045
413.0,55.0723986940407,56.84346997029601,93.65671641791046
414.0,55.0723986940407,56.841607960605835,93.65671641791045
415.0,55.0723986940407,56.8397518075665,93.65671641791045
416.0,55.0723986940407,56.83790148056404,93.65671641791043
417.0,55.0723986940407,56.836056949208064,93.65671641791046
418.0,55.0723986940407,56.834218183328986,93.65671641791045
419.0,55.0723986940407,56.83238515297722,93.65671641791045
420.0,55.0723986940407,56.830557828419565,93.65671641791045
421.0,55.0723986940407,56.82873618013823,93.65671641791045
422.0,55.0723986940407,56.82692017882897,93.65671641791045
423.0,55.0723986940407,56.82510979539798,93.65671641791045
424.0,55.0723986940407,56.823305000961575,93.65671641791046
425.0,55.0723986940407,56.8215057668424,93.65671641791045
426.0,55.0723986940407,56.81971206456936,93.65671641791043
427.0,55.0723986940407,56.817923865874384,93.65671641791045
428.0,55.0723986940407,56.816141142691265,93.65671641791046
429.0,55.0723986940407,56.81436386715332,93.65671641791045
430.0,55.0723986940407,56.81259201159201,93.65671641791043
431.0,55.0723986940407,56.81082554853528,93.65671641791045
432.0,55.0723986940407,56.80906445070486,93.65671641791045
433.0,55.0723986940407,56.80730869101534,93.65671641791043
434.0,55.0723986940407,56.80555824257275,93.65671641791045
435.0,55.0723986940407,56.8038130786714,93.65671641791045
436.0,55.0723986940407,56.80207317279349,93.65671641791045
437.0,55.0723986940407,56.80033849860725,93.65671641791046
438.0,55.0723986940407,56.79860902996447,93.65671641791043
439.0,55.0723986940407,56.79688474089967,93.65671641791045
440.0,55.0723986940407,56.7951656056282,93.65671641791043
441.0,55.0723986940407,56.79345159854449,93.65671641791045
442.0,55.0723986940407,56.79174269422086,93.65671641791043
443.0,55.0723986940407,56.79003886740533,93.65671641791045
444.0,55.0723986940407,56.78834009302062,93.65671641791043
445.0,55.0723986940407,56.786646346161994,93.65671641791045
446.0,55.0723986940407,56.78495760209664,93.65671641791045
447.0,55.0723986940407,56.78327383626138,93.65671641791043
448.0,55.0723986940407,56.781595024261335,93.65671641791045
449.0,55.0723986940407,56.77992114186855,93.65671641791045
450.0,55.0723986940407,56.77825216502052,93.65671641791045
451.0,55.0723986940407,56.77658806981906,93.65671641791043
452.0,55.0723986940407,56.77492883252782,93.65671641791045
453.0,55.0723986940407,56.77327442957249,93.65671641791045
454.0,55.0723986940407,56.771624837537644,93.65671641791045
455.0,55.0723986940407,56.76998003316694,93.65671641791045
456.0,55.0723986940407,56.768339993360435,93.65671641791043
457.0,55.0723986940407,56.76670469517405,93.65671641791046
458.0,55.0723986940407,56.76507411581806,93.65671641791045
459.0,55.0723986940407,56.763448232655534,93.65671641791045
460.0,55.0723986940407,56.76182702320143,93.65671641791043
461.0,55.0723986940407,56.76021046512061,93.65671641791045
462.0,55.0723986940407,56.75859853622727,93.65671641791045
463.0,55.0723986940407,56.75699121448339,93.65671641791045
464.0,55.0723986940407,56.75538847799718,93.65671641791043
465.0,55.0723986940407,56.75379030502265,93.65671641791045
466.0,55.0723986940407,56.75219667395682,93.65671641791045
467.0,55.0723986940407,56.75060756334078,93.65671641791045
468.0,55.0723986940407,56.74902295185635,93.65671641791046
469.0,55.0723986940407,56.74744281832568,93.65671641791045
470.0,55.0723986940407,56.745867141710804,93.65671641791043
471.0,55.0723986940407,56.744295901111236,93.65671641791043
472.0,55.0723986940407,56.74272907576329,93.65671641791045
473.0,55.0723986940407,56.74116664503949,93.65671641791043
474.0,55.0723986940407,56.73960858844636,93.65671641791045
475.0,55.0723986940407,56.738054885624564,93.65671641791045
476.0,55.0723986940407,56.7365055163462,93.65671641791046
477.0,55.0723986940407,56.734960460515396,93.65671641791046
478.0,55.0723986940407,56.73341969816627,93.65671641791045
479.0,55.0723986940407,56.73188320946144,93.65671641791045
480.0,55.0723986940407,56.730350974692314,93.65671641791045
481.0,55.0723986940407,56.72882297427674,93.65671641791045
482.0,55.0723986940407,56.727299188758586,93.65671641791045
483.0,55.0723986940407,56.72577959880642,93.65671641791045
484.0,55.0723986940407,56.724264185212846,93.65671641791045
485.0,55.0723986940407,56.72275292889337,93.65671641791046
486.0,55.0723986940407,56.72124581088486,93.65671641791046
487.0,55.0723986940407,56.71974281234527,93.65671641791043
488.0,55.0723986940407,56.718243914552424,93.65671641791045
489.0,55.0723986940407,56.716749098902845,93.65671641791045
490.0,55.0723986940407,56.71525834691112,93.65671641791045
491.0,55.0723986940407,56.71377164020832,93.65671641791045
492.0,55.0723986940407,56.712288960541834,93.65671641791045
493.0,55.0723986940407,56.710810289774116,93.65671641791043
494.0,55.0723986940407,56.70933560988149,93.65671641791045
495.0,55.0723986940407,56.707864902953574,93.65671641791045
496.0,55.0723986940407,56.70639815119215,93.65671641791045
497.0,55.0723986940407,56.70493533691058,93.65671641791045
498.0,55.0723986940407,56.7034764425324,93.65671641791045
499.0,55.0723986940407,56.70202145059111,93.65671641791045
500.0,55.0723986940407,56.7005703437283,93.65671641791043
501.0,55.0723986940407,56.69912310469423,93.65671641791046
502.0,55.0723986940407,56.69767971634525,93.65671641791045
503.0,55.0723986940407,56.69624016164452,93.65671641791045
504.0,55.0723986940407,56.694804423660216,93.65671641791045
505.0,55.0723986940407,56.693372485564936,93.65671641791045
506.0,55.0723986940407,56.69194433063506,93.65671641791045
507.0,55.0723986940407,56.69051994224927,93.65671641791045
508.0,55.0723986940407,56.689099303889094,93.65671641791045
509.0,55.0723986940407,56.68768239913651,93.65671641791043
510.0,55.0723986940407,56.68626921167435,93.65671641791043
511.0,55.0723986940407,56.68485972528485,93.65671641791045
512.0,55.0723986940407,56.683453923848845,93.65671641791045
513.0,55.0723986940407,56.682051791345856,93.65671641791045
514.0,55.0723986940407,56.68065331185203,93.65671641791045
515.0,55.0723986940407,56.6792584695403,93.65671641791045
516.0,55.0723986940407,56.677867248679725,93.65671641791045
517.0,55.0723986940407,56.67647963363389,93.65671641791045
518.0,55.0723986940407,56.675095608861014,93.65671641791045
519.0,55.0723986940407,56.67371515891253,93.65671641791046
520.0,55.0723986940407,56.67233826843324,93.65671641791045
521.0,55.0723986940407,56.67096492215968,93.65671641791043
522.0,55.0723986940407,56.66959510491983,93.65671641791045
523.0,55.0723986940407,56.66822880163243,93.65671641791045
524.0,55.0723986940407,56.66686599730673,93.65671641791045
525.0,55.0723986940407,56.665506677040334,93.65671641791045
526.0,55.0723986940407,56.6641508260205,93.65671641791045
527.0,55.0723986940407,56.662798429521985,93.65671641791043
528.0,55.0723986940407,56.66144947290665,93.65671641791046
529.0,55.0723986940407,56.660103941623355,93.65671641791045
530.0,55.0723986940407,56.65876182120678,93.65671641791045
531.0,55.0723986940407,56.657423097277295,93.65671641791045
532.0,55.0723986940407,56.65608775553933,93.65671641791045
533.0,55.0723986940407,56.654755781781795,93.65671641791046
534.0,55.0723986940407,56.65342716187684,93.65671641791045
535.0,55.0723986940407,56.65210188177964,93.65671641791045
536.0,55.0723986940407,56.650779927527424,93.65671641791045
537.0,55.0723986940407,56.64946128523852,93.65671641791045
538.0,55.0723986940407,56.648145941113015,93.65671641791043
539.0,55.0723986940407,56.6468338814308,93.65671641791045
540.0,55.0723986940407,56.64552509255147,93.65671641791045
541.0,55.0723986940407,56.64421956091374,93.65671641791045
542.0,55.0723986940407,56.6429172730354,93.65671641791045
543.0,55.0723986940407,56.641618215511585,93.65671641791045
544.0,55.0723986940407,56.640322375015145,93.65671641791045
545.0,55.0723986940407,56.639029738295704,93.65671641791045
546.0,55.0723986940407,56.63774029217882,93.65671641791045
547.0,55.0723986940407,56.63645402356628,93.65671641791043
548.0,55.0723986940407,56.63517091943438,93.65671641791045
549.0,55.0723986940407,56.633890966834784,93.65671641791045
550.0,55.0723986940407,56.63261415289223,93.65671641791045
551.0,55.0723986940407,56.63134046480563,93.65671641791045
552.0,55.0723986940407,56.63006988984679,93.65671641791045
553.0,55.0723986940407,56.62880241535933,93.65671641791045
554.0,55.0723986940407,56.627538028759645,93.65671641791045
555.0,55.0723986940407,56.62627671753478,93.65671641791043
556.0,55.0723986940407,56.62501846924273,93.65671641791043
557.0,55.0723986940407,56.62376327151233,93.65671641791045
558.0,55.0723986940407,56.622511112041565,93.65671641791045
559.0,55.0723986940407,56.62126197859795,93.65671641791046
560.0,55.0723986940407,56.62001585901802,93.65671641791045
561.0,55.0723986940407,56.61877274120643,93.65671641791045
562.0,55.0723986940407,56.61753261313564,93.65671641791043
563.0,55.0723986940407,56.61629546284559,93.65671641791045
564.0,55.0723986940407,56.61506127844294,93.65671641791043
565.0,55.0723986940407,56.613830048100574,93.65671641791043
566.0,55.0723986940407,56.612601760057615,93.65671641791045
567.0,55.0723986940407,56.61137640261857,93.65671641791045
568.0,55.0723986940407,56.61015396415242,93.65671641791046
569.0,55.0723986940407,56.60893443309316,93.65671641791043
570.0,55.0723986940407,56.60771779793845,93.65671641791045
571.0,55.0723986940407,56.60650404725002,93.65671641791045
572.0,55.0723986940407,56.60529316965224,93.65671641791046
573.0,55.0723986940407,56.60408515383253,93.65671641791046
574.0,55.0723986940407,56.60287998854006,93.65671641791045
575.0,55.0723986940407,56.60167766258618,93.65671641791043
576.0,55.0723986940407,56.60047816484363,93.65671641791045
577.0,55.0723986940407,56.599281484246035,93.65671641791045
578.0,55.0723986940407,56.598087609787115,93.65671641791046
579.0,55.0723986940407,56.59689653052138,93.65671641791045
580.0,55.0723986940407,56.59570823556241,93.65671641791045
581.0,55.0723986940407,56.59452271408347,93.65671641791045
582.0,55.0723986940407,56.59333995531604,93.65671641791043
583.0,55.0723986940407,56.59215994855081,93.65671641791043
584.0,55.0723986940407,56.590982683135756,93.65671641791046
585.0,55.0723986940407,56.589808148476884,93.65671641791045
586.0,55.0723986940407,56.588636334037275,93.65671641791045
587.0,55.0723986940407,56.587467229336866,93.65671641791045
588.0,55.0723986940407,56.58630082395206,93.65671641791046
589.0,55.0723986940407,56.58513710751503,93.65671641791045
590.0,55.0723986940407,56.583976069713934,93.65671641791045
591.0,55.0723986940407,56.58281770029192,93.65671641791045
592.0,55.0723986940407,56.581661989047056,93.65671641791045
593.0,55.0723986940407,56.58050892583226,93.65671641791046
594.0,55.0723986940407,56.57935850055395,93.65671641791045
595.0,55.0723986940407,56.578210703172914,93.65671641791045
596.0,55.0723986940407,56.577065523702984,93.65671641791045
597.0,55.0723986940407,56.57592295221088,93.65671641791046
598.0,55.0723986940407,56.574782978816515,93.65671641791045
599.0,55.0723986940407,56.573645593691566,93.65671641791045
600.0,55.0723986940407,56.57251078706008,93.65671641791045
601.0,55.0723986940407,56.57137854919734,93.65671641791043
602.0,55.0723986940407,56.57024887043006,93.65671641791043
603.0,55.0723986940407,56.56912174113582,93.65671641791045
604.0,55.0723986940407,56.567997151742844,93.65671641791045
605.0,55.0723986940407,56.56687509272952,93.65671641791045
606.0,55.0723986940407,56.56575555462405,93.65671641791046
607.0,55.0723986940407,56.56463852800441,93.65671641791045
608.0,55.0723986940407,56.56352400349729,93.65671641791045
609.0,55.0723986940407,56.562411971778715,93.65671641791045
610.0,55.0723986940407,56.56130242357327,93.65671641791043
611.0,55.0723986940407,56.56019534965364,93.65671641791045
612.0,55.0723986940407,56.559090740840006,93.65671641791043
613.0,55.0723986940407,56.5579885880011,93.65671641791045
614.0,55.0723986940407,56.55688888205186,93.65671641791045
615.0,55.0723986940407,56.55579161395516,93.65671641791046
616.0,55.0723986940407,56.55469677471952,93.65671641791046
617.0,55.0723986940407,56.55360435540089,93.65671641791045
618.0,55.0723986940407,56.552514347100356,93.65671641791045
619.0,55.0723986940407,56.55142674096508,93.65671641791045
620.0,55.0723986940407,56.55034152818759,93.65671641791045
621.0,55.0723986940407,56.54925870000575,93.65671641791045
622.0,55.0723986940407,56.54817824770205,93.65671641791045
623.0,55.0723986940407,56.547100162603584,93.65671641791045
624.0,55.0723986940407,56.546024436081574,93.65671641791045
625.0,55.0723986940407,56.54495105955129,93.65671641791045
626.0,55.0723986940407,56.54388002447164,93.65671641791045
627.0,55.0723986940407,56.54281132234482,93.65671641791045
628.0,55.0723986940407,56.54174494471657,93.65671641791045
629.0,55.0723986940407,56.540680883174964,93.65671641791046
630.0,55.0723986940407,56.5396191293506,93.65671641791045
631.0,55.0723986940407,56.53855967491672,93.65671641791045
632.0,55.0723986940407,56.53750251158838,93.65671641791045
633.0,55.0723986940407,56.53644763112201,93.65671641791045
634.0,55.0723986940407,56.53539502531609,93.65671641791045
635.0,55.0723986940407,56.53434468600999,93.65671641791045
636.0,55.0723986940407,56.53329660508382,93.65671641791045
637.0,55.0723986940407,56.53225077445853,93.65671641791045
638.0,55.0723986940407,56.53120718609557,93.65671641791043
639.0,55.0723986940407,56.5301658319964,93.65671641791045
640.0,55.0723986940407,56.5291267042023,93.65671641791043
641.0,55.0723986940407,56.52808979479416,93.65671641791045
642.0,55.0723986940407,56.527055095892464,93.65671641791045
643.0,55.0723986940407,56.5260225996564,93.65671641791043
644.0,55.0723986940407,56.52499229828452,93.65671641791045
645.0,55.0723986940407,56.52396418401375,93.65671641791046
646.0,55.0723986940407,56.5229382491192,93.65671641791045
647.0,55.0723986940407,56.52191448591423,93.65671641791043
648.0,55.0723986940407,56.52089288675049,93.65671641791045
649.0,55.0723986940407,56.51987344401667,93.65671641791045
650.0,55.0723986940407,56.518856150139335,93.65671641791045
651.0,55.0723986940407,56.51784099758195,93.65671641791045
652.0,55.0723986940407,56.51682797884486,93.65671641791043
653.0,55.0723986940407,56.51581708646554,93.65671641791045
654.0,55.0723986940407,56.514808313017504,93.65671641791046
655.0,55.0723986940407,56.513801651110576,93.65671641791045
656.0,55.0723986940407,56.51279709339091,93.65671641791043
657.0,55.0723986940407,56.51179463254031,93.65671641791043
658.0,55.0723986940407,56.510794261275734,93.65671641791045
659.0,55.0723986940407,56.50979597235031,93.65671641791045
660.0,55.0723986940407,56.50879975855146,93.65671641791043
661.0,55.0723986940407,56.50780561270195,93.65671641791045
662.0,55.0723986940407,56.506813527659425,93.65671641791045
663.0,55.0723986940407,56.50582349631553,93.65671641791043
664.0,55.0723986940407,56.504835511596596,93.65671641791045
665.0,55.0723986940407,56.503849566462705,93.65671641791043
666.0,55.0723986940407,56.50286565390803,93.65671641791045
667.0,55.0723986940407,56.50188376696011,93.65671641791046
668.0,55.0723986940407,56.50090389868031,93.65671641791046
669.0,55.0723986940407,56.499926042162514,93.65671641791043
670.0,55.0723986940407,56.4989501905346,93.65671641791046
671.0,55.0723986940407,56.497976336956384,93.65671641791045
672.0,55.0723986940407,56.4970044746208,93.65671641791045
673.0,55.0723986940407,56.49603459675298,93.65671641791043
674.0,55.0723986940407,56.495066696610365,93.65671641791045
675.0,55.0723986940407,56.49410076748244,93.65671641791046
676.0,55.0723986940407,56.49313680269035,93.65671641791045
677.0,55.0723986940407,56.492174795587154,93.65671641791043
678.0,55.0723986940407,56.491214739556916,93.65671641791045
679.0,55.0723986940407,56.49025662801565,93.65671641791045
680.0,55.0723986940407,56.48930045440953,93.65671641791045
681.0,55.0723986940407,56.48834621221637,93.65671641791045
682.0,55.0723986940407,56.48739389494433,93.65671641791046
683.0,55.0723986940407,56.48644349613192,93.65671641791046
684.0,55.0723986940407,56.48549500934828,93.65671641791045
685.0,55.0723986940407,56.48454842819237,93.65671641791045
686.0,55.0723986940407,56.48360374629356,93.65671641791046
687.0,55.0723986940407,56.48266095731069,93.65671641791046
688.0,55.0723986940407,56.48172005493196,93.65671641791043
689.0,55.0723986940407,56.48078103287539,93.65671641791045
690.0,55.0723986940407,56.47984388488797,93.65671641791045
691.0,55.0723986940407,56.47890860474602,93.65671641791045
692.0,55.0723986940407,56.47797518625465,93.65671641791045
693.0,55.0723986940407,56.477043623247454,93.65671641791045
694.0,55.0723986940407,56.47611390958665,93.65671641791045
695.0,55.0723986940407,56.47518603916328,93.65671641791046
696.0,55.0723986940407,56.47426000589621,93.65671641791046
697.0,55.0723986940407,56.47333580373205,93.65671641791045
698.0,55.0723986940407,56.47241342664599,93.65671641791043
699.0,55.0723986940407,56.47149286864054,93.65671641791045
700.0,55.0723986940407,56.47057412374552,93.65671641791045
701.0,55.0723986940407,56.469657186018686,93.65671641791045
702.0,55.0723986940407,56.468742049544616,93.65671641791045
703.0,55.0723986940407,56.46782870843518,93.65671641791045
704.0,55.0723986940407,56.466917156829034,93.65671641791045
705.0,55.0723986940407,56.466007388891455,93.65671641791045
706.0,55.0723986940407,56.465099398814566,93.65671641791045
707.0,55.0723986940407,56.46419318081663,93.65671641791046
708.0,55.0723986940407,56.46328872914274,93.65671641791045
709.0,55.0723986940407,56.462386038063585,93.65671641791045
710.0,55.0723986940407,56.461485101875816,93.65671641791043
711.0,55.0723986940407,56.46058591490214,93.65671641791045
712.0,55.0723986940407,56.45968847149121,93.65671641791045
713.0,55.0723986940407,56.45879276601661,93.65671641791045
714.0,55.0723986940407,56.45789879287752,93.65671641791045
715.0,55.0723986940407,56.45700654649862,93.65671641791043
716.0,55.0723986940407,56.45611602132909,93.65671641791045
717.0,55.0723986940407,56.45522721184389,93.65671641791045
718.0,55.0723986940407,56.454340112541985,93.65671641791045
719.0,55.0723986940407,56.45345471794731,93.65671641791045
720.0,55.0723986940407,56.452571022608524,93.65671641791045
721.0,55.0723986940407,56.451689021098154,93.65671641791045
722.0,55.0723986940407,56.450808708013376,93.65671641791045
723.0,55.0723986940407,56.44993007797539,93.65671641791045
724.0,55.0723986940407,56.44905312562938,93.65671641791046
725.0,55.0723986940407,56.448177845644025,93.65671641791045
726.0,55.0723986940407,56.44730423271185,93.65671641791045
727.0,55.0723986940407,56.44643228154915,93.65671641791046
728.0,55.0723986940407,56.44556198689562,93.65671641791045
729.0,55.0723986940407,56.44469334351366,93.65671641791045
730.0,55.0723986940407,56.443826346189695,93.65671641791046
731.0,55.0723986940407,56.44296098973222,93.65671641791043
732.0,55.0723986940407,56.44209726897369,93.65671641791043
733.0,55.0723986940407,56.4412351787681,93.65671641791046
734.0,55.0723986940407,56.4403747139931,93.65671641791045
735.0,55.0723986940407,56.43951586954831,93.65671641791045
736.0,55.0723986940407,56.438658640355925,93.65671641791046
737.0,55.0723986940407,56.437803021360175,93.65671641791045
738.0,55.0723986940407,56.43694900752774,93.65671641791045
739.0,55.0723986940407,56.43609659384684,93.65671641791045
740.0,55.0723986940407,56.43524577532787,93.65671641791045
741.0,55.0723986940407,56.43439654700322,93.65671641791045
742.0,55.0723986940407,56.43354890392631,93.65671641791046
743.0,55.0723986940407,56.432702841172336,93.65671641791043
744.0,55.0723986940407,56.43185835383817,93.65671641791045
745.0,55.0723986940407,56.43101543704172,93.65671641791045
746.0,55.0723986940407,56.43017408592176,93.65671641791043
747.0,55.0723986940407,56.42933429563847,93.65671641791045
748.0,55.0723986940407,56.42849606137285,93.65671641791045
749.0,55.0723986940407,56.42765937832679,93.65671641791045
750.0,55.0723986940407,56.42682424172267,93.65671641791045
751.0,55.0723986940407,56.42599064680369,93.65671641791046
752.0,55.0723986940407,56.42515858883304,93.65671641791046
753.0,55.0723986940407,56.42432806309457,93.65671641791045
754.0,55.0723986940407,56.423499064892795,93.65671641791043
755.0,55.0723986940407,56.42267158955146,93.65671641791045
756.0,55.0723986940407,56.42184563241496,93.65671641791046
757.0,55.0723986940407,56.4210211888474,93.65671641791046
758.0,55.0723986940407,56.420198254232474,93.65671641791045
759.0,55.0723986940407,56.41937682397406,93.65671641791045
760.0,55.0723986940407,56.41855689349507,93.65671641791043
761.0,55.0723986940407,56.417738458238205,93.65671641791043
762.0,55.0723986940407,56.416921513665415,93.65671641791043
763.0,55.0723986940407,56.41610605525795,93.65671641791046
764.0,55.0723986940407,56.41529207851603,93.65671641791045
765.0,55.0723986940407,56.41447957895929,93.65671641791046
766.0,55.0723986940407,56.41366855212614,93.65671641791045
767.0,55.0723986940407,56.41285899357346,93.65671641791043
768.0,55.0723986940407,56.412050898877574,93.65671641791043
769.0,55.0723986940407,56.41124426363278,93.65671641791045
770.0,55.0723986940407,56.41043908345225,93.65671641791046
771.0,55.0723986940407,56.409635353967374,93.65671641791043
772.0,55.0723986940407,56.40883307082835,93.65671641791046
773.0,55.0723986940407,56.408032229703096,93.65671641791045
774.0,55.0723986940407,56.40723282627809,93.65671641791045
775.0,55.0723986940407,56.4064348562572,93.65671641791045
776.0,55.0723986940407,56.40563831536304,93.65671641791043
777.0,55.0723986940407,56.40484319933554,93.65671641791046
778.0,55.0723986940407,56.404049503932605,93.65671641791046
779.0,55.0723986940407,56.40325722492971,93.65671641791043
780.0,55.0723986940407,56.40246635811985,93.65671641791045
781.0,55.0723986940407,56.401676899313486,93.65671641791045
782.0,55.0723986940407,56.400888844338816,93.65671641791045
783.0,55.0723986940407,56.400102189040645,93.65671641791045
784.0,55.0723986940407,56.399316929281774,93.65671641791045
785.0,55.0723986940407,56.39853306094124,93.65671641791045
786.0,55.0723986940407,56.397750579915815,93.65671641791043
787.0,55.0723986940407,56.39696948211874,93.65671641791046
788.0,55.0723986940407,56.39618976348043,93.65671641791045
789.0,55.0723986940407,56.39541141994771,93.65671641791043
790.0,55.0723986940407,56.39463444748432,93.65671641791043
791.0,55.0723986940407,56.393858842070344,93.65671641791045
792.0,55.0723986940407,56.3930845997027,93.65671641791043
793.0,55.0723986940407,56.392311716394,93.65671641791045
794.0,55.0723986940407,56.391540188174076,93.65671641791045
795.0,55.0723986940407,56.39077001108824,93.65671641791045
796.0,55.0723986940407,56.390001181198215,93.65671641791045
797.0,55.0723986940407,56.38923369458169,93.65671641791045
798.0,55.0723986940407,56.38846754733268,93.65671641791046
799.0,55.0723986940407,56.38770273556077,93.65671641791046
800.0,55.0723986940407,56.38693925539112,93.65671641791045
801.0,55.0723986940407,56.38617710296496,93.65671641791045
802.0,55.0723986940407,56.38541627443906,93.65671641791046
803.0,55.0723986940407,56.38465676598582,93.65671641791046
804.0,55.0723986940407,56.3838985737929,93.65671641791045
805.0,55.0723986940407,56.38314169406349,93.65671641791045
806.0,55.0723986940407,56.382386123016325,93.65671641791046
807.0,55.0723986940407,56.38163185688469,93.65671641791045
808.0,55.0723986940407,56.38087889191799,93.65671641791045
809.0,55.0723986940407,56.38012722437973,93.65671641791043
810.0,55.0723986940407,56.3793768505489,93.65671641791046
811.0,55.0723986940407,56.37862776671973,93.65671641791045
812.0,55.0723986940407,56.37787996920062,93.65671641791046
813.0,55.0723986940407,56.37713345431522,93.65671641791046
814.0,55.0723986940407,56.3763882184017,93.65671641791045
815.0,55.0723986940407,56.37564425781275,93.65671641791045
816.0,55.0723986940407,56.37490156891556,93.65671641791045
817.0,55.0723986940407,56.37416014809243,93.65671641791045
818.0,55.0723986940407,56.37341999173907,93.65671641791043
819.0,55.0723986940407,56.37268109626624,93.65671641791046
820.0,55.0723986940407,56.37194345809854,93.65671641791046
821.0,55.0723986940407,56.37120707367517,93.65671641791046
822.0,55.0723986940407,56.37047193944891,93.65671641791045
823.0,55.0723986940407,56.36973805188691,93.65671641791043
824.0,55.0723986940407,56.369005407470155,93.65671641791046
825.0,55.0723986940407,56.368274002693774,93.65671641791045
826.0,55.0723986940407,56.367543834066275,93.65671641791045
827.0,55.0723986940407,56.36681489811001,93.65671641791045
828.0,55.0723986940407,56.3660871913615,93.65671641791045
829.0,55.0723986940407,56.365360710370474,93.65671641791043
830.0,55.0723986940407,56.36463545169983,93.65671641791045
831.0,55.0723986940407,56.36391141192676,93.65671641791043
832.0,55.0723986940407,56.36318858764131,93.65671641791045
833.0,55.0723986940407,56.36246697544704,93.65671641791045
834.0,55.0723986940407,56.361746571960715,93.65671641791046
835.0,55.0723986940407,56.36102737381222,93.65671641791043
836.0,55.0723986940407,56.36030937764498,93.65671641791045
837.0,55.0723986940407,56.359592580114814,93.65671641791045
838.0,55.0723986940407,56.358876977891214,93.65671641791045
839.0,55.0723986940407,56.358162567656265,93.65671641791045
840.0,55.0723986940407,56.357449346104886,93.65671641791043
841.0,55.0723986940407,56.35673730994505,93.65671641791043
842.0,55.0723986940407,56.35602645589726,93.65671641791043
843.0,55.0723986940407,56.355316780694785,93.65671641791045
844.0,55.0723986940407,56.35460828108364,93.65671641791045
845.0,55.0723986940407,56.353900953822254,93.65671641791043
846.0,55.0723986940407,56.35319479568144,93.65671641791045
847.0,55.0723986940407,56.35248980344466,93.65671641791045
848.0,55.0723986940407,56.35178597390776,93.65671641791045
849.0,55.0723986940407,56.35108330387877,93.65671641791045
850.0,55.0723986940407,56.35038179017779,93.65671641791045
851.0,55.0723986940407,56.34968142963778,93.65671641791045
852.0,55.0723986940407,56.34898221910303,93.65671641791045
853.0,55.0723986940407,56.3482841554304,93.65671641791043
854.0,55.0723986940407,56.34758723548873,93.65671641791045
855.0,55.0723986940407,56.346891456158616,93.65671641791045
856.0,55.0723986940407,56.34619681433245,93.65671641791046
857.0,55.0723986940407,56.34550330691501,93.65671641791045
858.0,55.0723986940407,56.34481093082215,93.65671641791045
859.0,55.0723986940407,56.344119682982054,93.65671641791045
860.0,55.0723986940407,56.34342956033418,93.65671641791046
861.0,55.0723986940407,56.34274055982982,93.65671641791043
862.0,55.0723986940407,56.34205267843162,93.65671641791045
863.0,55.0723986940407,56.341365913114046,93.65671641791045
864.0,55.0723986940407,56.34068026086242,93.65671641791046
865.0,55.0723986940407,56.33999571867384,93.65671641791045
866.0,55.0723986940407,56.339312283557106,93.65671641791046
867.0,55.0723986940407,56.338629952531385,93.65671641791043
868.0,55.0723986940407,56.33794872262792,93.65671641791043
869.0,55.0723986940407,56.337268590888684,93.65671641791043
870.0,55.0723986940407,56.33658955436653,93.65671641791045
871.0,55.0723986940407,56.33591161012609,93.65671641791045
872.0,55.0723986940407,56.33523475524248,93.65671641791045
873.0,55.0723986940407,56.33455898680172,93.65671641791045
874.0,55.0723986940407,56.333884301900866,93.65671641791046
875.0,55.0723986940407,56.33321069764816,93.65671641791045
876.0,55.0723986940407,56.332538171161936,93.65671641791045
877.0,55.0723986940407,56.331866719571686,93.65671641791045
878.0,55.0723986940407,56.33119634001771,93.65671641791045
879.0,55.0723986940407,56.330527029650725,93.65671641791043
880.0,55.0723986940407,56.32985878563223,93.65671641791045
881.0,55.0723986940407,56.32919160513389,93.65671641791045
882.0,55.0723986940407,56.32852548533816,93.65671641791045
883.0,55.0723986940407,56.32786042343789,93.65671641791046
884.0,55.0723986940407,56.32719641663637,93.65671641791043
885.0,55.0723986940407,56.32653346214725,93.65671641791046
886.0,55.0723986940407,56.325871557194,93.65671641791045
887.0,55.0723986940407,56.32521069901119,93.65671641791045
888.0,55.0723986940407,56.32455088484275,93.65671641791045
889.0,55.0723986940407,56.3238921119431,93.65671641791046
890.0,55.0723986940407,56.32323437757712,93.65671641791045
891.0,55.0723986940407,56.32257767901905,93.65671641791045
892.0,55.0723986940407,56.32192201355344,93.65671641791046
893.0,55.0723986940407,56.32126737847513,93.65671641791046
894.0,55.0723986940407,56.32061377108818,93.65671641791046
895.0,55.0723986940407,56.319961188707275,93.65671641791046
896.0,55.0723986940407,56.319309628656065,93.65671641791045
897.0,55.0723986940407,56.31865908826886,93.65671641791046
898.0,55.0723986940407,56.31800956488893,93.65671641791045
899.0,55.0723986940407,56.31736105586984,93.65671641791045
900.0,55.0723986940407,56.316713558574335,93.65671641791045
901.0,55.0723986940407,56.31606707037488,93.65671641791045
902.0,55.0723986940407,56.3154215886534,93.65671641791045
903.0,55.0723986940407,56.314777110801735,93.65671641791045
904.0,55.0723986940407,56.31413363422087,93.65671641791045
905.0,55.0723986940407,56.31349115632096,93.65671641791043
906.0,55.0723986940407,56.312849674521786,93.65671641791045
907.0,55.0723986940407,56.31220918625256,93.65671641791045
908.0,55.0723986940407,56.31156968895152,93.65671641791046
909.0,55.0723986940407,56.31093118006639,93.65671641791045
910.0,55.0723986940407,56.31029365705409,93.65671641791043
911.0,55.0723986940407,56.30965711738023,93.65671641791045
912.0,55.0723986940407,56.309021558519895,93.65671641791045
913.0,55.0723986940407,56.308386977957376,93.65671641791045
914.0,55.0723986940407,56.30775337318598,93.65671641791045
915.0,55.0723986940407,56.307120741707415,93.65671641791045
916.0,55.0723986940407,56.306489081033035,93.65671641791045
917.0,55.0723986940407,56.305858388682566,93.65671641791045
918.0,55.0723986940407,56.305228662185016,93.65671641791046
919.0,55.0723986940407,56.304599899078056,93.65671641791045
920.0,55.0723986940407,56.30397209690798,93.65671641791043
921.0,55.0723986940407,56.30334525323009,93.65671641791043
922.0,55.0723986940407,56.30271936560801,93.65671641791046
923.0,55.0723986940407,56.3020944316145,93.65671641791045
924.0,55.0723986940407,56.301470448830585,93.65671641791045
925.0,55.0723986940407,56.300847414846125,93.65671641791045
926.0,55.0723986940407,56.3002253272591,93.65671641791043
927.0,55.0723986940407,56.299604183676465,93.65671641791043
928.0,55.0723986940407,56.29898398171318,93.65671641791045
929.0,55.0723986940407,56.298364718993376,93.65671641791045
930.0,55.0723986940407,56.297746393148756,93.65671641791045
931.0,55.0723986940407,56.29712900181953,93.65671641791045
932.0,55.0723986940407,56.29651254265488,93.65671641791045
933.0,55.0723986940407,56.295897013311254,93.65671641791045
934.0,55.0723986940407,56.295282411454316,93.65671641791045
935.0,55.0723986940407,56.29466873475711,93.65671641791043
936.0,55.0723986940407,56.29405598090124,93.65671641791046
937.0,55.0723986940407,56.293444147576565,93.65671641791045
938.0,55.0723986940407,56.29283323248089,93.65671641791046
939.0,55.0723986940407,56.292223233319625,93.65671641791046
940.0,55.0723986940407,56.2916141478071,93.65671641791045
941.0,55.0723986940407,56.29100597366496,93.65671641791045
942.0,55.0723986940407,56.29039870862292,93.65671641791043
943.0,55.0723986940407,56.289792350418566,93.65671641791045
944.0,55.0723986940407,56.289186896797574,93.65671641791045
945.0,55.0723986940407,56.28858234551322,93.65671641791043
946.0,55.0723986940407,56.2879786943269,93.65671641791045
947.0,55.0723986940407,56.28737594100735,93.65671641791045
948.0,55.0723986940407,56.286774083331245,93.65671641791043
949.0,55.0723986940407,56.286173119083124,93.65671641791045
950.0,55.0723986940407,56.285573046055006,93.65671641791046
951.0,55.0723986940407,56.284973862046606,93.65671641791045
952.0,55.0723986940407,56.28437556486494,93.65671641791045
953.0,55.0723986940407,56.2837781523251,93.65671641791046
954.0,55.0723986940407,56.28318162224955,93.65671641791043
955.0,55.0723986940407,56.282585972467814,93.65671641791043
956.0,55.0723986940407,56.28199120081744,93.65671641791045
957.0,55.0723986940407,56.28139730514299,93.65671641791045
958.0,55.0723986940407,56.28080428329706,93.65671641791045
959.0,55.0723986940407,56.28021213313864,93.65671641791045
960.0,55.0723986940407,56.27962085253504,93.65671641791046
961.0,55.0723986940407,56.27903043936012,93.65671641791043
962.0,55.0723986940407,56.278440891495265,93.65671641791043
963.0,55.0723986940407,56.27785220682935,93.65671641791046
964.0,55.0723986940407,56.27726438325807,93.65671641791045
965.0,55.0723986940407,56.2766774186846,93.65671641791045
966.0,55.0723986940407,56.27609131101897,93.65671641791045
967.0,55.0723986940407,56.27550605817846,93.65671641791045
968.0,55.0723986940407,56.27492165808761,93.65671641791045
969.0,55.0723986940407,56.274338108677725,93.65671641791043
970.0,55.0723986940407,56.27375540788724,93.65671641791043
971.0,55.0723986940407,56.27317355366157,93.65671641791045
972.0,55.0723986940407,56.272592543953024,93.65671641791045
973.0,55.0723986940407,56.272012376721136,93.65671641791043
974.0,55.0723986940407,56.271433049931716,93.65671641791045
975.0,55.0723986940407,56.270854561558245,93.65671641791046
976.0,55.0723986940407,56.270276909580225,93.65671641791045
977.0,55.0723986940407,56.26970009198472,93.65671641791045
978.0,55.0723986940407,56.269124106764956,93.65671641791045
979.0,55.0723986940407,56.268548951921204,93.65671641791045
980.0,55.0723986940407,56.26797462546052,93.65671641791045
981.0,55.0723986940407,56.26740112539638,93.65671641791045
982.0,55.0723986940407,56.26682844974937,93.65671641791045
983.0,55.0723986940407,56.26625659654613,93.65671641791046
984.0,55.0723986940407,56.2656855638202,93.65671641791045
985.0,55.0723986940407,56.26511534961187,93.65671641791045
986.0,55.0723986940407,56.26454595196779,93.65671641791045
987.0,55.0723986940407,56.263977368941,93.65671641791045
988.0,55.0723986940407,56.263409598591466,93.65671641791045
989.0,55.0723986940407,56.26284263898486,93.65671641791045
990.0,55.0723986940407,56.26227648819406,93.65671641791046
991.0,55.0723986940407,56.26171114429782,93.65671641791045
992.0,55.0723986940407,56.26114660538189,93.65671641791045
993.0,55.0723986940407,56.26058286953745,93.65671641791045
994.0,55.0723986940407,56.260019934863074,93.65671641791045
995.0,55.0723986940407,56.25945779946276,93.65671641791045
996.0,55.0723986940407,56.25889646144706,93.65671641791043
997.0,55.0723986940407,56.258335918933064,93.65671641791045
998.0,55.0723986940407,56.25777617004394,93.65671641791045
999.0,55.0723986940407,56.2572172129085,93.65671641791045
1000.0,55.0723986940407,56.256659045662715,93.65671641791043
1001.0,55.0723986940407,56.256101666447684,93.65671641791045
1002.0,55.0723986940407,56.255545073411476,93.65671641791045
1003.0,55.0723986940407,56.25498926470759,93.65671641791043
1004.0,55.0723986940407,56.25443423849587,93.65671641791045
1005.0,55.0723986940407,56.25387999294261,93.65671641791045
1006.0,55.0723986940407,56.25332652621926,93.65671641791046
1007.0,55.0723986940407,56.2527738365037,93.65671641791043
1008.0,55.0723986940407,56.252221921980194,93.65671641791045
1009.0,55.0723986940407,56.25167078083802,93.65671641791045
1010.0,55.0723986940407,56.251120411273284,93.65671641791045
1011.0,55.0723986940407,56.25057081148725,93.65671641791046
1012.0,55.0723986940407,56.25002197968765,93.65671641791043
1013.0,55.0723986940407,56.24947391408737,93.65671641791043
1014.0,55.0723986940407,56.248926612905976,93.65671641791045
1015.0,55.0723986940407,56.248380074368,93.65671641791045
1016.0,55.0723986940407,56.247834296704205,93.65671641791045
1017.0,55.0723986940407,56.24728927815091,93.65671641791045
1018.0,55.0723986940407,56.24674501695022,93.65671641791046
1019.0,55.0723986940407,56.2462015113501,93.65671641791043
1020.0,55.0723986940407,56.24565875960386,93.65671641791043
1021.0,55.0723986940407,56.24511675997083,93.65671641791045
1022.0,55.0723986940407,56.24457551071533,93.65671641791045
1023.0,55.0723986940407,56.24403501010813,93.65671641791043
1024.0,55.0723986940407,56.2434952564249,93.65671641791045
1025.0,55.0723986940407,56.242956247947,93.65671641791045
1026.0,55.0723986940407,56.24241798296181,93.65671641791043
1027.0,55.0723986940407,56.24188045976139,93.65671641791045
1028.0,55.0723986940407,56.241343676644114,93.65671641791045
1029.0,55.0723986940407,56.240807631913036,93.65671641791045
1030.0,55.0723986940407,56.24027232387738,93.65671641791045
1031.0,55.0723986940407,56.23973775085137,93.65671641791043
1032.0,55.0723986940407,56.2392039111546,93.65671641791045
1033.0,55.0723986940407,56.238670803112306,93.65671641791045
1034.0,55.0723986940407,56.23813842505466,93.65671641791045
1035.0,55.0723986940407,56.2376067753176,93.65671641791046
1036.0,55.0723986940407,56.2370758522421,93.65671641791043
1037.0,55.0723986940407,56.236545654174506,93.65671641791045
1038.0,55.0723986940407,56.23601617946644,93.65671641791046
1039.0,55.0723986940407,56.2354874264747,93.65671641791045
1040.0,55.0723986940407,56.23495939356152,93.65671641791045
1041.0,55.0723986940407,56.23443207909405,93.65671641791045
1042.0,55.0723986940407,56.233905481444665,93.65671641791046
1043.0,55.0723986940407,56.233379598990915,93.65671641791045
1044.0,55.0723986940407,56.23285443011578,93.65671641791045
