"tick","donation-normed-small","donation-small","donation-valued-small"
1.0,55.0,60.12147519731583,95.0
2.0,55.0,60.080005080007616,95.0
3.0,55.0,60.039526306789696,95.0
4.0,55.0,60.0,95.0
5.0,55.0,59.96138938356833,95.0
6.0,55.0,59.92365963917331,95.0
7.0,55.0,59.88677777425221,95.0
8.0,55.0,59.85071250072666,95.0
9.0,55.0,59.81543412343077,95.0
10.0,55.0,59.78091443733757,95.0
11.0,55.0,59.74712663277541,95.0
12.0,55.0,59.71404520791032,95.0
13.0,55.0,59.68164588784522,95.0
14.0,55.0,59.64990554975277,95.0
15.0,55.0,59.61880215351701,95.0
16.0,55.0,59.58831467741123,95.0
17.0,55.0,59.55842305838552,95.0
18.0,55.0,59.52910813657838,95.0
19.0,55.0,59.5003516037041,95.0
20.0,55.0,59.47213595499957,95.0
21.0,55.0,59.44444444444444,95.0
22.0,55.0,59.41726104299386,95.0
23.0,55.0,59.39057039958761,95.0
24.0,55.0,59.364357804719845,95.0
25.0,55.0,59.338609156373124,95.0
26.0,55.0,59.31331092813754,95.0
27.0,55.0,59.288450139351184,95.0
28.0,55.0,59.26401432711221,95.0
29.0,55.0,59.23999152002544,95.0
30.0,55.0,59.21637021355784,95.0
31.0,55.0,59.19313934688767,95.0
32.0,55.0,59.170288281141495,95.0
33.0,55.0,59.147806778921705,95.0
34.0,55.0,59.12568498503517,95.0
35.0,55.0,59.10391340834062,95.0
36.0,55.0,59.08248290463863,95.0
37.0,55.0,59.06138466053448,95.0
38.0,55.0,59.040610178208844,95.0
39.0,55.0,59.02015126103685,95.0
40.0,55.0,59.0,95.0
41.0,55.0,58.98014876083995,95.0
42.0,55.0,58.9605901719067,95.0
43.0,55.0,58.941317112657174,95.0
44.0,55.0,58.92232270276369,95.0
45.0,55.0,58.903600291794135,95.0
46.0,55.0,58.88514344942905,95.0
47.0,55.0,58.86694595618265,95.0
48.0,55.0,58.84900179459751,95.0
49.0,55.7698003589195,55.30955288488968,77.0
50.0,55.7698003589195,55.30984981490726,77.0
51.0,55.7698003589195,55.31028859088276,77.0
52.0,55.7698003589195,55.310866039491046,77.0
53.0,55.7698003589195,55.305432547377755,77.0
54.0,55.7698003589195,55.3827554312315,77.0
55.0,55.7698003589195,55.610123012750115,77.0
56.0,55.7698003589195,56.24512865766009,77.0
57.0,55.7698003589195,57.98798862966605,77.0
58.0,55.7698003589195,62.573469533927025,77.0
59.0,55.7698003589195,62.722659764735305,77.0
60.0,55.7698003589195,62.85171702076982,77.0
61.0,55.7698003589195,62.96461335453809,77.0
62.0,55.7698003589195,63.064308044866245,77.0
63.0,55.7698003589195,63.153056986649744,77.0
64.0,55.7698003589195,63.23261389351093,77.0
65.0,55.7698003589195,63.304365355752246,77.0
66.0,55.7698003589195,63.36942400561313,77.0
67.0,55.7698003589195,63.42869432853721,77.0
68.0,55.7698003589195,63.48292013181458,77.0
69.0,55.7698003589195,63.532719421514756,77.0
70.0,55.7698003589195,63.57861045372782,77.0
71.0,55.7698003589195,63.621031483554226,77.0
72.0,55.7698003589195,63.66035593780489,77.0
73.0,55.7698003589195,85.61584028713561,77.0
74.0,55.7698003589195,77.0,77.0
75.0,55.7698003589195,77.0,77.0
76.0,55.7698003589195,76.99999999999999,76.99999999999999
77.0,55.7698003589195,77.00000000000001,77.00000000000001
78.0,55.7698003589195,76.99999999999999,76.99999999999999
79.0,55.7698003589195,77.00000000000001,77.00000000000001
80.0,55.7698003589195,77.0,77.0
81.0,55.7698003589195,77.00000000000001,77.00000000000001
82.0,55.7698003589195,76.99999999999999,76.99999999999999
83.0,55.7698003589195,77.0,77.0
84.0,55.7698003589195,77.0,77.0
85.0,55.7698003589195,77.00000000000001,77.00000000000001
86.0,55.7698003589195,76.99999999999999,76.99999999999999
87.0,55.7698003589195,77.00000000000001,77.00000000000001
88.0,55.7698003589195,76.99999999999999,76.99999999999999
89.0,55.7698003589195,77.00000000000001,77.00000000000001
90.0,55.7698003589195,76.99999999999999,76.99999999999999
91.0,55.7698003589195,77.00000000000001,77.00000000000001
92.0,55.7698003589195,76.99999999999999,76.99999999999999
93.0,55.7698003589195,77.00000000000001,77.00000000000001
94.0,55.7698003589195,76.99999999999999,76.99999999999999
95.0,55.7698003589195,77.00000000000001,77.00000000000001
96.0,55.7698003589195,76.99999999999999,76.99999999999999
97.0,55.7698003589195,77.00000000000001,77.00000000000001
98.0,55.7698003589195,76.99999999999999,76.99999999999999
99.0,55.7698003589195,77.00000000000001,77.00000000000001
100.0,55.7698003589195,76.99999999999999,76.99999999999999
101.0,55.7698003589195,77.00000000000001,77.00000000000001
102.0,55.7698003589195,76.99999999999999,76.99999999999999
103.0,55.7698003589195,77.00000000000001,77.00000000000001
104.0,55.7698003589195,76.99999999999999,76.99999999999999
105.0,55.7698003589195,77.00000000000001,77.00000000000001
106.0,55.7698003589195,76.99999999999999,76.99999999999999
107.0,55.7698003589195,77.00000000000001,77.00000000000001
108.0,55.7698003589195,76.99999999999999,76.99999999999999
109.0,55.7698003589195,77.00000000000001,77.00000000000001
110.0,55.7698003589195,76.99999999999999,76.99999999999999
111.0,55.7698003589195,77.00000000000001,77.00000000000001
112.0,55.7698003589195,76.99999999999999,76.99999999999999
113.0,55.7698003589195,77.00000000000001,77.00000000000001
114.0,55.7698003589195,76.99999999999999,76.99999999999999
115.0,55.7698003589195,77.00000000000001,77.00000000000001
116.0,55.7698003589195,76.99999999999999,76.99999999999999
117.0,55.7698003589195,77.00000000000001,77.00000000000001
118.0,55.7698003589195,76.99999999999999,76.99999999999999
119.0,55.7698003589195,77.00000000000001,77.00000000000001
120.0,55.7698003589195,76.99999999999999,76.99999999999999
121.0,55.7698003589195,77.00000000000001,77.00000000000001
122.0,55.7698003589195,76.99999999999999,76.99999999999999
123.0,55.7698003589195,77.00000000000001,77.00000000000001
124.0,69.7698003589195,76.99999999999999,76.99999999999999
125.0,76.4983125,76.98200000000001,77.00000000000001
126.0,76.4983125,76.9814983125,76.99999999999999
127.0,76.4983125,76.980996625,77.0
128.0,76.4983125,76.98049493750001,77.0
129.0,76.4983125,76.9902662067854,77.0
130.0,76.4983125,76.85195843566176,77.0
131.0,76.4983125,76.59733531392139,77.0
132.0,76.4983125,75.90519790898907,77.0
133.0,76.4983125,74.02377337836472,77.0
134.0,76.4983125,67.76907484122731,77.0
135.0,76.4983125,67.57040315179981,77.0
136.0,76.4983125,67.39711431702999,77.0
137.0,76.4983125,67.24422632452031,77.0
138.0,76.4983125,67.10802676581773,77.0
139.0,76.4983125,66.98568501158668,77.0
140.0,76.4983125,66.875,77.0
141.0,76.4983125,66.7742309379905,77.0
142.0,76.4983125,66.68198051533946,77.0
143.0,76.4983125,66.59711240725258,77.0
144.0,76.4983125,66.51869176962472,77.0
145.0,76.4983125,66.44594151818589,77.0
146.0,76.4983125,66.37820967080074,77.0
147.0,76.4983125,66.3149445897705,77.0
148.0,76.4983125,66.25567596063108,77.0
149.0,76.4983125,66.2,77.0
150.0,76.4983125,66.1475678243655,77.0
151.0,76.4983125,66.09807621135332,77.0
152.0,76.4983125,66.0512601928123,77.0
153.0,76.4983125,66.0068870653902,77.0
154.0,76.4983125,65.96475150877325,77.0
155.0,76.4983125,65.92467157736147,77.0
156.0,76.4983125,65.8864853865046,77.0
157.0,76.4983125,65.85004835540192,77.0
158.0,76.4983125,65.81523089942388,77.0
159.0,76.4983125,65.78191648776699,77.0
160.0,76.4983125,65.75,77.0
161.0,76.4983125,65.71938632862232,77.0
162.0,76.4983125,65.68998918526529,77.0
163.0,76.4983125,65.66173007636868,77.0
164.0,76.4983125,65.63453742061367,77.0
165.0,76.4983125,65.60834578549618,77.0
166.0,76.4983125,65.58309522448825,77.0
167.0,76.4983125,65.55873069949016,77.0
168.0,76.4983125,65.5352015758999,77.0
169.0,76.4983125,65.5124611797498,77.0
170.0,76.4983125,65.49046640809112,77.0
171.0,76.4983125,65.46917738522157,77.0
172.0,76.4983125,65.448557158515,77.0
173.0,76.4983125,65.42857142857142,77.0
174.0,76.4983125,65.40918830920369,77.0
175.0,76.4983125,65.3903781134378,77.0
176.0,76.4983125,65.37211316226015,77.0
177.0,76.4983125,65.35436761330729,77.0
178.0,76.4983125,65.33711730708738,77.0
179.0,76.4983125,65.32033962865076,77.0
180.0,76.4983125,65.30401338290886,77.0
181.0,76.4983125,65.2881186820378,77.0
182.0,76.4983125,65.27263684360625,77.0
183.0,76.4983125,65.25755029824111,77.0
184.0,76.4983125,65.24284250579333,77.0
185.0,71.11903048178013,65.22849787909408,77.0
186.0,71.11903048178013,65.22212074498437,77.0
187.0,71.11903048178013,65.21607818950508,77.0
188.0,71.11903048178013,65.21035709144533,77.0
189.0,71.11903048178013,65.20494503888143,77.0
190.0,71.11903048178013,65.19548194891401,77.0
191.0,71.11903048178013,65.24475669912297,77.0
192.0,71.11903048178013,65.40036349223794,77.0
193.0,71.11903048178013,65.84452716547105,77.0
194.0,71.11903048178013,67.07260390625581,77.0
195.0,71.11903048178013,75.39861624607492,77.0
196.0,71.11903048178013,75.6090558463384,77.0
197.0,71.11903048178013,75.79141283146991,77.0
198.0,71.11903048178013,75.95123648908594,77.0
199.0,71.11903048178013,76.0926603164933,77.0
200.0,71.11903048178013,76.21883459085379,77.0
201.0,71.11903048178013,76.33220767370396,77.0
202.0,71.11903048178013,76.43471483331709,77.0
203.0,71.11903048178013,76.52790849392153,77.0
204.0,71.11903048178013,76.61305023967556,77.00000000000001
205.0,71.11903048178013,76.69117717298613,77.0
206.0,71.11903048178013,76.76315066801297,77.0
207.0,71.11903048178013,76.82969278492396,77.0
208.0,71.11903048178013,76.89141387310622,77.0
209.0,71.11903048178013,76.94883377650909,77.0
210.0,71.11903048178013,77.00239832251185,77.0
211.0,71.11903048178013,77.05249228566056,77.0
212.0,71.11903048178013,77.09944968339241,77.0
213.0,71.11903048178013,77.14356202907794,77.0
214.0,71.11903048178013,77.18508500449352,77.0
215.0,71.11903048178013,77.22424389727533,77.0
216.0,71.11903048178013,77.26123806458439,77.0
217.0,71.11903048178013,77.29624462247259,77.0
218.0,71.11903048178013,77.32942151473387,77.0
219.0,71.11903048178013,77.36091008083399,77.0
220.0,71.11903048178013,77.39083721668801,77.0
221.0,71.11903048178013,77.41931720237355,77.0
222.0,71.11903048178013,77.44645325574058,77.0
223.0,71.11903048178013,77.47233885915823,77.0
224.0,71.11903048178013,77.49705889749103,77.0
225.0,71.11903048178013,77.52069063820599,77.0
226.0,71.11903048178013,77.54330457882125,77.0
227.0,71.11903048178013,77.5649651823752,77.0
228.0,71.11903048178013,77.58573151796536,77.0
229.0,71.11903048178013,77.60565782048073,77.0
230.0,71.11903048178013,77.62479398128366,77.0
231.0,71.11903048178013,77.6431859796672,77.0
232.0,71.11903048178013,77.66087626333791,77.0
233.0,71.11903048178013,77.67790408487551,77.0
234.0,71.11903048178013,77.69430580005164,77.0
235.0,71.11903048178013,77.71011513300144,77.0
236.0,71.11903048178013,77.72536341250347,77.0
237.0,71.11903048178013,77.74007978300594,77.0
238.0,71.11903048178013,77.75429139351895,77.0
239.0,71.11903048178013,77.76802356705714,77.0
240.0,71.11903048178013,77.78129995294846,77.0
241.0,71.11903048178013,77.79414266401332,77.0
242.0,71.11903048178013,77.80657240035234,77.0
243.0,71.11903048178013,77.81860856125553,77.0
244.0,71.11903048178013,77.83026934655186,77.0
245.0,71.11903048178013,77.84157184855236,77.0
246.0,74.27145288923117,77.85253213559753,77.0
247.0,74.27145288923117,77.8588784611301,77.0
248.0,74.27145288923117,77.86491193390538,77.0
249.0,74.27145288923117,77.8706459803669,77.0
250.0,74.27145288923117,77.87609326945781,77.0
251.0,74.27145288923117,77.88371236552588,77.0
252.0,74.27145288923117,77.85817998945258,77.0
253.0,74.27145288923117,77.77272189697808,77.0
254.0,74.27145288923117,77.52481330538964,77.0
255.0,74.27145288923117,76.83574502793707,77.0
256.0,74.27145288923117,75.01500965008111,77.0
257.0,74.27145288923117,74.95995035723355,77.0
258.0,74.27145288923117,74.91274413148086,77.0
259.0,74.27145288923117,74.87181674010563,77.0
260.0,74.27145288923117,74.83599672381266,77.0
261.0,74.27145288923117,74.80439226805547,77.0
262.0,74.27145288923117,74.77631113605341,77.0
263.0,74.27145288923117,74.75120692887037,77.0
264.0,74.27145288923117,74.72864201928866,77.0
265.0,74.27145288923117,74.7082613725316,77.0
266.0,74.27145288923117,74.68977366700922,77.0
267.0,74.27145288923117,74.67293742605816,77.0
268.0,74.27145288923117,74.65755066171648,77.0
269.0,74.27145288923117,74.64344302616914,77.0
270.0,74.27145288923117,74.63046978392421,77.0
271.0,74.27145288923117,74.61850712610361,77.0
272.0,74.27145288923117,74.60744848773575,77.0
273.0,74.27145288923117,74.59720162408367,77.0
274.0,74.27145288923117,74.5876862680241,77.0
275.0,74.27145288923117,74.57883223695613,77.0
276.0,74.27145288923117,74.57057789089754,77.0
277.0,74.27145288923117,74.56286886743052,77.0
278.0,74.27145288923117,74.5556570367311,77.0
279.0,74.27145288923117,74.54889963292729,77.0
280.0,74.27145288923117,74.54255852776149,77.0
281.0,74.27145288923117,74.53659961988417,77.0
282.0,74.27145288923117,74.53099231870519,77.0
283.0,74.27145288923117,74.52570910603595,77.0
284.0,74.27145288923117,74.52072516208966,77.0
285.0,74.27145288923117,74.5160180450105,77.0
286.0,74.27145288923117,74.51156741514842,77.0
287.0,74.27145288923117,74.50735479691548,77.0
288.0,74.27145288923117,74.50336337234832,77.0
289.0,74.27145288923117,74.49957780153453,77.0
290.0,74.27145288923117,74.49598406589215,77.0
291.0,74.27145288923117,74.49256933096514,77.0
292.0,74.27145288923117,74.48932182594596,77.0
293.0,74.27145288923117,74.4862307375857,77.0
294.0,74.27145288923117,74.48328611651928,77.0
295.0,74.27145288923117,74.4804787943392,77.0
296.0,74.27145288923117,74.47780031000245,77.0
297.0,74.27145288923117,74.47524284436489,77.0
298.0,74.27145288923117,74.47279916181398,77.0
299.0,74.27145288923117,74.4704625581164,77.0
300.0,74.27145288923117,74.46822681372157,77.0
301.0,74.27145288923117,74.46608615186662,77.0
302.0,74.27145288923117,74.46403520091648,77.0
303.0,74.27145288923117,74.46206896044836,77.0
304.0,74.27145288923117,74.46018277065367,77.0
305.0,74.27145288923117,74.45837228468562,77.0
306.0,74.27145288923117,74.45663344362761,77.0
307.0,74.27145288923117,74.45496245379744,77.0
308.0,74.27145288923117,74.45335576613819,77.0
309.0,74.27145288923117,74.4518100574758,77.0
310.0,74.27145288923117,74.45032221344962,77.0
311.0,74.27145288923117,74.44888931294551,77.0
312.0,74.27145288923117,74.44750861387948,77.0
313.0,74.27145288923117,74.44617754019842,77.0
314.0,74.27145288923117,74.4448936699783,77.0
315.0,74.27145288923117,74.44365472451426,77.0
316.0,74.27145288923117,74.44245855830778,77.0
317.0,74.27145288923117,74.4413031498668,77.0
318.0,74.27145288923117,74.4401865932434,77.0
319.0,74.27145288923117,74.43910709024142,77.0
320.0,74.27145288923117,74.43806294323353,77.0
321.0,74.27145288923117,74.43705254853323,77.0
322.0,74.27145288923117,74.43607439027303,77.0
323.0,74.27145288923117,74.43512703474451,77.0
324.0,74.27145288923117,74.43420912516065,77.0
325.0,74.27145288923117,74.43331937680456,77.0
326.0,74.27145288923117,74.43245657253185,77.0
327.0,74.27145288923117,74.43161955859765,77.0
328.0,74.27145288923117,74.43080724078119,77.0
329.0,74.27145288923117,74.43001858078408,77.0
330.0,74.27145288923117,74.42925259288015,77.0
331.0,74.27145288923117,74.42850834079691,77.0
332.0,74.27145288923117,74.42778493481019,77.0
333.0,74.27145288923117,74.42708152903587,77.0
334.0,74.27145288923117,74.42639731890293,77.0
335.0,74.27145288923117,74.42573153879437,77.0
336.0,74.27145288923117,74.42508345984325,77.0
337.0,74.27145288923117,74.42445238787234,77.0
338.0,74.27145288923117,74.42383766146638,77.0
339.0,74.27145288923117,74.42323865016793,77.0
340.0,74.27145288923117,74.42265475278711,77.0
341.0,74.27145288923117,74.4220853958175,77.0
342.0,74.27145288923117,74.42153003195055,77.0
343.0,74.27145288923117,74.42098813868158,77.0
344.0,74.27145288923117,74.42045921700068,77.0
345.0,74.27145288923117,74.41994279016322,77.0
346.0,74.27145288923117,74.4194384025338,77.0
347.0,74.27145288923117,74.41894561849927,77.0
348.0,74.27145288923117,74.41846402144587,77.0
349.0,74.27145288923117,74.41799321279606,77.0
350.0,74.27145288923117,74.4175328111015,77.0
351.0,74.27145288923117,74.41708245118798,77.0
352.0,74.27145288923117,74.41664178334949,77.0
353.0,74.27145288923117,74.41621047258778,77.0
354.0,74.27145288923117,74.41578819789456,77.0
355.0,74.27145288923117,74.41537465157413,77.0
356.0,74.27145288923117,74.41496953860306,77.0
357.0,74.27145288923117,74.41457257602532,77.0
358.0,74.27145288923117,74.41418349238023,77.0
359.0,74.27145288923117,74.4138020271616,77.0
360.0,74.27145288923117,74.41342793030557,77.0
361.0,74.27145288923117,74.41306096170614,77.0
362.0,74.27145288923117,74.41270089075601,77.0
363.0,74.27145288923117,74.41234749591183,77.0
364.0,74.27145288923117,74.41200056428193,77.0
365.0,74.27145288923117,74.41165989123552,77.0
366.0,74.27145288923117,74.41132528003197,77.0
367.0,74.27145288923117,74.41099654146913,77.0
368.0,74.27145288923117,74.41067349354928,77.0
369.0,74.27145288923117,74.41035596116215,77.0
370.0,74.27145288923117,74.41004377578369,77.0
371.0,74.27145288923117,74.40973677518987,77.0
372.0,74.27145288923117,74.40943480318457,77.0
373.0,74.27145288923117,74.40913770934097,77.0
374.0,74.27145288923117,74.40884534875534,77.0
375.0,74.27145288923117,74.40855758181296,77.0
376.0,74.27145288923117,74.40827427396516,77.0
377.0,74.27145288923117,74.40799529551721,77.0
378.0,74.27145288923117,74.40772052142609,77.0
379.0,74.27145288923117,74.40744983110798,77.0
380.0,74.27145288923117,74.40718310825474,77.0
381.0,74.27145288923117,74.40692024065893,77.0
382.0,74.27145288923117,74.40666112004695,77.0
383.0,74.27145288923117,74.40640564192002,77.0
384.0,74.27145288923117,74.40615370540219,77.0
385.0,74.27145288923117,74.40590521309554,77.0
386.0,74.27145288923117,74.40566007094175,77.0
387.0,74.27145288923117,74.4054181880901,77.0
388.0,74.27145288923117,74.40517947677115,77.0
389.0,74.27145288923117,74.40494385217627,77.0
390.0,74.27145288923117,74.40471123234238,77.0
391.0,74.27145288923117,74.40448153804174,77.0
392.0,74.27145288923117,74.40425469267672,77.0
393.0,74.27145288923117,74.40403062217902,77.0
394.0,74.27145288923117,74.40380925491333,77.0
395.0,74.27145288923117,74.40359052158502,77.0
396.0,74.27145288923117,74.40337435515194,77.0
397.0,74.27145288923117,74.40316069074001,77.0
398.0,74.27145288923117,74.40294946556209,77.0
399.0,74.27145288923117,74.40274061884065,77.0
400.0,74.27145288923117,74.40253409173349,77.0
401.0,74.27145288923117,74.40232982726245,77.0
402.0,74.27145288923117,74.40212777024541,77.0
403.0,74.27145288923117,74.40192786723085,77.0
404.0,74.27145288923117,74.40173006643498,77.0
405.0,74.27145288923117,74.4015343176819,77.0
406.0,74.27145288923117,74.4013405723457,77.0
407.0,74.27145288923117,74.40114878329526,77.0
408.0,74.27145288923117,74.40095890484099,77.0
409.0,74.27145288923117,74.40077089268397,77.0
410.0,74.27145288923117,74.40058470386694,77.0
411.0,74.27145288923117,74.40040029672733,77.0
412.0,74.27145288923117,74.400217630852,77.0
413.0,74.27145288923117,74.40003666703407,77.0
414.0,74.27145288923117,74.39985736723106,77.0
415.0,74.27145288923117,74.39967969452489,77.0
416.0,74.27145288923117,74.39950361308343,77.0
417.0,74.27145288923117,74.39932908812341,77.0
418.0,74.27145288923117,74.39915608587494,77.0
419.0,74.27145288923117,74.39898457354711,77.0
420.0,74.27145288923117,74.39881451929526,77.0
421.0,74.27145288923117,74.39864589218911,77.0
422.0,74.27145288923117,74.39847866218244,77.0
423.0,74.27145288923117,74.39831280008366,77.0
424.0,74.27145288923117,74.39814827752753,77.0
425.0,74.27145288923117,74.39798506694808,77.0
426.0,74.27145288923117,74.39782314155235,77.0
427.0,74.27145288923117,74.39766247529519,77.0
428.0,74.27145288923117,74.39750304285499,77.0
429.0,74.27145288923117,74.39734481961018,77.0
430.0,74.27145288923117,74.39718778161684,77.0
431.0,74.27145288923117,74.39703190558683,77.0
432.0,74.27145288923117,74.39687716886691,77.0
433.0,74.27145288923117,74.39672354941854,77.0
434.0,74.27145288923117,74.39657102579835,77.0
435.0,74.27145288923117,74.39641957713947,77.0
436.0,74.27145288923117,74.3962691831333,77.0
437.0,74.27145288923117,74.39611982401213,77.0
438.0,74.27145288923117,74.39597148053227,77.0
439.0,74.27145288923117,74.39582413395769,77.0
440.0,74.27145288923117,74.39567776604446,77.0
441.0,74.27145288923117,74.39553235902557,77.0
442.0,74.27145288923117,74.3953878955962,77.0
443.0,74.27145288923117,74.39524435889976,77.0
444.0,74.27145288923117,74.3951017325141,77.0
445.0,74.27145288923117,74.39496000043843,77.0
446.0,74.27145288923117,74.39481914708065,77.0
447.0,74.27145288923117,74.39467915724491,77.0
448.0,74.27145288923117,74.39454001611988,77.0
449.0,74.27145288923117,74.39440170926721,77.0
450.0,74.27145288923117,74.39426422261049,77.0
451.0,74.27145288923117,74.39412754242447,77.0
452.0,74.27145288923117,74.39399165532477,77.0
453.0,74.27145288923117,74.3938565482578,77.0
454.0,74.27145288923117,74.39372220849117,77.0
455.0,74.27145288923117,74.39358862360422,77.0
456.0,74.27145288923117,74.39345578147902,77.0
457.0,74.27145288923117,74.39332367029166,77.0
458.0,74.27145288923117,74.39319227850363,77.0
459.0,74.27145288923117,74.3930615948538,77.0
460.0,74.27145288923117,74.39293160835035,77.0
461.0,74.27145288923117,74.39280230826313,77.0
462.0,74.27145288923117,74.39267368411625,77.0
463.0,74.27145288923117,74.39254572568083,77.0
464.0,74.27145288923117,74.3924184229682,77.0
465.0,74.27145288923117,74.3922917662229,77.0
466.0,74.27145288923117,74.39216574591634,77.0
467.0,74.27145288923117,74.39204035274041,77.0
468.0,74.27145288923117,74.39191557760137,77.0
469.0,74.27145288923117,74.39179141161388,77.0
470.0,74.27145288923117,74.39166784609533,77.0
471.0,74.27145288923117,74.3915448725602,77.0
472.0,74.27145288923117,74.39142248271467,77.0
473.0,74.27145288923117,74.39130066845142,77.0
474.0,74.27145288923117,74.39117942184454,77.0
475.0,74.27145288923117,74.39105873514458,77.0
476.0,74.27145288923117,74.39093860077392,77.0
477.0,74.27145288923117,74.390819011322,77.0
478.0,74.27145288923117,74.39069995954085,77.0
479.0,74.27145288923117,74.3905814383409,77.0
480.0,74.27145288923117,74.3904634407866,77.0
481.0,74.27145288923117,74.39034596009242,77.0
482.0,74.27145288923117,74.39022898961883,77.0
483.0,74.27145288923117,74.39011252286858,77.0
484.0,74.27145288923117,74.38999655348277,77.0
485.0,74.27145288923117,74.38988107523741,77.0
486.0,74.27145288923117,74.38976608203986,77.0
487.0,74.27145288923117,74.38965156792531,77.0
488.0,74.27145288923117,74.38953752705368,77.0
489.0,74.27145288923117,74.38942395370618,77.0
490.0,74.27145288923117,74.38931084228236,77.0
491.0,74.27145288923117,74.38919818729704,77.0
492.0,74.27145288923117,74.38908598337729,77.0
493.0,74.27145288923117,74.3889742252597,77.0
494.0,74.27145288923117,74.38886290778751,77.0
495.0,74.27145288923117,74.38875202590796,77.0
496.0,74.27145288923117,74.38864157466966,77.0
497.0,74.27145288923117,74.38853154922012,77.0
498.0,74.27145288923117,74.38842194480311,77.0
499.0,74.27145288923117,74.38831275675645,77.0
500.0,74.27145288923117,74.38820398050957,77.0
501.0,74.27145288923117,74.38809561158126,77.0
502.0,74.27145288923117,74.38798764557751,77.0
503.0,74.27145288923117,74.3878800781893,77.0
504.0,74.27145288923117,74.38777290519059,77.0
505.0,74.27145288923117,74.38766612243623,77.0
506.0,74.27145288923117,74.3875597258601,77.0
507.0,74.27145288923117,74.38745371147307,77.0
508.0,74.27145288923117,74.3873480753612,77.0
509.0,74.27145288923117,74.38724281368397,77.0
510.0,74.27145288923117,74.38713792267242,77.0
511.0,74.27145288923117,74.38703339862757,77.0
512.0,74.27145288923117,74.38692923791866,77.0
513.0,74.27145288923117,74.38682543698154,77.0
514.0,74.27145288923117,74.38672199231715,77.0
515.0,74.27145288923117,74.38661890048992,77.0
516.0,74.27145288923117,74.38651615812633,77.0
517.0,74.27145288923117,74.38641376191345,77.0
518.0,74.27145288923117,74.38631170859749,77.0
519.0,74.27145288923117,74.38620999498247,77.0
520.0,74.27145288923117,74.38610861792887,77.0
521.0,74.27145288923117,74.38600757435233,77.0
522.0,74.27145288923117,74.38590686122235,77.0
523.0,74.27145288923117,74.3858064755611,77.0
524.0,74.27145288923117,74.3857064144422,77.0
525.0,74.27145288923117,74.38560667498953,77.0
526.0,74.27145288923117,74.38550725437615,77.0
527.0,74.27145288923117,74.38540814982309,77.0
528.0,74.27145288923117,74.38530935859838,77.0
529.0,74.27145288923117,74.3852108780159,77.0
530.0,74.27145288923117,74.38511270543445,77.0
531.0,74.27145288923117,74.38501483825664,77.0
532.0,74.27145288923117,74.38491727392804,77.0
533.0,74.27145288923117,74.38482000993608,77.0
534.0,74.27145288923117,74.38472304380926,77.0
535.0,74.27145288923117,74.38462637311625,77.0
536.0,74.27145288923117,74.38452999546487,77.0
537.0,74.27145288923117,74.38443390850138,77.0
538.0,74.27145288923117,74.38433810990956,77.0
539.0,74.27145288923117,74.38424259740995,77.0
540.0,74.27145288923117,74.38414736875902,77.0
541.0,74.27145288923117,74.38405242174841,77.0
542.0,74.27145288923117,74.3839577542042,77.0
543.0,74.27145288923117,74.38386336398614,77.0
544.0,74.27145288923117,74.38376924898692,77.0
545.0,74.27145288923117,74.38367540713155,77.0
546.0,74.27145288923117,74.38358183637654,77.0
547.0,74.27145288923117,74.38348853470944,77.0
548.0,74.27145288923117,74.38339550014796,77.0
549.0,74.27145288923117,74.3833027307395,77.0
550.0,74.27145288923117,74.38321022456049,77.0
551.0,74.27145288923117,74.38311797971576,77.0
552.0,74.27145288923117,74.38302599433794,77.0
553.0,74.27145288923117,74.382934266587,77.0
554.0,74.27145288923117,74.38284279464952,77.0
555.0,74.27145288923117,74.3827515767383,77.0
556.0,74.27145288923117,74.38266061109172,77.0
557.0,74.27145288923117,74.3825698959733,77.0
558.0,74.27145288923117,74.3824794296711,77.0
559.0,74.27145288923117,74.38238921049728,77.0
560.0,74.27145288923117,74.38229923678767,77.0
561.0,74.27145288923117,74.38220950690119,77.0
562.0,74.27145288923117,74.38212001921944,77.0
563.0,74.27145288923117,74.38203077214625,77.0
564.0,74.27145288923117,74.38194176410727,77.0
565.0,74.27145288923117,74.38185299354947,77.0
566.0,74.27145288923117,74.38176445894078,77.0
567.0,74.27145288923117,74.38167615876965,77.0
568.0,74.27145288923117,74.38158809154466,77.0
569.0,74.27145288923117,74.38150025579412,77.0
570.0,74.27145288923117,74.38141265006574,77.0
571.0,74.27145288923117,74.38132527292615,77.0
572.0,74.27145288923117,74.38123812296064,77.0
573.0,74.27145288923117,74.38115119877277,77.0
574.0,74.27145288923117,74.38106449898399,77.0
575.0,74.27145288923117,74.38097802223334,77.0
576.0,74.27145288923117,74.38089176717708,77.0
577.0,74.27145288923117,74.3808057324884,77.0
578.0,74.27145288923117,74.3807199168571,77.0
579.0,74.27145288923117,74.3806343189893,77.0
580.0,74.27145288923117,74.38054893760702,77.0
581.0,74.27145288923117,74.38046377144806,77.0
582.0,74.27145288923117,74.38037881926559,77.0
583.0,74.27145288923117,74.38029407982785,77.0
584.0,74.27145288923117,74.38020955191799,77.0
585.0,74.27145288923117,74.38012523433368,77.0
586.0,74.27145288923117,74.38004112588696,77.0
587.0,74.27145288923117,74.3799572254038,77.0
588.0,74.27145288923117,74.3798735317241,77.0
589.0,74.27145288923117,74.37979004370118,77.0
590.0,74.27145288923117,74.37970676020174,77.0
591.0,74.27145288923117,74.37962368010554,77.0
592.0,74.27145288923117,74.37954080230513,77.0
593.0,74.27145288923117,74.37945812570571,77.0
594.0,74.27145288923117,74.37937564922478,77.0
595.0,74.27145288923117,74.37929337179216,77.0
596.0,74.27145288923117,74.37921129234947,77.0
597.0,74.27145288923117,74.37912940985017,77.0
598.0,74.27145288923117,74.37904772325919,77.0
599.0,74.27145288923117,74.37896623155288,77.0
600.0,74.27145288923117,74.3788849337187,77.0
601.0,74.27145288923117,74.37880382875503,77.0
602.0,74.27145288923117,74.37872291567109,77.0
603.0,74.27145288923117,74.37864219348668,77.0
604.0,74.27145288923117,74.37856166123193,77.0
605.0,74.27145288923117,74.37848131794729,77.0
606.0,74.27145288923117,74.37840116268325,77.0
607.0,74.27145288923117,74.37832119450016,77.0
608.0,74.27145288923117,74.37824141246813,77.0
609.0,74.27145288923117,74.37816181566683,77.0
610.0,74.27145288923117,74.37808240318535,77.0
611.0,74.27145288923117,74.37800317412203,77.0
612.0,74.27145288923117,74.37792412758431,77.0
613.0,74.27145288923117,74.37784526268858,77.0
614.0,74.27145288923117,74.37776657856006,77.0
615.0,74.27145288923117,74.37768807433262,77.0
616.0,74.27145288923117,74.37760974914872,77.0
617.0,74.27145288923117,74.37753160215908,77.0
618.0,74.27145288923117,74.37745363252283,77.0
619.0,74.27145288923117,74.37737583940714,77.0
620.0,74.27145288923117,74.37729822198722,77.0
621.0,74.27145288923117,74.3772207794461,77.0
622.0,74.27145288923117,74.37714351097463,77.0
623.0,74.27145288923117,74.37706641577127,77.0
624.0,74.27145288923117,74.37698949304198,77.0
625.0,74.27145288923117,74.37691274200009,77.0
626.0,74.27145288923117,74.37683616186624,77.0
627.0,74.27145288923117,74.3767597518683,77.0
628.0,74.27145288923117,74.3766835112411,77.0
629.0,74.27145288923117,74.37660743922648,77.0
630.0,74.27145288923117,74.3765315350731,77.0
631.0,74.27145288923117,74.3764557980364,77.0
632.0,74.27145288923117,74.37638022737849,77.0
633.0,74.27145288923117,74.37630482236793,77.0
634.0,74.27145288923117,74.3762295822798,77.0
635.0,74.27145288923117,74.37615450639552,77.0
636.0,74.27145288923117,74.37607959400279,77.0
637.0,74.27145288923117,74.37600484439544,77.0
638.0,74.27145288923117,74.3759302568734,77.0
639.0,74.27145288923117,74.3758558307426,77.0
640.0,74.27145288923117,74.37578156531484,77.0
641.0,74.27145288923117,74.37570745990782,77.0
642.0,74.27145288923117,74.37563351384483,77.0
643.0,74.27145288923117,74.37555972645498,77.0
644.0,74.27145288923117,74.37548609707287,77.0
645.0,74.27145288923117,74.37541262503855,77.0
646.0,74.27145288923117,74.37533930969762,77.0
647.0,74.27145288923117,74.37526615040088,77.0
648.0,74.27145288923117,74.37519314650449,77.0
649.0,74.27145288923117,74.37512029736978,77.0
650.0,74.27145288923117,74.3750476023632,77.0
651.0,74.27145288923117,74.37497506085624,77.0
652.0,74.27145288923117,74.37490267222543,77.0
653.0,74.27145288923117,74.37483043585215,77.0
654.0,74.27145288923117,74.37475835112267,77.0
655.0,74.27145288923117,74.37468641742801,77.0
656.0,74.27145288923117,74.37461463416396,77.0
657.0,74.27145288923117,74.37454300073094,77.0
658.0,74.27145288923117,74.37447151653394,77.0
659.0,74.27145288923117,74.37440018098255,77.0
660.0,74.27145288923117,74.37432899349076,77.0
661.0,74.27145288923117,74.37425795347707,77.0
662.0,74.27145288923117,74.37418706036422,77.0
663.0,74.27145288923117,74.37411631357936,77.0
664.0,74.27145288923117,74.37404571255385,77.0
665.0,74.27145288923117,74.37397525672321,77.0
666.0,74.27145288923117,74.37390494552717,77.0
667.0,74.27145288923117,74.37383477840946,77.0
668.0,74.27145288923117,74.37376475481793,77.0
669.0,74.27145288923117,74.37369487420433,77.0
670.0,74.27145288923117,74.37362513602443,77.0
671.0,74.27145288923117,74.37355553973782,77.0
672.0,74.27145288923117,74.37348608480795,77.0
673.0,74.27145288923117,74.3734167707021,77.0
674.0,74.27145288923117,74.3733475968912,77.0
675.0,74.27145288923117,74.37327856284995,77.0
676.0,74.27145288923117,74.37320966805669,77.0
677.0,74.27145288923117,74.37314091199336,77.0
678.0,74.27145288923117,74.37307229414546,77.0
679.0,74.27145288923117,74.37300381400203,77.0
680.0,74.27145288923117,74.37293547105557,77.0
681.0,74.27145288923117,74.37286726480203,77.0
682.0,74.27145288923117,74.37279919474075,77.0
683.0,74.27145288923117,74.37273126037442,77.0
684.0,74.27145288923117,74.3726634612091,77.0
685.0,74.27145288923117,74.37259579675403,77.0
686.0,74.27145288923117,74.37252826652178,77.0
687.0,74.27145288923117,74.3724608700281,77.0
688.0,74.27145288923117,74.3723936067919,77.0
689.0,74.27145288923117,74.37232647633523,77.0
690.0,74.27145288923117,74.37225947818321,77.0
691.0,74.27145288923117,74.37219261186405,77.0
692.0,74.27145288923117,74.372125876909,77.0
693.0,74.27145288923117,74.37205927285223,77.0
694.0,74.27145288923117,74.37199279923097,77.0
695.0,74.27145288923117,74.3719264555853,77.0
696.0,74.27145288923117,74.37186024145821,77.0
697.0,74.27145288923117,74.37179415639557,77.0
698.0,74.27145288923117,74.37172819994606,77.0
699.0,74.27145288923117,74.3716623716612,77.0
700.0,74.27145288923117,74.37159667109523,77.0
701.0,74.27145288923117,74.37153109780516,77.0
702.0,74.27145288923117,74.37146565135069,77.0
703.0,74.27145288923117,74.37140033129421,77.0
704.0,74.27145288923117,74.37133513720077,77.0
705.0,74.27145288923117,74.37127006863807,77.0
706.0,74.27145288923117,74.37120512517632,77.0
707.0,74.27145288923117,74.37114030638841,77.0
708.0,74.27145288923117,74.37107561184969,77.0
709.0,74.27145288923117,74.37101104113808,77.0
710.0,74.27145288923117,74.37094659383396,77.0
711.0,74.27145288923117,74.3708822695202,77.0
712.0,74.27145288923117,74.37081806778208,77.0
713.0,74.27145288923117,74.37075398820733,77.0
714.0,74.27145288923117,74.37069003038602,77.0
715.0,74.27145288923117,74.37062619391065,77.0
716.0,74.27145288923117,74.37056247837603,77.0
717.0,74.27145288923117,74.3704988833793,77.0
718.0,74.27145288923117,74.3704354085199,77.0
719.0,74.27145288923117,74.3703720533995,77.0
720.0,74.27145288923117,74.37030881762209,77.0
721.0,74.27145288923117,74.37024570079384,77.0
722.0,74.27145288923117,74.3701827025232,77.0
723.0,74.27145288923117,74.37011982242068,77.0
724.0,74.27145288923117,74.37005706009907,77.0
725.0,74.27145288923117,74.36999441517328,77.0
726.0,74.27145288923117,74.36993188726031,77.0
727.0,74.27145288923117,74.36986947597929,77.0
728.0,74.27145288923117,74.36980718095143,77.0
729.0,74.27145288923117,74.36974500180001,77.0
730.0,74.27145288923117,74.36968293815035,77.0
731.0,74.27145288923117,74.3696209896298,77.0
732.0,74.27145288923117,74.36955915586773,77.0
733.0,74.27145288923117,74.36949743649546,77.0
734.0,74.27145288923117,74.36943583114633,77.0
735.0,74.27145288923117,74.36937433945562,77.0
736.0,74.27145288923117,74.3693129610605,77.0
737.0,74.27145288923117,74.36925169560011,77.0
738.0,74.27145288923117,74.3691905427155,77.0
739.0,74.27145288923117,74.36912950204957,77.0
740.0,74.27145288923117,74.36906857324706,77.0
741.0,74.27145288923117,74.36900775595466,77.0
742.0,74.27145288923117,74.36894704982078,77.0
743.0,74.27145288923117,74.36888645449571,77.0
744.0,74.27145288923117,74.36882596963156,77.0
745.0,74.27145288923117,74.36876559488212,77.0
746.0,74.27145288923117,74.36870532990312,77.0
747.0,74.27145288923117,74.36864517435193,77.0
748.0,74.27145288923117,74.36858512788763,77.0
749.0,74.27145288923117,74.36852519017111,77.0
750.0,74.27145288923117,74.36846536086497,77.0
751.0,74.27145288923117,74.36840563963344,77.0
752.0,74.27145288923117,74.36834602614246,77.0
753.0,74.27145288923117,74.36828652005968,77.0
754.0,74.27145288923117,74.36822712105437,77.0
755.0,74.27145288923117,74.3681678287974,77.0
756.0,74.27145288923117,74.36810864296132,77.0
757.0,74.27145288923117,74.3680495632203,77.0
758.0,74.27145288923117,74.36799058925006,77.0
759.0,74.27145288923117,74.36793172072795,77.0
760.0,74.27145288923117,74.36787295733288,77.0
761.0,74.27145288923117,74.36781429874533,77.0
762.0,74.27145288923117,74.3677557446473,77.0
763.0,74.27145288923117,74.36769729472233,77.0
764.0,74.27145288923117,74.36763894865557,77.0
765.0,74.27145288923117,74.36758070613352,77.0
766.0,74.27145288923117,74.36752256684431,77.0
767.0,74.27145288923117,74.36746453047753,77.0
768.0,74.27145288923117,74.36740659672424,77.0
769.0,74.27145288923117,74.36734876527693,77.0
770.0,74.27145288923117,74.36729103582955,77.0
771.0,74.27145288923117,74.36723340807757,77.0
772.0,74.27145288923117,74.3671758817178,77.0
773.0,74.27145288923117,74.36711845644854,77.0
774.0,74.27145288923117,74.36706113196941,77.0
775.0,74.27145288923117,74.36700390798151,77.0
776.0,74.27145288923117,74.3669467841873,77.0
777.0,74.27145288923117,74.36688976029062,77.0
778.0,74.27145288923117,74.36683283599665,77.0
779.0,74.27145288923117,74.36677601101196,77.0
780.0,74.27145288923117,74.36671928504447,77.0
781.0,74.27145288923117,74.3666626578034,77.0
782.0,74.27145288923117,74.36660612899934,77.0
783.0,74.27145288923117,74.36654969834416,77.0
784.0,74.27145288923117,74.36649336555105,77.0
785.0,74.27145288923117,74.3664371303345,77.0
786.0,74.27145288923117,74.36638099241028,77.0
787.0,74.27145288923117,74.36632495149547,77.0
788.0,74.27145288923117,74.36626900730839,77.0
789.0,74.27145288923117,74.36621315956862,77.0
790.0,74.27145288923117,74.36615740799698,77.0
791.0,74.27145288923117,74.36610175231557,77.0
792.0,74.27145288923117,74.3660461922477,77.0
793.0,74.27145288923117,74.3659907275179,77.0
794.0,74.27145288923117,74.36593535785191,77.0
795.0,74.27145288923117,74.36588008297674,77.0
796.0,74.27145288923117,74.36582490262052,77.0
797.0,74.27145288923117,74.3657698165126,77.0
798.0,74.27145288923117,74.3657148243835,77.0
799.0,74.27145288923117,74.36565992596498,77.0
800.0,74.27145288923117,74.36560512098984,77.0
801.0,74.27145288923117,74.36555040919218,77.0
802.0,74.27145288923117,74.36549579030716,77.0
803.0,74.27145288923117,74.36544126407111,77.0
804.0,74.27145288923117,74.36538683022148,77.0
805.0,74.27145288923117,74.36533248849688,77.0
806.0,74.27145288923117,74.36527823863699,77.0
807.0,74.27145288923117,74.36522408038265,77.0
808.0,74.27145288923117,74.36517001347578,77.0
809.0,74.27145288923117,74.36511603765942,77.0
810.0,74.27145288923117,74.36506215267764,77.0
811.0,74.27145288923117,74.36500835827567,77.0
812.0,74.27145288923117,74.36495465419979,77.0
813.0,74.27145288923117,74.36490104019731,77.0
814.0,74.27145288923117,74.36484751601665,77.0
815.0,74.27145288923117,74.36479408140727,77.0
816.0,74.27145288923117,74.36474073611967,77.0
817.0,74.27145288923117,74.36468747990538,77.0
818.0,74.27145288923117,74.36463431251701,77.0
819.0,74.27145288923117,74.36458123370817,77.0
820.0,74.27145288923117,74.36452824323344,77.0
821.0,74.27145288923117,74.36447534084854,77.0
822.0,74.27145288923117,74.36442252631007,77.0
823.0,74.27145288923117,74.3643697993757,77.0
824.0,74.27145288923117,74.36431715980407,77.0
825.0,74.27145288923117,74.36426460735484,77.0
826.0,74.27145288923117,74.36421214178863,77.0
827.0,74.27145288923117,74.36415976286703,77.0
828.0,74.27145288923117,74.36410747035264,77.0
829.0,74.27145288923117,74.36405526400895,77.0
830.0,74.27145288923117,74.36400314360048,77.0
831.0,74.27145288923117,74.3639511088927,77.0
832.0,74.27145288923117,74.36389915965201,77.0
833.0,74.27145288923117,74.36384729564571,77.0
834.0,74.27145288923117,74.36379551664213,77.0
835.0,74.27145288923117,74.3637438224104,77.0
836.0,74.27145288923117,74.3636922127207,77.0
837.0,74.27145288923117,74.36364068734409,77.0
838.0,74.27145288923117,74.36358924605251,77.0
839.0,74.27145288923117,74.36353788861881,77.0
840.0,74.27145288923117,74.3634866148168,77.0
841.0,74.27145288923117,74.36343542442113,77.0
842.0,74.27145288923117,74.36338431720739,77.0
843.0,74.27145288923117,74.36333329295199,77.0
844.0,74.27145288923117,74.36328235143228,77.0
845.0,74.27145288923117,74.36323149242648,77.0
846.0,74.27145288923117,74.36318071571364,77.0
847.0,74.27145288923117,74.36313002107372,77.0
848.0,74.27145288923117,74.36307940828752,77.0
849.0,74.27145288923117,74.3630288771367,77.0
850.0,74.27145288923117,74.36297842740376,77.0
851.0,74.27145288923117,74.36292805887209,77.0
852.0,74.27145288923117,74.36287777132586,77.0
853.0,74.27145288923117,74.36282756455014,77.0
854.0,74.27145288923117,74.36277743833075,77.0
855.0,74.27145288923117,74.36272739245442,77.0
856.0,74.27145288923117,74.36267742670866,77.0
857.0,74.27145288923117,74.36262754088179,77.0
858.0,74.27145288923117,74.36257773476297,77.0
859.0,74.27145288923117,74.36252800814215,77.0
860.0,74.27145288923117,74.36247836081012,77.0
861.0,74.27145288923117,74.36242879255838,77.0
862.0,74.27145288923117,74.36237930317931,77.0
863.0,74.27145288923117,74.36232989246608,77.0
864.0,74.27145288923117,74.3622805602126,77.0
865.0,74.27145288923117,74.36223130621357,77.0
866.0,74.27145288923117,74.3621821302645,77.0
867.0,74.27145288923117,74.36213303216164,77.0
868.0,74.27145288923117,74.36208401170202,77.0
869.0,74.27145288923117,74.36203506868347,77.0
870.0,74.27145288923117,74.3619862029045,77.0
871.0,74.27145288923117,74.36193741416446,77.0
872.0,74.27145288923117,74.36188870226337,77.0
873.0,74.27145288923117,74.36184006700212,77.0
874.0,74.27145288923117,74.3617915081822,77.0
875.0,74.27145288923117,74.36174302560592,77.0
876.0,74.27145288923117,74.36169461907632,77.0
877.0,74.27145288923117,74.3616462883972,77.0
878.0,74.27145288923117,74.36159803337303,77.0
879.0,74.27145288923117,74.36154985380901,77.0
880.0,74.27145288923117,74.3615017495111,77.0
881.0,74.27145288923117,74.36145372028595,77.0
882.0,74.27145288923117,74.36140576594096,77.0
883.0,74.27145288923117,74.36135788628418,77.0
884.0,74.27145288923117,74.36131008112439,77.0
885.0,74.27145288923117,74.36126235027109,77.0
886.0,74.27145288923117,74.36121469353449,77.0
887.0,74.27145288923117,74.3611671107254,77.0
888.0,74.27145288923117,74.36111960165547,77.0
889.0,74.27145288923117,74.36107216613694,77.0
890.0,74.27145288923117,74.3610248039827,77.0
891.0,74.27145288923117,74.36097751500644,77.0
892.0,74.27145288923117,74.3609302990224,77.0
893.0,74.27145288923117,74.36088315584558,77.0
894.0,74.27145288923117,74.36083608529165,77.0
895.0,74.27145288923117,74.36078908717688,77.0
896.0,74.27145288923117,74.36074216131826,77.0
897.0,74.27145288923117,74.3606953075334,77.0
898.0,74.27145288923117,74.36064852564061,77.0
899.0,74.27145288923117,74.36060181545882,77.0
900.0,74.27145288923117,74.36055517680764,77.0
901.0,74.27145288923117,74.36050860950729,77.0
902.0,74.27145288923117,74.36046211337863,77.0
903.0,74.27145288923117,74.3604156882432,77.0
904.0,74.27145288923117,74.36036933392316,77.0
905.0,74.27145288923117,74.36032305024132,77.0
906.0,74.27145288923117,74.36027683702108,77.0
907.0,74.27145288923117,74.36023069408644,77.0
908.0,74.27145288923117,74.36018462126216,77.0
909.0,74.27145288923117,74.36013861837347,77.0
910.0,74.27145288923117,74.36009268524631,77.0
911.0,74.27145288923117,74.3600468217072,77.0
912.0,74.27145288923117,74.36000102758325,77.0
913.0,74.27145288923117,74.35995530270228,77.0
914.0,74.27145288923117,74.35990964689253,77.0
915.0,74.27145288923117,74.35986405998307,77.0
916.0,74.27145288923117,74.35981854180339,77.0
917.0,74.27145288923117,74.35977309218366,77.0
918.0,74.27145288923117,74.35972771095462,77.0
919.0,74.27145288923117,74.35968239794762,77.0
920.0,74.27145288923117,74.35963715299458,77.0
921.0,74.27145288923117,74.359591975928,77.0
922.0,74.27145288923117,74.35954686658101,77.0
923.0,74.27145288923117,74.35950182478726,77.0
924.0,74.27145288923117,74.359456850381,77.0
925.0,74.27145288923117,74.35941194319705,77.0
926.0,74.27145288923117,74.35936710307082,77.0
927.0,74.27145288923117,74.3593223298383,77.0
928.0,74.27145288923117,74.359277623336,77.0
929.0,74.27145288923117,74.35923298340103,77.0
930.0,74.27145288923117,74.35918840987101,77.0
931.0,74.27145288923117,74.35914390258422,77.0
932.0,74.27145288923117,74.35909946137937,77.0
933.0,74.27145288923117,74.35905508609585,77.0
934.0,74.27145288923117,74.35901077657347,77.0
935.0,74.27145288923117,74.3589665326527,77.0
936.0,74.27145288923117,74.3589223541745,77.0
937.0,74.27145288923117,74.35887824098037,77.0
938.0,74.27145288923117,74.35883419291237,77.0
939.0,74.27145288923117,74.35879020981311,77.0
940.0,74.27145288923117,74.35874629152568,77.0
941.0,74.27145288923117,74.35870243789374,77.0
942.0,74.27145288923117,74.35865864876152,77.0
943.0,74.27145288923117,74.3586149239737,77.0
944.0,74.27145288923117,74.35857126337555,77.0
945.0,74.27145288923117,74.35852766681279,77.0
946.0,74.27145288923117,74.35848413413173,77.0
947.0,74.27145288923117,74.3584406651792,77.0
948.0,74.27145288923117,74.35839725980249,77.0
949.0,74.27145288923117,74.35835391784943,77.0
950.0,74.27145288923117,74.35831063916838,77.0
951.0,74.27145288923117,74.35826742360817,77.0
952.0,74.27145288923117,74.3582242710182,77.0
953.0,74.27145288923117,74.35818118124828,77.0
954.0,74.27145288923117,74.35813815414885,77.0
955.0,74.27145288923117,74.3580951895707,77.0
956.0,74.27145288923117,74.35805228736523,77.0
957.0,74.27145288923117,74.3580094473843,77.0
958.0,74.27145288923117,74.35796666948025,77.0
959.0,74.27145288923117,74.3579239535059,77.0
960.0,74.27145288923117,74.35788129931463,77.0
961.0,74.27145288923117,74.35783870676023,77.0
962.0,74.27145288923117,74.35779617569699,77.0
963.0,74.27145288923117,74.35775370597972,77.0
964.0,74.27145288923117,74.35771129746365,77.0
965.0,74.27145288923117,74.35766895000455,77.0
966.0,74.27145288923117,74.35762666345863,77.0
967.0,74.27145288923117,74.35758443768256,77.0
968.0,74.27145288923117,74.35754227253354,77.0
969.0,74.27145288923117,74.35750016786915,77.0
970.0,74.27145288923117,74.35745812354754,77.0
971.0,74.27145288923117,74.35741613942723,77.0
972.0,74.27145288923117,74.35737421536727,77.0
973.0,74.27145288923117,74.35733235122716,77.0
974.0,74.27145288923117,74.35729054686679,77.0
975.0,74.27145288923117,74.35724880214664,77.0
976.0,74.27145288923117,74.35720711692753,77.0
977.0,74.27145288923117,74.35716549107075,77.0
978.0,74.27145288923117,74.35712392443808,77.0
979.0,74.27145288923117,74.35708241689179,77.0
980.0,74.27145288923117,74.35704096829446,77.0
981.0,74.27145288923117,74.35699957850923,77.0
982.0,74.27145288923117,74.35695824739965,77.0
983.0,74.27145288923117,74.35691697482969,77.0
984.0,74.27145288923117,74.3568757606638,77.0
985.0,74.27145288923117,74.35683460476685,77.0
986.0,74.27145288923117,74.35679350700414,77.0
987.0,74.27145288923117,74.3567524672414,77.0
988.0,74.27145288923117,74.3567114853448,77.0
989.0,74.27145288923117,74.35667056118095,77.0
990.0,74.27145288923117,74.35662969461688,77.0
991.0,74.27145288923117,74.35658888552004,77.0
992.0,74.27145288923117,74.35654813375831,77.0
993.0,74.27145288923117,74.35650743919999,77.0
994.0,74.27145288923117,74.35646680171378,77.0
995.0,74.27145288923117,74.35642622116889,77.0
996.0,74.27145288923117,74.35638569743483,77.0
997.0,74.27145288923117,74.35634523038156,77.0
998.0,74.27145288923117,74.35630481987954,77.0
999.0,74.27145288923117,74.35626446579953,77.0
1000.0,74.27145288923117,74.35622416801274,77.0
1001.0,74.27145288923117,74.3561839263908,77.0
1002.0,74.27145288923117,74.35614374080573,77.0
1003.0,74.27145288923117,74.35610361113001,77.0
1004.0,74.27145288923117,74.35606353723645,77.0
1005.0,74.27145288923117,74.35602351899827,77.0
1006.0,74.27145288923117,74.35598355628915,77.0
1007.0,74.27145288923117,74.35594364898311,77.0
1008.0,74.27145288923117,74.35590379695459,77.0
1009.0,74.27145288923117,74.35586400007845,77.0
1010.0,74.27145288923117,74.35582425822989,77.0
1011.0,74.27145288923117,74.35578457128453,77.0
1012.0,74.27145288923117,74.35574493911838,77.0
1013.0,74.27145288923117,74.35570536160786,77.0
1014.0,74.27145288923117,74.35566583862973,77.0
1015.0,74.27145288923117,74.35562637006122,77.0
1016.0,74.27145288923117,74.35558695577981,77.0
1017.0,74.27145288923117,74.35554759566348,77.0
1018.0,74.27145288923117,74.35550828959056,77.0
1019.0,74.27145288923117,74.3554690374397,77.0
1020.0,74.27145288923117,74.35542983909008,77.0
1021.0,74.27145288923117,74.35539069442105,77.0
1022.0,74.27145288923117,74.35535160331247,77.0
1023.0,74.27145288923117,74.35531256564455,77.0
1024.0,74.27145288923117,74.35527358129788,77.0
1025.0,74.27145288923117,74.35523465015339,77.0
1026.0,74.27145288923117,74.3551957720924,77.0
1027.0,74.27145288923117,74.35515694699657,77.0
1028.0,74.27145288923117,74.35511817474799,77.0
1029.0,74.27145288923117,74.35507945522902,77.0
1030.0,74.27145288923117,74.35504078832247,77.0
1031.0,74.27145288923117,74.35500217391146,77.0
1032.0,74.27145288923117,74.35496361187947,77.0
1033.0,74.27145288923117,74.3549251021104,77.0
1034.0,74.27145288923117,74.35488664448842,77.0
1035.0,74.27145288923117,74.35484823889813,77.0
1036.0,74.27145288923117,74.3548098852244,77.0
1037.0,74.27145288923117,74.35477158335254,77.0
1038.0,74.27145288923117,74.35473333316818,77.0
1039.0,74.27145288923117,74.35469513455728,77.0
1040.0,74.27145288923117,74.35465698740617,77.0
1041.0,74.27145288923117,74.3546188916015,77.0
1042.0,74.27145288923117,74.35458084703032,77.0
1043.0,74.27145288923117,74.35454285357997,77.0
1044.0,74.27145288923117,74.35450491113815,77.0
1045.0,74.27145288923117,74.35446701959293,77.0
1046.0,74.27145288923117,74.35442917883267,77.0
1047.0,74.27145288923117,74.35439138874611,77.0
1048.0,74.27145288923117,74.35435364922229,77.0
1049.0,74.27145288923117,74.35431596015063,77.0
1050.0,74.27145288923117,74.35427832142086,77.0
1051.0,74.27145288923117,74.35424073292305,77.0
1052.0,74.27145288923117,74.35420319454758,77.0
1053.0,74.27145288923117,74.3541657061852,77.0
1054.0,74.27145288923117,74.35412826772699,77.0
1055.0,74.27145288923117,74.3540908790643,77.0
1056.0,74.27145288923117,74.35405354008887,77.0
1057.0,74.27145288923117,74.35401625069271,77.0
1058.0,74.27145288923117,74.35397901076821,77.0
1059.0,74.27145288923117,74.35394182020808,77.0
1060.0,74.27145288923117,74.35390467890531,77.0
1061.0,74.27145288923117,74.35386758675324,77.0
1062.0,74.27145288923117,74.3538305436455,77.0
1063.0,74.27145288923117,74.35379354947608,77.0
1064.0,74.27145288923117,74.35375660413928,77.0
1065.0,74.27145288923117,74.35371970752968,77.0
1066.0,74.27145288923117,74.35368285954219,77.0
1067.0,74.27145288923117,74.3536460600721,77.0
1068.0,74.27145288923117,74.35360930901489,77.0
1069.0,74.27145288923117,74.35357260626643,77.0
1070.0,74.27145288923117,74.35353595172289,77.0
1071.0,74.27145288923117,74.35349934528077,77.0
1072.0,74.27145288923117,74.35346278683683,77.0
1073.0,74.27145288923117,74.35342627628815,77.0
1074.0,74.27145288923117,74.35338981353212,77.0
1075.0,74.27145288923117,74.35335339846644,77.0
1076.0,74.27145288923117,74.35331703098913,77.0
1077.0,74.27145288923117,74.35328071099848,77.0
1078.0,74.27145288923117,74.35324443839306,77.0
1079.0,74.27145288923117,74.35320821307182,77.0
1080.0,74.27145288923117,74.35317203493392,77.0
1081.0,74.27145288923117,74.35313590387887,77.0
1082.0,74.27145288923117,74.35309981980647,77.0
1083.0,74.27145288923117,74.3530637826168,77.0
1084.0,74.27145288923117,74.35302779221021,77.0
1085.0,74.27145288923117,74.35299184848743,77.0
1086.0,74.27145288923117,74.35295595134939,77.0
1087.0,74.27145288923117,74.35292010069735,77.0
1088.0,74.27145288923117,74.35288429643283,77.0
1089.0,74.27145288923117,74.3528485384577,77.0
1090.0,74.27145288923117,74.35281282667405,77.0
1091.0,74.27145288923117,74.35277716098432,77.0
1092.0,74.27145288923117,74.35274154129115,77.0
1093.0,74.27145288923117,74.35270596749754,77.0
1094.0,74.27145288923117,74.35267043950677,77.0
1095.0,74.27145288923117,74.35263495722232,77.0
1096.0,74.27145288923117,74.35259952054807,77.0
1097.0,74.27145288923117,74.35256412938807,77.0
1098.0,74.27145288923117,74.3525287836467,77.0
1099.0,74.27145288923117,74.35249348322864,77.0
1100.0,74.27145288923117,74.35245822803881,77.0
1101.0,74.27145288923117,74.35242301798243,77.0
1102.0,74.27145288923117,74.35238785296494,77.0
1103.0,74.27145288923117,74.35235273289214,77.0
1104.0,74.27145288923117,74.35231765767001,77.0
1105.0,74.27145288923117,74.35228262720489,77.0
1106.0,74.27145288923117,74.35224764140332,77.0
1107.0,74.27145288923117,74.35221270017215,77.0
1108.0,74.27145288923117,74.35217780341846,77.0
1109.0,74.27145288923117,74.35214295104964,77.0
1110.0,74.27145288923117,74.35210814297335,77.0
1111.0,74.27145288923117,74.35207337909749,77.0
1112.0,74.27145288923117,74.35203865933018,77.0
1113.0,74.27145288923117,74.3520039835799,77.0
1114.0,74.27145288923117,74.35196935175534,77.0
1115.0,74.27145288923117,74.35193476376543,77.0
1116.0,74.27145288923117,74.35190021951941,77.0
1117.0,74.27145288923117,74.35186571892673,77.0
1118.0,74.27145288923117,74.35183126189716,77.0
1119.0,74.27145288923117,74.35179684834068,77.0
1120.0,74.27145288923117,74.3517624781675,77.0
1121.0,74.27145288923117,74.3517281512882,77.0
1122.0,74.27145288923117,74.35169386761348,77.0
1123.0,74.27145288923117,74.35165962705435,77.0
1124.0,74.27145288923117,74.3516254295221,77.0
1125.0,74.27145288923117,74.35159127492827,77.0
1126.0,74.27145288923117,74.3515571631846,77.0
1127.0,74.27145288923117,74.35152309420309,77.0
1128.0,74.27145288923117,74.35148906789605,77.0
1129.0,74.27145288923117,74.35145508417597,77.0
1130.0,74.27145288923117,74.35142114295564,77.0
1131.0,74.27145288923117,74.35138724414806,77.0
1132.0,74.27145288923117,74.35135338766648,77.0
1133.0,74.27145288923117,74.35131957342438,77.0
1134.0,74.27145288923117,74.35128580133554,77.0
1135.0,74.27145288923117,74.35125207131394,77.0
1136.0,74.27145288923117,74.35121838327382,77.0
1137.0,74.27145288923117,74.35118473712963,77.0
1138.0,74.27145288923117,74.35115113279612,77.0
1139.0,74.27145288923117,74.3511175701882,77.0
1140.0,74.27145288923117,74.35108404922107,77.0
1141.0,74.27145288923117,74.35105056981018,77.0
1142.0,74.27145288923117,74.35101713187119,77.0
1143.0,74.27145288923117,74.35098373532,77.0
1144.0,74.27145288923117,74.35095038007273,77.0
1145.0,74.27145288923117,74.35091706604575,77.0
1146.0,74.27145288923117,74.3508837931557,77.0
1147.0,74.27145288923117,74.3508505613194,77.0
1148.0,74.27145288923117,74.35081737045392,77.0
1149.0,74.27145288923117,74.35078422047656,77.0
1150.0,74.27145288923117,74.35075111130485,77.0
1151.0,74.27145288923117,74.35071804285654,77.0
1152.0,74.27145288923117,74.35068501504965,77.0
1153.0,74.27145288923117,74.35065202780235,77.0
1154.0,74.27145288923117,74.35061908103314,77.0
1155.0,74.27145288923117,74.35058617466065,77.0
1156.0,74.27145288923117,74.35055330860379,77.0
1157.0,74.27145288923117,74.35052048278169,77.0
1158.0,74.27145288923117,74.35048769711368,77.0
1159.0,74.27145288923117,74.35045495151932,77.0
1160.0,74.27145288923117,74.35042224591844,77.0
1161.0,74.27145288923117,74.350389580231,77.0
1162.0,74.27145288923117,74.35035695437725,77.0
1163.0,74.27145288923117,74.35032436827767,77.0
1164.0,74.27145288923117,74.35029182185289,77.0
1165.0,74.27145288923117,74.35025931502382,77.0
1166.0,74.27145288923117,74.35022684771158,77.0
1167.0,74.27145288923117,74.35019441983745,77.0
1168.0,74.27145288923117,74.35016203132302,77.0
1169.0,74.27145288923117,74.35012968209001,77.0
1170.0,74.27145288923117,74.3500973720604,77.0
1171.0,74.27145288923117,74.35006510115639,77.0
1172.0,74.27145288923117,74.35003286930035,77.0
1173.0,74.27145288923117,74.35000067641491,77.0
1174.0,74.27145288923117,74.34996852242287,77.0
1175.0,74.27145288923117,74.34993640724727,77.0
1176.0,74.27145288923117,74.34990433081137,77.0
1177.0,74.27145288923117,74.34987229303859,77.0
1178.0,74.27145288923117,74.3498402938526,77.0
1179.0,74.27145288923117,74.34980833317726,77.0
1180.0,74.27145288923117,74.34977641093667,77.0
1181.0,74.27145288923117,74.3497445270551,77.0
1182.0,74.27145288923117,74.34971268145699,77.0
1183.0,74.27145288923117,74.3496808740671,77.0
1184.0,74.27145288923117,74.34964910481031,77.0
1185.0,74.27145288923117,74.3496173736117,77.0
1186.0,74.27145288923117,74.34958568039656,77.0
1187.0,74.27145288923117,74.34955402509044,77.0
1188.0,74.27145288923117,74.34952240761899,77.0
1189.0,74.27145288923117,74.34949082790817,77.0
1190.0,74.27145288923117,74.34945928588407,77.0
1191.0,74.27145288923117,74.34942778147297,77.0
1192.0,74.27145288923117,74.3493963146014,77.0
1193.0,74.27145288923117,74.34936488519607,77.0
1194.0,74.27145288923117,74.34933349318385,77.0
1195.0,74.27145288923117,74.34930213849186,77.0
1196.0,74.27145288923117,74.34927082104738,77.0
1197.0,74.27145288923117,74.34923954077792,77.0
1198.0,74.27145288923117,74.34920829761116,77.0
1199.0,74.27145288923117,74.34917709147496,77.0
1200.0,74.27145288923117,74.34914592229737,77.0
