"tick","donation-normed-small","donation-small","donation-valued-small"
1.0,92.5,93.2537783614444,95.0
2.0,92.5,93.22168783648704,95.0
3.0,92.5,93.19337524528154,95.0
4.0,92.5,93.16815310478106,95.0
5.0,92.5,93.1454972243679,95.0
6.0,92.5,93.125,95.0
7.0,92.5,93.10633906259083,95.0
8.0,92.5,93.08925565098879,95.0
9.0,92.5,93.07353933467641,95.0
10.0,92.5,93.05901699437496,95.0
11.0,92.5,93.04554472558999,95.0
12.0,92.5,93.03300179088902,95.0
13.0,92.5,93.02128603514268,95.0
14.0,92.5,93.01031036307982,95.0
15.0,92.5,93.0,95.0
16.0,92.5,92.99029033784545,95.0
17.0,92.5,92.9811252243247,95.0
18.0,92.5,92.97245559126152,94.99999999999999
19.0,92.5,92.96423834544262,94.99999999999999
20.0,92.5,92.95643546458764,95.0
21.0,92.5,92.94901325506693,95.0
22.0,92.5,92.94194173824158,95.0
23.0,92.5,92.93519413988925,95.00000000000001
24.0,92.5,92.92874646285627,94.99999999999999
25.0,92.5,92.92257712736426,95.0
26.0,92.5,92.91666666666667,95.0
27.0,92.5,92.91099746826339,95.0
28.0,92.5,92.9055535528269,95.0
29.0,92.5,92.90032038451271,95.0
30.0,92.5,92.89528470752106,95.0
31.0,92.5,92.89043440472152,95.0
32.0,92.5,92.88575837490524,95.0
33.0,92.5,92.8812464258315,95.0
34.0,92.5,92.8768891807222,94.99999999999999
35.0,92.5,92.87267799624996,95.00000000000001
36.0,92.5,92.86860489038725,94.99999999999999
37.0,92.5,92.86466247874473,95.0
38.0,92.5,92.86084391824352,95.0
39.0,92.5,92.85714285714286,95.0
40.0,92.5,92.85355339059328,95.0
41.0,92.5,92.850070021007,95.0
42.0,92.5,92.84668762264077,95.0
43.0,92.5,92.84340140987172,95.0
44.0,92.5,92.84020690871989,95.00000000000001
45.0,92.5,92.83709993123162,95.0
46.0,92.5,92.83407655239053,94.99999999999999
47.0,92.5,92.83113308926627,95.00000000000001
48.0,92.5,92.82826608214931,95.0
49.0,92.5,92.82547227745205,95.0
50.0,92.5,92.82274861218394,95.0
51.0,92.5,92.82009219983223,95.0
52.0,92.5,92.81750031750047,95.0
53.0,92.5,92.81497039417435,94.99999999999999
54.0,92.5,92.8125,95.0
55.0,92.5,92.81008683647302,95.0
56.0,92.5,92.80772872744832,95.0
57.0,92.5,92.80542361089076,95.0
58.0,92.5,92.80316953129541,95.0
59.0,92.5,92.80096463271443,95.00000000000001
60.0,92.5,92.7988071523336,95.0
61.0,92.5,92.79669541454845,95.0
62.0,92.5,92.79462782549439,95.0
63.0,92.5,92.79260286799033,95.00000000000001
64.0,92.5,92.79061909685954,94.99999999999999
65.0,92.5,92.78867513459483,95.0
66.0,92.5,92.7867696673382,95.0
67.0,92.5,92.78490144114909,94.99999999999999
68.0,92.5,92.78306925853614,95.00000000000001
69.0,92.5,92.7812719752315,95.00000000000001
70.0,92.5,92.77950849718748,95.0
71.0,92.5,92.77777777777777,95.00000000000001
72.0,92.5,92.77607881518712,95.0
73.0,92.5,92.77441064997423,95.0
74.0,92.5,92.77277236279498,95.0
75.0,92.5,92.77116307227332,94.99999999999999
76.0,92.5,92.7695819330086,94.99999999999999
77.0,92.5,92.76802813370945,95.0
78.0,92.5,92.76650089544451,95.0
79.0,92.5,92.76499947000158,94.99999999999999
80.0,92.5,92.76352313834735,95.0
81.0,92.5,92.76207120918049,95.0
82.0,92.5,92.76064301757134,95.0
83.0,92.5,92.7592379236826,95.0
84.0,92.5,92.7578553115647,95.00000000000001
85.0,92.5,92.75649458802128,95.0
86.0,92.5,92.75515518153992,94.99999999999999
87.0,92.5,92.7538365412834,95.00000000000001
88.0,92.5,92.75253813613806,95.0
89.0,92.5,92.7512594538148,95.0
90.0,92.5,92.75,95.0
91.0,92.5,92.7487592975525,95.0
92.0,92.5,92.74753688574417,95.0
93.0,92.5,92.74633231954107,94.99999999999999
94.0,92.5,92.74514516892272,94.99999999999999
95.0,92.5,92.74397501823712,95.0
96.0,92.5,92.74282146558932,95.00000000000001
97.0,92.5,92.74168412226142,95.0
98.0,92.5,92.74056261216235,95.0
99.0,92.5,92.7394565713053,95.00000000000001
100.0,92.5,92.7383656473114,95.0
101.0,92.5,92.73728949893813,95.0
102.0,92.5,92.73622779563077,95.0
103.0,92.5,92.73518021709589,95.0
104.0,92.5,92.73414645289542,95.00000000000001
105.0,92.5,92.73312620206008,95.0
106.0,92.5,92.73211917272131,95.00000000000001
107.0,92.5,92.73112508176052,95.0
108.0,92.5,92.73014365447459,95.00000000000001
109.0,92.5,92.72917462425706,95.0
110.0,92.5,92.72821773229381,94.99999999999999
111.0,92.5,92.72727272727273,95.0
112.0,92.5,92.7263393651063,95.0
113.0,92.5,92.72541740866686,95.0
114.0,92.5,92.72450662753347,95.0
115.0,92.5,92.72360679774998,95.0
116.0,92.5,92.72271770159368,95.0
117.0,92.5,92.72183912735403,95.0
118.0,92.5,92.7209708691208,95.0
119.0,92.5,92.7201127265814,94.99999999999999
120.0,92.5,92.71926450482675,95.0
121.0,92.5,92.71842601416526,95.0
122.0,92.5,92.71759706994462,95.0
123.0,92.5,92.71677749238103,95.0
124.0,92.5,92.71596710639534,95.00000000000001
125.0,92.5,92.71516574145596,95.0
126.0,92.5,92.71437323142813,95.0
127.0,92.5,92.71358941442918,95.0
128.0,92.5,92.71281413268969,95.00000000000001
129.0,92.5,92.71204723242,95.0
130.0,92.5,92.71128856368213,95.0
131.0,92.5,92.71053798026662,95.00000000000001
132.0,92.5,92.70979533957417,95.0
133.0,92.5,92.70906050250177,95.0
134.0,92.5,92.70833333333333,95.0
135.0,92.5,92.70761369963435,95.0
136.0,92.5,92.70690147215059,95.0
137.0,92.5,92.70619652471059,95.0
138.0,92.5,92.70549873413171,95.0
139.0,92.5,92.70480798012976,95.00000000000001
140.0,92.5,92.70412414523194,95.00000000000001
141.0,92.5,92.70344711469278,95.0
142.0,92.5,92.70277677641346,95.00000000000001
143.0,92.5,92.7021130208636,95.0
144.0,92.5,92.70145574100636,94.99999999999999
145.0,92.5,92.70080483222563,95.0
146.0,92.5,92.70016019225636,95.00000000000001
147.0,92.5,92.69952172111691,95.0
148.0,92.5,92.69888932104394,95.00000000000001
149.0,92.5,92.69826289642954,95.0
150.0,92.5,92.69764235376051,95.0
151.0,92.5,92.69702760155977,95.00000000000001
152.0,92.5,92.6964185503296,95.0
153.0,92.5,92.69581511249699,95.0
154.0,92.5,92.69521720236077,95.0
155.0,92.5,92.69462473604038,95.0
156.0,92.5,92.6940376314266,95.00000000000001
157.0,92.5,92.69345580813354,95.0
158.0,92.5,92.6928791874526,95.0
159.0,92.5,92.6923076923077,95.00000000000001
160.0,92.5,92.69174124721185,95.0
161.0,92.5,92.69117977822546,95.0
162.0,92.5,92.69062321291575,95.0
163.0,92.5,92.69007148031743,95.0
164.0,92.5,92.68952451089471,95.0
165.0,92.5,92.68898223650461,95.0
166.0,92.5,92.6884445903611,95.0
167.0,92.5,92.6879115070007,94.99999999999999
168.0,92.5,92.68738292224897,95.0
169.0,92.5,92.68685877318799,95.0
170.0,92.5,92.68633899812498,95.00000000000001
171.0,92.5,92.68582353656178,94.99999999999999
172.0,92.5,92.68531232916527,95.0
173.0,92.5,92.68480531773865,95.0
174.0,92.5,92.68430244519362,95.0
175.0,92.5,92.68380365552345,95.0
176.0,92.5,92.6833088937767,95.0
177.0,92.5,92.68281810603179,95.0
178.0,92.5,92.68233123937236,95.0
179.0,92.5,92.68184824186334,95.0
180.0,92.5,92.68136906252751,95.0
181.0,92.5,92.6808936513231,95.0
182.0,92.5,92.68042195912176,94.99999999999999
183.0,92.5,92.67995393768717,95.0
184.0,92.5,92.67948953965443,94.99999999999999
185.0,92.5,92.67902871850985,95.0
186.0,92.5,92.67857142857142,95.0
187.0,92.5,92.67811762496977,95.0
188.0,92.5,92.67766726362967,95.0
189.0,92.5,92.67722030125209,94.99999999999999
190.0,92.5,92.67677669529664,95.0
191.0,92.5,92.67633640396464,95.0
192.0,92.5,92.67589938618256,95.0
193.0,92.5,92.6754656015859,95.0
194.0,92.5,92.6750350105035,94.99999999999999
195.0,92.5,92.6746075739424,95.00000000000001
196.0,92.5,92.6741832535729,95.0
197.0,92.5,92.67376201171423,95.0
198.0,92.5,92.67334381132038,94.99999999999999
199.0,92.5,92.67292861596651,95.0
200.0,92.5,92.6725163898356,95.0
201.0,92.5,92.67210709770538,95.00000000000001
202.0,92.5,92.67170070493586,95.00000000000001
203.0,92.5,92.67129717745688,95.0
204.0,92.5,92.67089648175616,94.99999999999999
205.0,92.5,92.67049858486762,95.0
206.0,92.5,92.67010345435995,94.99999999999999
207.0,92.5,92.66971105832553,95.0
208.0,92.5,92.66932136536964,95.0
209.0,92.5,92.66893434459988,94.99999999999999
210.0,92.5,92.66854996561581,95.0
211.0,92.5,92.66816819849909,95.0
212.0,92.5,92.66778901380351,95.0
213.0,92.5,92.6674123825456,95.0
214.0,92.5,92.66703827619527,95.0
215.0,92.5,92.66666666666666,95.0
216.0,92.5,92.66629752630944,95.00000000000001
217.0,92.5,92.6659308279,94.99999999999999
218.0,92.5,92.66556654463312,95.0
219.0,92.5,92.66520465011378,94.99999999999999
220.0,92.5,92.66484511834895,95.0
221.0,92.5,92.66448792373996,95.0
222.0,92.5,92.66413304107465,95.0
223.0,92.5,92.6637804455201,95.00000000000001
224.0,92.5,92.66343011261515,94.99999999999999
225.0,92.5,92.66308201826337,95.0
226.0,92.5,92.66273613872603,95.00000000000001
227.0,92.5,92.66239245061541,95.0
228.0,92.5,92.66205093088804,95.0
229.0,92.5,92.66171155683828,95.0
230.0,92.5,92.66137430609199,95.0
231.0,92.5,92.66103915660021,94.99999999999999
232.0,92.5,92.6607060866333,95.0
233.0,92.5,92.66037507477489,95.0
234.0,92.5,92.66004609991612,94.99999999999999
235.0,92.5,92.65971914124998,95.0
236.0,92.5,92.65939417826583,95.0
237.0,92.5,92.65907119074394,95.0
238.0,92.5,92.65875015875024,95.0
239.0,92.5,92.65843106263112,95.0
240.0,92.5,92.65811388300843,95.0
241.0,92.5,92.65779860077444,95.0
242.0,92.5,92.65748519708718,95.0
243.0,92.5,92.65717365336549,95.0
244.0,92.5,92.65686395128454,94.99999999999999
245.0,92.5,92.65655607277128,95.0
246.0,92.5,92.65625,95.0
247.0,92.5,92.65594571538796,95.00000000000001
248.0,92.5,92.65564320159118,95.0
249.0,92.5,92.6553424415003,95.0
250.0,92.5,92.6550434182365,95.00000000000001
251.0,92.5,92.65474611514753,94.99999999999999
252.0,92.5,92.6544505158038,94.99999999999999
253.0,92.5,92.65415660399455,94.99999999999999
254.0,92.5,92.65386436372417,95.0
255.0,92.5,92.65357377920849,94.99999999999999
256.0,92.5,92.65328483487124,95.0
257.0,92.5,92.65299751534053,95.00000000000001
258.0,92.5,92.65271180544539,94.99999999999999
259.0,92.5,92.65242769021242,95.0
260.0,92.5,92.65214515486255,95.00000000000001
261.0,92.5,92.6518641848077,95.0
262.0,92.5,92.65158476564771,95.0
263.0,92.5,92.65130688316721,95.00000000000001
264.0,92.5,92.65103052333255,95.0
265.0,92.5,92.65075567228888,95.0
266.0,92.5,92.65048231635721,95.0
267.0,92.5,92.65021044203154,94.99999999999999
268.0,92.5,92.64994003597602,94.99999999999999
269.0,92.5,92.64967108502232,95.0
270.0,92.5,92.6494035761668,95.0
271.0,92.5,92.64913749656797,95.00000000000001
272.0,92.5,92.64887283354385,95.0
273.0,92.5,92.64860957456943,95.0
274.0,92.5,92.64834770727423,95.0
275.0,92.5,92.64808721943977,95.0
276.0,92.5,92.64782809899728,95.0
277.0,92.5,92.64757033402523,95.00000000000001
278.0,92.5,92.6473139127472,95.0
279.0,92.5,92.64705882352942,95.0
280.0,92.5,92.64680505487868,95.0
281.0,92.5,92.64655259544014,95.00000000000001
282.0,92.5,92.64630143399516,95.0
283.0,92.5,92.64605155945925,95.0
284.0,92.5,92.64580296087996,95.0
285.0,92.5,92.64555562743489,95.0
286.0,92.5,92.64530954842978,95.0
287.0,92.5,92.6450647132964,94.99999999999999
288.0,92.5,92.64482111159087,95.0
289.0,92.5,92.64457873299156,95.0
290.0,92.5,92.6443375672974,95.0
291.0,92.5,92.64409760442607,95.0
292.0,92.5,92.6438588344121,95.0
293.0,92.5,92.64362124740535,94.99999999999999
294.0,92.5,92.6433848336691,95.0
295.0,92.5,92.64314958357846,95.0
296.0,92.5,92.64291548761875,95.0
297.0,92.5,92.64268253638384,95.0
298.0,92.5,92.64245072057454,95.00000000000001
299.0,92.5,92.64222003099715,94.99999999999999
300.0,92.5,92.64199045856176,95.0
301.0,92.5,92.64176199428094,95.0
302.0,92.5,92.64153462926808,95.0
303.0,92.5,92.64130835473605,95.0
304.0,92.5,92.64108316199578,95.0
305.0,92.5,92.64085904245475,95.0
306.0,92.5,92.64063598761575,95.0
307.0,92.5,92.64041398907544,95.0
308.0,92.5,92.64019303852301,94.99999999999999
309.0,92.5,92.63997312773897,95.0
310.0,92.5,92.63975424859375,95.0
311.0,92.5,92.63953639304648,95.0
312.0,92.5,92.63931955314384,95.0
313.0,92.5,92.63910372101866,95.0
314.0,92.5,92.6388888888889,95.0
315.0,92.5,92.6386750490563,95.00000000000001
316.0,92.5,92.63846219390543,94.99999999999999
317.0,92.5,92.63825031590233,95.0
318.0,92.5,92.63803940759357,95.0
319.0,92.5,92.637829461605,94.99999999999999
320.0,92.5,92.6376204706408,94.99999999999999
321.0,92.5,92.63741242748233,94.99999999999999
322.0,92.5,92.63720532498711,95.0
323.0,92.5,92.6369991560878,95.0
324.0,92.5,92.63679391379115,95.0
325.0,92.5,92.63658959117704,95.00000000000001
326.0,92.5,92.63638618139748,95.0
327.0,92.5,92.63618367767572,95.00000000000001
328.0,92.5,92.6359820733051,95.00000000000001
329.0,92.5,92.63578136164838,95.00000000000001
330.0,92.5,92.63558153613666,95.0
331.0,92.5,92.63538259026846,95.0
332.0,92.5,92.63518451760898,94.99999999999999
333.0,92.5,92.63498731178902,94.99999999999999
334.0,92.5,92.6347909665043,95.00000000000001
335.0,92.5,92.63459547551454,95.0
336.0,92.5,92.63440083264261,94.99999999999999
337.0,92.5,92.63420703177376,95.00000000000001
338.0,92.5,92.63401406685472,95.0
339.0,92.5,92.63382193189304,95.0
340.0,92.5,92.63363062095621,94.99999999999999
341.0,92.5,92.6334401281709,95.0
342.0,92.5,92.63325044772226,94.99999999999999
343.0,92.5,92.6330615738531,94.99999999999999
344.0,92.5,92.63287350086318,95.0
345.0,92.5,92.63268622310856,95.0
346.0,92.5,92.63249973500079,95.0
347.0,92.5,92.63231403100625,95.0
348.0,92.5,92.63212910564542,95.0
349.0,92.5,92.63194495349232,94.99999999999999
350.0,92.5,92.63176156917368,95.0
351.0,92.5,92.63157894736842,95.0
352.0,92.5,92.6313970828069,95.00000000000001
353.0,92.5,92.63121597027036,95.00000000000001
354.0,92.5,92.63103560459024,95.0
355.0,92.5,92.63085598064757,95.00000000000001
356.0,92.5,92.63067709337233,95.0
357.0,92.5,92.63049893774297,95.0
358.0,92.5,92.63032150878567,95.00000000000001
359.0,92.5,92.63014480157383,95.0
360.0,92.5,92.6299688112275,95.0
361.0,92.5,92.62979353291279,95.0
362.0,92.5,92.6296189618413,95.0
363.0,92.5,92.62944509326962,95.00000000000001
364.0,92.5,92.62927192249876,95.0
365.0,92.5,92.62909944487357,94.99999999999999
366.0,92.5,92.62892765578235,95.0
367.0,92.5,92.62875655065615,95.0
368.0,92.5,92.62858612496841,95.0
369.0,92.5,92.62841637423439,95.00000000000001
370.0,92.5,92.62824729401063,95.0
371.0,92.5,92.62807887989464,95.00000000000001
372.0,92.5,92.62791112752416,95.0
373.0,92.5,92.6277440325769,94.99999999999999
374.0,92.5,92.62757759076996,95.00000000000001
375.0,92.5,92.6274117978594,94.99999999999999
376.0,92.5,92.62724664963983,95.0
377.0,92.5,92.62708214194384,95.0
378.0,92.5,92.6269182706417,95.0
379.0,92.5,92.62675503164084,95.00000000000001
380.0,92.5,92.62659242088546,95.0
381.0,92.5,92.62643043435604,95.0
382.0,92.5,92.62626906806902,95.0
383.0,92.5,92.62610831807633,95.0
384.0,92.5,92.62594818046497,95.0
385.0,92.5,92.62578865135666,95.0
386.0,92.5,92.62562972690739,95.00000000000001
387.0,92.5,92.62547140330712,94.99999999999999
388.0,92.5,92.62531367677927,95.0
389.0,92.5,92.62515654358043,95.00000000000001
390.0,92.5,92.625,95.0
391.0,92.5,92.62484404235973,94.99999999999999
392.0,92.5,92.62468866701344,95.00000000000001
393.0,92.5,92.62453387034668,95.00000000000001
394.0,92.5,92.62437964877624,95.0
395.0,92.5,92.62422599874999,95.0
396.0,92.5,92.62407291674637,95.0
397.0,92.5,92.62392039927416,95.00000000000001
398.0,92.5,92.62376844287209,95.0
399.0,92.5,92.62361704410854,95.0
400.0,92.5,92.62346619958119,95.0
401.0,92.5,92.62331590591674,94.99999999999999
402.0,92.5,92.62316615977053,95.00000000000001
403.0,92.5,92.62301695782628,95.0
404.0,92.5,92.62286829679576,95.0
405.0,92.5,92.62272017341846,95.00000000000001
406.0,92.5,92.62257258446137,95.00000000000001
407.0,92.5,92.6224255267186,95.0
408.0,92.5,92.62227899701114,94.99999999999999
409.0,92.5,92.62213299218651,95.0
410.0,92.5,92.62198750911857,95.0
411.0,92.5,92.62184254470715,94.99999999999999
412.0,92.5,92.6216980958778,95.0
413.0,92.5,92.62155415958158,95.0
414.0,92.5,92.62141073279466,95.0
415.0,92.5,92.62126781251817,95.00000000000001
416.0,92.5,92.62112539577788,95.0
417.0,92.5,92.62098347962396,95.0
418.0,92.5,92.62084206113072,95.0
419.0,92.5,92.62070113739632,95.00000000000001
420.0,92.5,92.6205607055426,95.0
421.0,92.5,92.62042076271476,94.99999999999999
422.0,92.5,92.62028130608117,95.0
423.0,92.5,92.62014233283305,95.00000000000001
424.0,92.5,92.62000384018432,95.0
425.0,92.5,92.61986582537133,95.0
426.0,92.5,92.61972828565266,95.0
427.0,92.5,92.61959121830873,94.99999999999999
428.0,92.5,92.61945462064187,94.99999999999999
429.0,92.5,92.61931848997584,94.99999999999999
430.0,92.5,92.61918282365569,95.0
431.0,92.5,92.61904761904762,95.00000000000001
432.0,92.5,92.61891287353862,95.0
433.0,92.5,92.6187785845364,95.0
434.0,92.5,92.61864474946906,95.0
435.0,92.5,92.618511365785,95.0
436.0,92.5,92.6183784309526,95.00000000000001
437.0,92.5,92.6182459424601,95.0
438.0,92.5,92.61811389781538,94.99999999999999
439.0,92.5,92.61798229454575,95.0
440.0,92.5,92.61785113019775,95.0
441.0,92.5,92.617720402337,95.0
442.0,92.5,92.61759010854796,95.0
443.0,92.5,92.61746024643374,94.99999999999999
444.0,92.5,92.61733081361598,95.0
445.0,92.5,92.61720180773462,95.0
446.0,92.5,92.61707322644772,95.0
447.0,92.5,92.61694506743125,95.00000000000001
448.0,92.5,92.616817328379,94.99999999999999
449.0,92.5,92.61669000700233,94.99999999999999
450.0,92.5,92.61656310103004,95.0
451.0,92.5,92.61643660820815,95.0
452.0,92.5,92.61631052629981,95.00000000000001
453.0,92.5,92.61618485308503,94.99999999999999
454.0,92.5,92.61605958636066,95.0
455.0,92.5,92.61593472394004,95.0
456.0,92.5,92.61581026365302,95.0
457.0,92.5,92.61568620334567,95.0
458.0,92.5,92.61556254088026,95.0
459.0,92.5,92.6154392741349,95.0
460.0,92.5,92.61531640100361,95.0
461.0,92.5,92.61519391939603,94.99999999999999
462.0,92.5,92.61507182723729,95.00000000000001
463.0,92.5,92.61495012246793,94.99999999999999
464.0,92.5,92.61482880304365,95.0
465.0,92.5,92.61470786693528,94.99999999999999
466.0,92.5,92.61458731212853,95.0
467.0,92.5,92.61446713662392,94.99999999999999
468.0,92.5,92.61434733843659,95.0
469.0,92.5,92.61422791559625,95.0
470.0,92.5,92.6141088661469,95.0
471.0,92.5,92.61399018814689,95.0
472.0,92.5,92.61387187966857,95.0
473.0,92.5,92.61375393879831,95.0
474.0,92.5,92.61363636363636,95.00000000000001
475.0,92.5,92.61351915229662,94.99999999999999
476.0,92.5,92.61340230290662,95.0
477.0,92.5,92.61328581360736,95.0
478.0,92.5,92.61316968255315,95.00000000000001
479.0,92.5,92.61305390791154,94.99999999999999
480.0,92.5,92.61293848786315,95.0
481.0,92.5,92.61282342060163,95.00000000000001
482.0,92.5,92.61270870433344,95.0
483.0,92.5,92.61259433727776,95.0
484.0,92.5,92.61248031766647,95.0
485.0,92.5,92.61236664374387,95.00000000000001
486.0,92.5,92.61225331376673,95.00000000000001
487.0,92.5,92.61214032600407,94.99999999999999
488.0,92.5,92.61202767873705,95.0
489.0,92.5,92.61191537025897,95.0
490.0,92.5,92.611803398875,95.00000000000001
491.0,92.5,92.6116917629022,95.00000000000001
492.0,92.5,92.61158046066936,95.0
493.0,92.5,92.61146949051692,95.0
494.0,92.5,92.61135885079685,95.0
495.0,92.5,92.61124853987249,95.0
496.0,92.5,92.6111385561186,94.99999999999999
497.0,92.5,92.61102889792107,95.0
498.0,92.5,92.61091956367702,95.00000000000001
499.0,92.5,92.61081055179449,95.00000000000001
500.0,92.5,92.6107018606925,94.99999999999999
501.0,92.5,92.61059348880096,95.00000000000001
502.0,92.5,92.61048543456039,94.99999999999999
503.0,92.5,92.61037769642209,94.99999999999999
504.0,92.5,92.61027027284781,95.0
505.0,92.5,92.6101631623098,95.0
506.0,92.5,92.61005636329071,95.0
507.0,92.5,92.60994987428339,95.00000000000001
508.0,92.5,92.60984369379094,95.0
509.0,92.5,92.60973782032654,95.0
510.0,92.5,92.60963225241338,95.0
511.0,92.5,92.60952698858458,95.00000000000001
512.0,92.5,92.60942202738309,95.0
513.0,92.5,92.60931736736165,95.0
514.0,92.5,92.60921300708263,94.99999999999999
515.0,92.5,92.609108945118,94.99999999999999
516.0,92.5,92.60900518004922,95.0
517.0,92.5,92.60890171046725,95.0
518.0,92.5,92.60879853497231,95.0
519.0,92.5,92.6086956521739,95.0
520.0,92.5,92.60859306069077,95.0
521.0,92.5,92.60849075915068,95.0
522.0,92.5,92.60838874619051,95.0
523.0,92.5,92.60828702045606,95.00000000000001
524.0,92.5,92.60818558060197,95.00000000000001
525.0,92.5,92.60808442529178,95.0
526.0,92.5,92.60798355319767,95.0
527.0,92.5,92.60788296300053,95.0
528.0,92.5,92.60778265338982,94.99999999999999
529.0,92.5,92.6076826230635,94.99999999999999
530.0,92.5,92.60758287072798,95.0
531.0,92.5,92.60748339509809,95.0
532.0,92.5,92.6073841948969,94.99999999999999
533.0,92.5,92.60728526885572,95.0
534.0,92.5,92.60718661571407,95.0
535.0,92.5,92.60708823421953,95.0
536.0,92.5,92.60699012312773,95.0
537.0,92.5,92.60689228120226,95.0
538.0,92.5,92.6067947072146,94.99999999999999
539.0,92.5,92.60669739994408,95.00000000000001
540.0,92.5,92.60660035817781,95.0
541.0,92.5,92.60650358071058,95.0
542.0,92.5,92.60640706634484,95.0
543.0,92.5,92.60631081389064,95.0
544.0,92.5,92.60621482216553,94.99999999999999
545.0,92.5,92.60611908999451,95.0
546.0,92.5,92.60602361621,95.00000000000001
547.0,92.5,92.60592839965176,95.0
548.0,92.5,92.60583343916682,94.99999999999999
549.0,92.5,92.60573873360946,95.0
550.0,92.5,92.60564428184107,94.99999999999999
551.0,92.5,92.60555008273019,95.0
552.0,92.5,92.6054561351524,95.0
553.0,92.5,92.60536243799027,95.0
554.0,92.5,92.60526899013331,95.0
555.0,92.5,92.60517579047792,94.99999999999999
556.0,92.5,92.6050828379273,94.99999999999999
557.0,92.5,92.60499013139146,95.0
558.0,92.5,92.60489766978709,95.0
559.0,92.5,92.60480545203758,95.00000000000001
560.0,92.5,92.60471347707292,95.0
561.0,92.5,92.60462174382967,94.99999999999999
562.0,92.5,92.60453025125088,94.99999999999999
563.0,92.5,92.60443899828608,95.0
564.0,92.5,92.6043479838912,95.00000000000001
565.0,92.5,92.60425720702852,95.0
566.0,92.5,92.60416666666667,95.0
567.0,92.5,92.60407636178044,95.0
568.0,92.5,92.60398629135096,95.0
569.0,92.5,92.60389645436543,95.0
570.0,92.5,92.60380684981718,95.0
571.0,92.5,92.60371747670563,95.0
572.0,92.5,92.6036283340362,94.99999999999999
573.0,92.5,92.60353942082033,95.0
574.0,92.5,92.60345073607529,95.0
575.0,92.5,92.60336227882435,95.0
576.0,92.5,92.6032740480965,95.0
577.0,92.5,92.60318604292662,95.0
578.0,92.5,92.60309826235529,95.0
579.0,92.5,92.60301070542879,95.00000000000001
580.0,92.5,92.60292337119908,95.00000000000001
581.0,92.5,92.60283625872373,95.0
582.0,92.5,92.60274936706585,94.99999999999999
583.0,92.5,92.60266269529416,94.99999999999999
584.0,92.5,92.60257624248277,94.99999999999999
585.0,92.5,92.60249000771135,95.0
586.0,92.5,92.60240399006489,95.0
587.0,92.5,92.60231818863376,95.0
588.0,92.5,92.6022326025137,95.0
589.0,92.5,92.60214723080568,95.00000000000001
590.0,92.5,92.60206207261596,94.99999999999999
591.0,92.5,92.601977127056,95.0
592.0,92.5,92.6018923932424,95.00000000000001
593.0,92.5,92.60180787029692,94.99999999999999
594.0,92.5,92.6017235573464,95.00000000000001
595.0,92.5,92.60163945352271,95.0
596.0,92.5,92.6015555579628,95.0
597.0,92.5,92.60147186980852,95.0
598.0,92.5,92.60138838820673,95.0
599.0,92.5,92.60130511230913,95.0
600.0,92.5,92.60122204127237,95.0
601.0,92.5,92.60113917425785,95.0
602.0,92.5,92.60105651043182,95.00000000000001
603.0,92.5,92.60097404896526,95.0
604.0,92.5,92.6008917890339,95.00000000000001
605.0,92.5,92.6008097298182,95.0
606.0,92.5,92.60072787050316,95.0
607.0,92.5,92.60064621027855,95.0
608.0,92.5,92.60056474833864,94.99999999999999
609.0,92.5,92.60048348388226,94.99999999999999
610.0,92.5,92.6004024161128,94.99999999999999
611.0,92.5,92.60032154423814,95.0
612.0,92.5,92.60024086747057,95.0
613.0,92.5,92.60016038502687,94.99999999999999
614.0,92.5,92.60008009612818,95.0
615.0,92.5,92.6,95.0
616.0,92.5,92.59992009587218,95.0
617.0,92.5,92.59984038297885,95.0
618.0,92.5,92.59976086055845,94.99999999999999
619.0,92.5,92.59968152785362,95.0
620.0,92.5,92.5996023841112,95.0
621.0,92.5,92.59952342858226,95.0
622.0,92.5,92.59944466052197,95.0
623.0,92.5,92.59936607918965,95.0
624.0,92.5,92.59928768384869,95.0
625.0,92.5,92.59920947376656,94.99999999999999
626.0,92.5,92.59913144821476,95.00000000000001
627.0,92.5,92.59905360646879,94.99999999999999
628.0,92.5,92.59897594780811,95.0
629.0,92.5,92.59889847151615,95.0
630.0,92.5,92.59882117688026,95.0
631.0,92.5,92.59874406319167,95.0
632.0,92.5,92.59866712974548,95.0
633.0,92.5,92.59859037584064,95.0
634.0,92.5,92.59851380077988,95.0
635.0,92.5,92.59843740386977,95.0
636.0,92.5,92.59836118442058,95.00000000000001
637.0,92.5,92.59828514174635,94.99999999999999
638.0,92.5,92.59820927516479,95.00000000000001
639.0,92.5,92.59813358399735,95.0
640.0,92.5,92.59805806756908,95.00000000000001
641.0,92.5,92.59798272520871,95.0
642.0,92.5,92.5979075562485,95.0
643.0,92.5,92.59783256002436,94.99999999999999
644.0,92.5,92.59775773587572,95.0
645.0,92.5,92.59768308314557,95.0
646.0,92.5,92.59760860118038,95.0
647.0,92.5,92.59753428933011,95.00000000000001
648.0,92.5,92.59746014694818,95.00000000000001
649.0,92.5,92.59738617339144,95.0
650.0,92.5,92.5973123680202,95.00000000000001
651.0,92.5,92.59723873019806,95.0
652.0,92.5,92.59716525929205,94.99999999999999
653.0,92.5,92.59709195467258,95.00000000000001
654.0,92.5,92.59701881571328,95.0
655.0,92.5,92.59694584179118,95.0
656.0,92.5,92.59687303228651,95.0
657.0,92.5,92.5968003865828,95.00000000000001
658.0,92.5,92.59672790406677,95.0
659.0,92.5,92.59665558412838,95.0
660.0,92.5,92.59658342616078,95.00000000000001
661.0,92.5,92.59651142956027,94.99999999999999
662.0,92.5,92.5964395937263,95.0
663.0,92.5,92.59636791806146,95.0
664.0,92.5,92.59629640197141,95.0
665.0,92.5,92.59622504486495,95.0
666.0,92.5,92.59615384615384,94.99999999999999
667.0,92.5,92.59608280525302,95.0
668.0,92.5,92.59601192158033,95.00000000000001
669.0,92.5,92.59594119455667,95.0
670.0,92.5,92.59587062360592,94.99999999999999
671.0,92.5,92.59580020815493,94.99999999999999
672.0,92.5,92.59572994763343,95.0
673.0,92.5,92.59565984147417,95.0
674.0,92.5,92.59558988911274,95.0
675.0,92.5,92.59552008998762,95.0
676.0,92.5,92.59545044354014,95.0
677.0,92.5,92.59538094921457,95.0
678.0,92.5,92.59531160645788,95.0
679.0,92.5,92.59524241471993,94.99999999999999
680.0,92.5,92.59517337345336,95.0
681.0,92.5,92.59510448211357,95.0
682.0,92.5,92.59503574015872,95.0
683.0,92.5,92.5949671470497,95.0
684.0,92.5,92.59489870225015,95.0
685.0,92.5,92.59483040522636,95.0
686.0,92.5,92.59476225544736,95.0
687.0,92.5,92.59469425238481,95.0
688.0,92.5,92.59462639551306,95.0
689.0,92.5,92.59455868430904,94.99999999999999
690.0,92.5,92.59449111825231,95.00000000000001
691.0,92.5,92.59442369682506,95.0
692.0,92.5,92.59435641951205,95.0
693.0,92.5,92.5942892858006,95.0
694.0,92.5,92.59422229518054,95.0
695.0,92.5,92.59415544714433,95.0
696.0,92.5,92.59408874118687,94.99999999999999
697.0,92.5,92.59402217680557,94.99999999999999
698.0,92.5,92.59395575350035,95.0
699.0,92.5,92.59388947077359,95.0
700.0,92.5,92.5938233281301,95.00000000000001
701.0,92.5,92.59375732507718,95.0
702.0,92.5,92.59369146112448,95.0
703.0,92.5,92.59362573578414,95.0
704.0,92.5,92.59356014857065,95.0
705.0,92.5,92.59349469900084,95.0
706.0,92.5,92.59342938659398,95.0
707.0,92.5,92.59336421087166,94.99999999999999
708.0,92.5,92.59329917135776,94.99999999999999
709.0,92.5,92.59323426757852,95.0
710.0,92.5,92.5931694990625,95.0
711.0,92.5,92.59310486534049,95.0
712.0,92.5,92.5930403659456,95.0
713.0,92.5,92.5929760004132,94.99999999999999
714.0,92.5,92.5929117682809,95.0
715.0,92.5,92.59284766908853,94.99999999999999
716.0,92.5,92.59278370237814,95.0
717.0,92.5,92.59271986769404,95.0
718.0,92.5,92.59265616458264,95.0
719.0,92.5,92.5925925925926,95.0
720.0,92.5,92.5925291512747,95.0
721.0,92.5,92.59246584018192,95.00000000000001
722.0,92.5,92.59240265886933,95.0
723.0,92.5,92.59233960689414,95.0
724.0,92.5,92.5922766838157,95.0
725.0,92.5,92.5922138891954,95.0
726.0,92.5,92.59215122259681,95.0
727.0,92.5,92.59208868358547,95.00000000000001
728.0,92.5,92.59202627172904,95.00000000000001
729.0,92.5,92.59196398659721,94.99999999999999
730.0,92.5,92.59190182776173,95.0
731.0,92.5,92.59183979479634,95.0
732.0,92.5,92.59177788727679,95.0
733.0,92.5,92.59171610478087,95.0
734.0,92.5,92.59165444688834,94.99999999999999
735.0,92.5,92.59159291318092,95.0
736.0,92.5,92.59153150324227,95.00000000000001
737.0,92.5,92.59147021665808,95.0
738.0,92.5,92.59140905301588,94.99999999999999
739.0,92.5,92.59134801190524,95.0
740.0,92.5,92.59128709291753,95.0
741.0,92.5,92.5912262956461,95.0
742.0,92.5,92.59116561968618,95.0
743.0,92.5,92.59110506463489,94.99999999999999
744.0,92.5,92.59104463009115,95.0
745.0,92.5,92.59098431565586,95.0
746.0,92.5,92.59092412093166,95.0
747.0,92.5,92.5908640455231,95.0
748.0,92.5,92.59080408903652,95.00000000000001
749.0,92.5,92.59074425108008,95.0
750.0,92.5,92.59068453126375,95.00000000000001
751.0,92.5,92.59062492919931,95.0
752.0,92.5,92.59056544450029,95.0
753.0,92.5,92.590506076782,95.0
754.0,92.5,92.59044682566156,95.0
755.0,92.5,92.59038769075777,95.0
756.0,92.5,92.59032867169124,95.0
757.0,92.5,92.59026976808426,95.00000000000001
758.0,92.5,92.59021097956088,95.0
759.0,92.5,92.59015230574683,94.99999999999999
760.0,92.5,92.59009374626955,95.0
761.0,92.5,92.5900353007582,94.99999999999999
762.0,92.5,92.58997696884359,95.00000000000001
763.0,92.5,92.5899187501582,95.0
764.0,92.5,92.5898606443362,94.99999999999999
765.0,92.5,92.58980265101339,95.0
766.0,92.5,92.58974476982722,95.0
767.0,92.5,92.58968700041677,95.0
768.0,92.5,92.58962934242275,95.0
769.0,92.5,92.5895717954875,95.0
770.0,92.5,92.58951435925492,95.0
771.0,92.5,92.58945703337056,95.0
772.0,92.5,92.58939981748152,95.00000000000001
773.0,92.5,92.58934271123648,95.0
774.0,92.5,92.58928571428571,95.00000000000001
775.0,92.5,92.58922882628103,95.0
776.0,92.5,92.5891720468758,95.00000000000001
777.0,92.5,92.58911537572494,95.0
778.0,92.5,92.5890588124849,95.0
779.0,92.5,92.58900235681362,95.0
780.0,92.5,92.5889460083706,94.99999999999999
781.0,92.5,92.58888976681683,95.00000000000001
782.0,92.5,92.58883363181484,95.0
783.0,92.5,92.58877760302855,95.0
784.0,92.5,92.58872168012347,95.0
785.0,92.5,92.58866586276649,95.0
786.0,92.5,92.58861015062604,95.0
787.0,92.5,92.58855454337197,95.0
788.0,92.5,92.5884990406756,95.0
789.0,92.5,92.58844364220964,95.0
790.0,92.5,92.58838834764832,95.0
791.0,92.5,92.5883331566672,95.0
792.0,92.5,92.58827806894331,95.0
793.0,92.5,92.58822308415508,95.0
794.0,92.5,92.58816820198231,95.0
795.0,92.5,92.58811342210628,95.0
796.0,92.5,92.58805874420955,94.99999999999999
797.0,92.5,92.5880041679761,95.0
798.0,92.5,92.58794969309129,94.99999999999999
799.0,92.5,92.58789531924184,95.00000000000001
800.0,92.5,92.58784104611578,94.99999999999999
801.0,92.5,92.58778687340258,95.0
802.0,92.5,92.58773280079295,95.0
803.0,92.5,92.58767882797898,95.00000000000001
804.0,92.5,92.58762495465409,95.0
805.0,92.5,92.58757118051301,94.99999999999999
806.0,92.5,92.58751750525175,95.0
807.0,92.5,92.58746392856766,95.0
808.0,92.5,92.58741045015938,94.99999999999999
809.0,92.5,92.58735706972682,94.99999999999999
810.0,92.5,92.5873037869712,95.00000000000001
811.0,92.5,92.58725060159497,95.0
812.0,92.5,92.5871975133019,95.0
813.0,92.5,92.58714452179697,95.0
814.0,92.5,92.58709162678646,95.0
815.0,92.5,92.58703882797785,95.0
816.0,92.5,92.5869861250799,95.00000000000001
817.0,92.5,92.58693351780259,95.00000000000001
818.0,92.5,92.58688100585711,95.0
819.0,92.5,92.5868285889559,95.0
820.0,92.5,92.58677626681258,95.0
821.0,92.5,92.586724039142,95.0
822.0,92.5,92.5866719056602,95.0
823.0,92.5,92.5866198660844,95.0
824.0,92.5,92.58656792013305,94.99999999999999
825.0,92.5,92.58651606752574,95.0
826.0,92.5,92.58646430798326,95.0
827.0,92.5,92.58641264122754,95.00000000000001
828.0,92.5,92.58636106698168,95.00000000000001
829.0,92.5,92.58630958496997,95.0
830.0,92.5,92.58625819491779,95.0
831.0,92.5,92.58620689655172,95.0
832.0,92.5,92.58615568959945,95.0
833.0,92.5,92.58610457378978,95.0
834.0,92.5,92.58605354885269,95.0
835.0,92.5,92.58600261451923,95.0
836.0,92.5,92.58595177052156,95.0
837.0,92.5,92.585901016593,95.0
838.0,92.5,92.58585035246793,95.0
839.0,92.5,92.58579977788182,95.0
840.0,92.5,92.58574929257125,95.0
841.0,92.5,92.58569889627388,95.0
842.0,92.5,92.58564858872845,95.00000000000001
843.0,92.5,92.58559836967473,95.0
844.0,92.5,92.58554823885365,95.0
845.0,92.5,92.58549819600711,95.00000000000001
846.0,92.5,92.58544824087808,95.0
847.0,92.5,92.58539837321065,95.0
848.0,92.5,92.58534859274987,95.0
849.0,92.5,92.58529889924186,94.99999999999999
850.0,92.5,92.5852492924338,94.99999999999999
851.0,92.5,92.58519977207388,95.0
852.0,92.5,92.58515033791127,95.0
853.0,92.5,92.58510098969623,94.99999999999999
854.0,92.5,92.58505172717996,95.00000000000001
855.0,92.5,92.58500255011475,95.0
856.0,92.5,92.58495345825382,95.0
857.0,92.5,92.58490445135142,94.99999999999999
858.0,92.5,92.58485552916277,95.0
859.0,92.5,92.5848066914441,95.0
860.0,92.5,92.5847579379526,94.99999999999999
861.0,92.5,92.58470926844646,95.0
862.0,92.5,92.58466068268483,95.0
863.0,92.5,92.5846121804278,95.00000000000001
864.0,92.5,92.58456376143647,95.0
865.0,92.5,92.58451542547284,95.00000000000001
866.0,92.5,92.58446717229994,95.0
867.0,92.5,92.58441900168164,95.0
868.0,92.5,92.58437091338286,95.00000000000001
869.0,92.5,92.58432290716935,95.0
870.0,92.5,92.58427498280791,94.99999999999999
871.0,92.5,92.58422714006615,95.0
872.0,92.5,92.58417937871269,95.0
873.0,92.5,92.58413169851701,95.0
874.0,92.5,92.58408409924954,94.99999999999999
875.0,92.5,92.5840365806816,95.00000000000001
876.0,92.5,92.58398914258542,95.0
877.0,92.5,92.58394178473414,95.0
878.0,92.5,92.58389450690174,95.0
879.0,92.5,92.5838473088632,95.0
880.0,92.5,92.58380019039426,95.0
881.0,92.5,92.58375315127161,95.0
882.0,92.5,92.58370619127281,95.0
883.0,92.5,92.58365931017627,95.0
884.0,92.5,92.58361250776133,95.0
885.0,92.5,92.5835657838081,95.0
886.0,92.5,92.58351913809764,95.00000000000001
887.0,92.5,92.58347257041177,95.0
888.0,92.5,92.58342608053324,94.99999999999999
889.0,92.5,92.58337966824564,95.0
890.0,92.5,92.58333333333334,95.0
891.0,92.5,92.5832870755816,95.0
892.0,92.5,92.5832408947765,94.99999999999999
893.0,92.5,92.58319479070497,95.0
894.0,92.5,92.58314876315471,95.0
895.0,92.5,92.58310281191432,95.0
896.0,92.5,92.58305693677315,95.0
897.0,92.5,92.58301113752137,95.0
898.0,92.5,92.58296541395,94.99999999999999
899.0,92.5,92.58291976585083,94.99999999999999
900.0,92.5,92.58287419301647,95.00000000000001
901.0,92.5,92.58282869524031,95.0
902.0,92.5,92.58278327231658,95.00000000000001
903.0,92.5,92.58273792404019,95.0
904.0,92.5,92.58269265020695,95.0
905.0,92.5,92.58264745061341,94.99999999999999
906.0,92.5,92.5826023250569,95.0
907.0,92.5,92.58255727333547,95.00000000000001
908.0,92.5,92.58251229524805,95.0
909.0,92.5,92.58246739059425,95.00000000000001
910.0,92.5,92.58242255917447,95.0
911.0,92.5,92.58237780078986,95.0
912.0,92.5,92.58233311524235,95.0
913.0,92.5,92.58228850233458,94.99999999999999
914.0,92.5,92.58224396186998,95.0
915.0,92.5,92.58219949365268,95.0
916.0,92.5,92.5821550974876,95.0
917.0,92.5,92.58211077318036,95.00000000000001
918.0,92.5,92.58206652053734,95.0
919.0,92.5,92.5820223393656,95.0
920.0,92.5,92.581978229473,95.0
921.0,92.5,92.58193419066806,95.0
922.0,92.5,92.58189022276005,95.0
923.0,92.5,92.58184632555896,95.0
924.0,92.5,92.58180249887546,95.0
925.0,92.5,92.58175874252096,95.0
926.0,92.5,92.58171505630757,94.99999999999999
927.0,92.5,92.5816714400481,94.99999999999999
928.0,92.5,92.58162789355605,95.0
929.0,92.5,92.58158441664561,95.0
930.0,92.5,92.58154100913168,95.0
931.0,92.5,92.58149767082986,95.0
932.0,92.5,92.58145440155639,95.0
933.0,92.5,92.58141120112823,95.0
934.0,92.5,92.58136806936301,95.00000000000001
935.0,92.5,92.58132500607904,95.0
936.0,92.5,92.5812820110953,95.0
937.0,92.5,92.58123908423141,95.0
938.0,92.5,92.5811962253077,95.0
939.0,92.5,92.58115343414515,95.0
940.0,92.5,92.58111071056538,94.99999999999999
941.0,92.5,92.58106805439068,95.0
942.0,92.5,92.58102546544403,94.99999999999999
943.0,92.5,92.58098294354897,94.99999999999999
944.0,92.5,92.58094048852978,95.00000000000001
945.0,92.5,92.58089810021131,95.0
946.0,92.5,92.58085577841914,95.0
947.0,92.5,92.5808135229794,95.00000000000001
948.0,92.5,92.58077133371891,95.00000000000001
949.0,92.5,92.58072921046508,95.0
950.0,92.5,92.580687153046,95.0
951.0,92.5,92.58064516129032,95.0
952.0,92.5,92.5806032350274,95.0
953.0,92.5,92.58056137408714,95.0
954.0,92.5,92.5805195783001,95.0
955.0,92.5,92.58047784749745,95.0
956.0,92.5,92.58043618151096,95.0
957.0,92.5,92.58039458017305,95.0
958.0,92.5,92.58035304331665,95.00000000000001
959.0,92.5,92.5803115707754,95.0
960.0,92.5,92.5802701623835,95.0
961.0,92.5,92.58022881797571,95.0
962.0,92.5,92.58018753738746,95.0
963.0,92.5,92.58014632045469,95.0
964.0,92.5,92.58010516701401,95.0
965.0,92.5,92.58006407690254,95.0
966.0,92.5,92.58002304995806,95.00000000000001
967.0,92.5,92.57998208601887,95.0
968.0,92.5,92.57994118492388,95.00000000000001
969.0,92.5,92.57990034651257,95.0
970.0,92.5,92.57985957062499,95.0
971.0,92.5,92.57981885710176,94.99999999999999
972.0,92.5,92.57977820578407,95.0
973.0,92.5,92.57973761651368,95.0
974.0,92.5,92.5796970891329,95.0
975.0,92.5,92.57965662348465,95.0
976.0,92.5,92.5796162194123,95.0
977.0,92.5,92.5795758767599,95.0
978.0,92.5,92.57953559537198,95.00000000000001
979.0,92.5,92.57949537509361,94.99999999999999
980.0,92.5,92.57945521577047,95.0
981.0,92.5,92.57941511724873,95.0
982.0,92.5,92.57937507937511,95.0
983.0,92.5,92.57933510199692,95.00000000000001
984.0,92.5,92.57929518496195,95.0
985.0,92.5,92.57925532811852,95.0
986.0,92.5,92.57921553131557,94.99999999999999
987.0,92.5,92.57917579440245,95.0
988.0,92.5,92.57913611722913,95.0
989.0,92.5,92.57909649964604,95.00000000000001
990.0,92.5,92.5790569415042,95.0
991.0,92.5,92.57901744265513,95.0
992.0,92.5,92.57897800295082,95.0
993.0,92.5,92.57893862224383,95.0
994.0,92.5,92.57889930038723,95.00000000000001
995.0,92.5,92.57886003723456,95.00000000000001
996.0,92.5,92.57882083263993,95.0
997.0,92.5,92.57878168645792,95.00000000000001
998.0,92.5,92.57874259854358,95.00000000000001
999.0,92.5,92.57870356875257,95.0
1000.0,92.5,92.57866459694094,95.0
1001.0,92.5,92.57862568296531,95.00000000000001
1002.0,92.5,92.57858682668274,95.0
1003.0,92.5,92.57854802795084,95.0
1004.0,92.5,92.57850928662766,95.0
1005.0,92.5,92.57847060257178,95.0
1006.0,92.5,92.57843197564226,95.0
1007.0,92.5,92.57839340569863,94.99999999999999
1008.0,92.5,92.5783548926009,95.0
1009.0,92.5,92.57831643620958,95.0
1010.0,92.5,92.57827803638564,95.0
1011.0,92.5,92.57823969299055,95.0
1012.0,92.5,92.57820140588623,95.0
1013.0,92.5,92.57816317493509,95.0
1014.0,92.5,92.578125,95.0
1015.0,92.5,92.5780868809443,95.0
1016.0,92.5,92.57804881763181,94.99999999999999
1017.0,92.5,92.57801080992678,95.0
1018.0,92.5,92.57797285769398,95.0
1019.0,92.5,92.57793496079857,95.00000000000001
1020.0,92.5,92.57789711910623,95.0
1021.0,92.5,92.57785933248303,95.0
1022.0,92.5,92.57782160079559,95.00000000000001
1023.0,92.5,92.57778392391089,95.0
1024.0,92.5,92.57774630169638,94.99999999999999
1025.0,92.5,92.57770873402002,94.99999999999999
1026.0,92.5,92.57767122075015,95.00000000000001
1027.0,92.5,92.57763376175558,95.00000000000001
1028.0,92.5,92.57759635690552,95.0
1029.0,92.5,92.5775590060697,94.99999999999999
1030.0,92.5,92.57752170911826,94.99999999999999
1031.0,92.5,92.57748446592171,95.0
1032.0,92.5,92.57744727635111,95.0
1033.0,92.5,92.57741014027782,95.0
1034.0,92.5,92.57737305757377,95.0
1035.0,92.5,92.57733602811122,95.0
1036.0,92.5,92.57729905176288,95.0
1037.0,92.5,92.57726212840193,95.0
1038.0,92.5,92.57722525790192,95.0
1039.0,92.5,92.5771884401368,95.0
1040.0,92.5,92.57715167498104,95.0
1041.0,92.5,92.57711496230947,95.0
1042.0,92.5,92.57707830199728,94.99999999999999
1043.0,92.5,92.57704169392018,95.0
1044.0,92.5,92.57700513795422,94.99999999999999
1045.0,92.5,92.57696863397588,95.0
1046.0,92.5,92.57693218186209,95.00000000000001
1047.0,92.5,92.57689578149011,95.0
1048.0,92.5,92.57685943273766,95.0
1049.0,92.5,92.57682313548288,95.0
1050.0,92.5,92.57678688960425,95.00000000000001
1051.0,92.5,92.57675069498069,95.0
1052.0,92.5,92.57671455149152,95.00000000000001
1053.0,92.5,92.57667845901646,95.00000000000001
1054.0,92.5,92.57664241743562,94.99999999999999
1055.0,92.5,92.57660642662948,95.0
1056.0,92.5,92.57657048647896,95.0
1057.0,92.5,92.57653459686532,95.00000000000001
1058.0,92.5,92.57649875767025,95.0
1059.0,92.5,92.57646296877581,95.0
1060.0,92.5,92.57642723006447,95.0
1061.0,92.5,92.57639154141901,94.99999999999999
1062.0,92.5,92.57635590272268,95.00000000000001
1063.0,92.5,92.57632031385907,95.00000000000001
1064.0,92.5,92.57628477471216,95.0
1065.0,92.5,92.5762492851663,95.0
1066.0,92.5,92.57621384510621,95.0
1067.0,92.5,92.576178454417,95.0
1068.0,92.5,92.57614311298416,95.0
1069.0,92.5,92.5761078206935,95.0
1070.0,92.5,92.57607257743128,95.00000000000001
1071.0,92.5,92.57603738308406,95.0
1072.0,92.5,92.57600223753882,95.0
1073.0,92.5,92.57596714068285,95.0
1074.0,92.5,92.57593209240385,95.0
1075.0,92.5,92.57589709258987,94.99999999999999
1076.0,92.5,92.5758621411293,95.0
1077.0,92.5,92.57582723791091,95.0
1078.0,92.5,92.57579238282386,95.0
1079.0,92.5,92.57575757575758,95.00000000000001
1080.0,92.5,92.57572281660192,95.00000000000001
1081.0,92.5,92.57568810524708,95.0
1082.0,92.5,92.5756534415836,95.00000000000001
1083.0,92.5,92.57561882550236,95.00000000000001
1084.0,92.5,92.57558425689462,95.00000000000001
1085.0,92.5,92.57554973565193,95.0
1086.0,92.5,92.57551526166627,95.0
1087.0,92.5,92.5754808348299,94.99999999999999
1088.0,92.5,92.57544645503543,95.0
1089.0,92.5,92.57541212217585,95.0
1090.0,92.5,92.57537783614444,94.99999999999999
1091.0,92.5,92.57534359683487,94.99999999999999
1092.0,92.5,92.5753094041411,95.0
1093.0,92.5,92.57527525795746,95.0
1094.0,92.5,92.57524115817861,95.00000000000001
1095.0,92.5,92.57520710469952,95.0
1096.0,92.5,92.57517309741553,95.0
1097.0,92.5,92.57513913622229,95.0
1098.0,92.5,92.57510522101576,95.0
1099.0,92.5,92.57507135169227,95.0
1100.0,92.5,92.57503752814846,95.0
1101.0,92.5,92.57500375028127,95.00000000000001
1102.0,92.5,92.57497001798801,95.0
1103.0,92.5,92.57493633116628,95.0
1104.0,92.5,92.574902689714,95.0
1105.0,92.5,92.57486909352943,95.0
1106.0,92.5,92.57483554251115,95.00000000000001
1107.0,92.5,92.57480203655805,95.0
1108.0,92.5,92.57476857556932,95.00000000000001
1109.0,92.5,92.5747351594445,95.0
1110.0,92.5,92.5747017880834,95.0
1111.0,92.5,92.57466846138618,94.99999999999999
1112.0,92.5,92.5746351792533,95.0
1113.0,92.5,92.57460194158556,95.0
1114.0,92.5,92.574568748284,95.0
1115.0,92.5,92.57453559924998,95.00000000000001
1116.0,92.5,92.57450249438527,95.0
1117.0,92.5,92.57446943359182,95.0
1118.0,92.5,92.57443641677193,95.0
1119.0,92.5,92.57440344382822,95.0
1120.0,92.5,92.57437051466358,95.0
1121.0,92.5,92.57433762918126,95.0
1122.0,92.5,92.57430478728472,95.0
1123.0,92.5,92.5742719888778,95.0
1124.0,92.5,92.57423923386456,95.0
1125.0,92.5,92.57420652214944,94.99999999999999
1126.0,92.5,92.57417385363712,95.0
1127.0,92.5,92.57414122823258,95.0
1128.0,92.5,92.57410864584111,95.0
1129.0,92.5,92.57407610636824,95.0
1130.0,92.5,92.5740436097199,94.99999999999999
1131.0,92.5,92.57401115580217,95.00000000000001
1132.0,92.5,92.57397874452153,95.0
1133.0,92.5,92.57394637578467,95.0
1134.0,92.5,92.57391404949863,95.00000000000001
1135.0,92.5,92.57388176557069,94.99999999999999
1136.0,92.5,92.57384952390842,95.0
1137.0,92.5,92.57381732441968,95.0
1138.0,92.5,92.57378516701263,94.99999999999999
1139.0,92.5,92.57375305159565,95.00000000000001
1140.0,92.5,92.57372097807745,95.0
1141.0,92.5,92.57368894636701,95.0
1142.0,92.5,92.57365695637361,95.0
1143.0,92.5,92.57362500800672,95.0
1144.0,92.5,92.57359310117619,95.0
1145.0,92.5,92.57356123579207,94.99999999999999
1146.0,92.5,92.57352941176471,95.0
1147.0,92.5,92.57349762900472,95.0
1148.0,92.5,92.57346588742303,95.0
1149.0,92.5,92.57343418693075,94.99999999999999
1150.0,92.5,92.57340252743934,95.00000000000001
1151.0,92.5,92.57337090886047,95.0
1152.0,92.5,92.57333933110611,95.0
1153.0,92.5,92.57330779408848,95.00000000000001
1154.0,92.5,92.57327629772007,95.0
1155.0,92.5,92.57324484191363,95.0
1156.0,92.5,92.57321342658219,95.00000000000001
1157.0,92.5,92.57318205163898,95.00000000000001
1158.0,92.5,92.57315071699757,95.0
1159.0,92.5,92.57311942257176,95.0
1160.0,92.5,92.57308816827558,95.0
1161.0,92.5,92.57305695402336,95.0
1162.0,92.5,92.57302577972962,95.0
1163.0,92.5,92.57299464530922,95.0
1164.0,92.5,92.57296355067723,95.0
1165.0,92.5,92.57293249574894,95.00000000000001
1166.0,92.5,92.57290148043997,95.0
1167.0,92.5,92.57287050466614,95.0
1168.0,92.5,92.5728395683435,95.0
1169.0,92.5,92.57280867138842,95.0
1170.0,92.5,92.57277781371744,95.0
1171.0,92.5,92.57274699524741,95.0
1172.0,92.5,92.5727162158954,95.0
1173.0,92.5,92.5726854755787,95.0
1174.0,92.5,92.57265477421488,95.00000000000001
1175.0,92.5,92.57262411172177,95.0
1176.0,92.5,92.57259348801739,95.0
1177.0,92.5,92.57256290302003,95.00000000000001
1178.0,92.5,92.5725323566482,95.0
1179.0,92.5,92.57250184882072,95.0
1180.0,92.5,92.57247137945654,95.00000000000001
1181.0,92.5,92.57244094847498,94.99999999999999
1182.0,92.5,92.57241055579544,95.0
1183.0,92.5,92.57238020133768,95.0
1184.0,92.5,92.57234988502165,95.0
1185.0,92.5,92.57231960676755,95.0
1186.0,92.5,92.57228936649577,95.0
1187.0,92.5,92.57225916412702,95.0
1188.0,92.5,92.57222899958212,94.99999999999999
1189.0,92.5,92.57219887278224,95.0
1190.0,92.5,92.5721687836487,95.0
1191.0,92.5,92.57213873210308,94.99999999999999
1192.0,92.5,92.57210871806721,95.0
1193.0,92.5,92.57207874146312,95.0
1194.0,92.5,92.57204880221303,94.99999999999999
1195.0,92.5,92.57201890023946,95.0
1196.0,92.5,92.57198903546511,94.99999999999999
1197.0,92.5,92.57195920781292,95.0
1198.0,92.5,92.57192941720606,95.0
1199.0,92.5,92.57189966356789,95.0
1200.0,92.5,92.571869946822,95.0
