"tick","donation-normed-small","donation-small","donation-valued-small"
1.0,55.0,59.08248290463863,95.0
2.0,55.0,59.06138466053448,95.0
3.0,55.0,59.040610178208844,95.0
4.0,55.0,59.02015126103685,95.0
5.0,55.80403025220737,55.41080403025221,77.0
6.0,55.80403025220737,55.40969731700839,77.0
7.0,55.80403025220737,55.40876619390065,77.0
8.0,55.80403025220737,55.408006388603134,77.0
9.0,55.80403025220737,55.40124769870319,77.0
10.0,55.80403025220737,55.47753857142239,77.0
11.0,55.80403025220737,55.70438023270735,77.0
12.0,55.80403025220737,56.340183842094895,77.0
13.0,55.80403025220737,58.08739029213975,77.0
14.0,55.80403025220737,62.686278986104256,77.0
15.0,55.80403025220737,62.83480277819491,77.0
16.0,55.80403025220737,62.96315455479098,77.0
17.0,55.80403025220737,63.07531823980137,77.0
18.0,55.80403025220737,63.174261793463664,77.0
19.0,55.80403025220737,63.262247584088755,77.0
20.0,55.80403025220737,63.34103422893228,77.0
21.0,55.80403025220737,63.41201208020143,77.0
22.0,55.80403025220737,63.476296685281476,77.0
23.0,55.80403025220737,63.534794806093444,77.0
24.0,55.80403025220737,63.588252037585086,77.0
25.0,55.80403025220737,63.6372877945455,77.0
26.0,55.80403025220737,63.682421444727254,77.0
27.0,55.80403025220737,63.72409211973388,77.0
28.0,55.80403025220737,71.0413382273835,77.0
29.0,55.80403025220737,77.0,77.0
30.0,55.80403025220737,77.0,77.0
31.0,55.80403025220737,77.0,77.0
32.0,55.80403025220737,77.0,77.0
33.0,55.80403025220737,77.0,77.0
34.0,55.80403025220737,77.0,77.0
35.0,55.80403025220737,77.0,77.0
36.0,55.80403025220737,77.0,77.0
37.0,55.80403025220737,77.0,77.0
38.0,55.80403025220737,77.0,77.0
39.0,55.80403025220737,77.0,77.0
40.0,55.80403025220737,77.00000000000001,77.00000000000001
41.0,55.80403025220737,77.0,77.0
42.0,55.80403025220737,77.0,77.0
43.0,55.80403025220737,77.0,77.0
44.0,55.80403025220737,77.0,77.0
45.0,55.80403025220737,77.0,77.0
46.0,55.80403025220737,77.0,77.0
47.0,55.80403025220737,77.0,77.0
48.0,55.80403025220737,77.0,77.0
49.0,55.80403025220737,77.0,77.0
50.0,55.80403025220737,77.0,77.0
51.0,55.80403025220737,77.0,77.0
52.0,55.80403025220737,77.0,77.0
53.0,55.80403025220737,77.0,77.0
54.0,55.80403025220737,77.0,77.0
55.0,55.80403025220737,77.0,77.0
56.0,55.80403025220737,77.0,77.0
57.0,59.336691876839474,65.012,65.0
58.0,59.336691876839474,65.024,65.0
59.0,59.336691876839474,65.036,65.0
60.0,59.336691876839474,65.04799999999999,65.0
61.0,59.336691876839474,65.05315136214307,65.0
62.0,59.336691876839474,65.15036432870215,65.0
63.0,59.336691876839474,65.41461656919036,65.0
64.0,59.336691876839474,66.13292863263898,65.0
65.0,59.336691876839474,68.08550326187435,65.0
66.0,59.336691876839474,73.20526680779794,65.0
67.0,59.336691876839474,73.38186386506685,65.0
68.0,59.336691876839474,73.53589838486225,65.0
69.0,59.336691876839474,73.67179882264863,65.0
70.0,59.336691876839474,73.7928650970509,65.0
71.0,59.336691876839474,73.90161332303407,65.0
72.0,59.336691876839474,74.0,65.0
73.0,59.336691876839474,74.08957249956401,65.0
74.0,59.336691876839474,74.1715728752538,65.0
75.0,59.336691876839474,74.24701119355326,65.0
76.0,59.336691876839474,74.31671842700025,65.0
77.0,59.336691876839474,74.3813853171681,65.0
78.0,59.336691876839474,74.44159140373267,65.0
79.0,59.336691876839474,74.49782703131511,65.0
80.0,64.23289873959635,74.55051025721681,65.0
81.0,64.23289873959635,74.61389956540627,65.0
82.0,64.23289873959635,74.67440550915431,65.0
83.0,64.23289873959635,74.73229761946028,65.0
84.0,64.23289873959635,74.78781142356968,65.0
85.0,64.23289873959635,74.83322101142033,65.0
86.0,64.23289873959635,74.98327633844303,65.0
87.0,64.23289873959635,75.32498555251051,65.0
88.0,66.96456251676511,76.1909476256065,65.0
89.0,70.32096402080298,78.48106265894717,65.0
90.0,78.23841655336577,84.44284360236281,65.0
91.0,78.23841655336577,74.6987637717276,65.0
92.0,78.23841655336577,65.0,65.0
93.0,78.23841655336577,65.0,65.0
94.0,78.23841655336577,65.0,65.0
95.0,78.23841655336577,65.0,65.0
96.0,78.23841655336577,65.0,65.0
97.0,78.23841655336577,65.0,65.0
98.0,78.23841655336577,65.0,65.0
99.0,78.23841655336577,65.0,65.0
100.0,78.23841655336577,65.0,65.0
101.0,78.23841655336577,65.0,65.0
102.0,78.23841655336577,65.0,65.0
103.0,78.23841655336577,65.0,65.0
104.0,78.23841655336577,65.0,65.0
105.0,78.23841655336577,65.0,65.0
106.0,78.23841655336577,65.0,65.0
107.0,78.23841655336577,65.0,65.0
108.0,78.23841655336577,65.0,65.0
109.0,78.23841655336577,65.0,65.0
110.0,78.23841655336577,65.0,65.0
111.0,78.23841655336577,65.0,65.0
112.0,78.23841655336577,65.0,65.0
113.0,78.23841655336577,65.0,65.0
114.0,78.23841655336577,65.0,65.0
115.0,78.23841655336577,65.0,65.0
116.0,78.23841655336577,65.0,65.0
117.0,78.23841655336577,65.0,65.0
118.0,78.23841655336577,65.0,65.0
119.0,78.23841655336577,65.0,65.0
120.0,78.23841655336577,65.0,65.0
121.0,78.23841655336577,65.0,65.0
122.0,78.23841655336577,65.0,65.0
123.0,78.23841655336577,65.0,65.0
124.0,78.23841655336577,65.0,65.0
125.0,78.23841655336577,65.0,65.0
126.0,78.23841655336577,65.0,65.0
127.0,78.23841655336577,65.0,65.0
128.0,78.23841655336577,65.0,65.0
129.0,78.23841655336577,65.0,65.0
130.0,78.23841655336577,65.0,65.0
131.0,78.23841655336577,65.0,65.0
132.0,78.23841655336577,65.0,65.0
133.0,78.23841655336577,65.0,65.0
134.0,78.23841655336577,65.0,65.0
135.0,78.23841655336577,65.0,65.0
136.0,78.23841655336577,65.0,65.0
137.0,78.23841655336577,65.0,65.0
138.0,78.23841655336577,65.0,65.0
139.0,78.23841655336577,65.0,65.0
140.0,78.23841655336577,65.0,65.0
141.0,76.17341944286368,65.0,65.0
142.0,72.2836507223911,64.994,65.0
143.0,64.99279976,64.9819988,65.0
144.0,64.99279976,64.96999159976,65.0
145.0,64.99279976,64.95798439952,65.0
146.0,64.99279976,64.94940151820846,65.0
147.0,64.99279976,64.89821283848117,65.0
148.0,64.99279976,64.71746793787679,65.0
149.0,64.99279976,64.22611075225677,65.0
150.0,64.99279976,62.89046344330313,65.0
151.0,64.99279976,59.35373992786278,65.0
152.0,64.99279976,53.61887661199767,65.0
153.0,64.99279976,56.540280688648956,65.0
154.0,64.99279976,56.39529780640607,65.0
155.0,64.99279976,56.26680086026797,65.0
156.0,64.99279976,56.15188150344781,65.0
157.0,64.99279976,56.048303177150665,65.0
158.0,64.99279976,55.954313750218,65.0
159.0,64.99279976,55.86851835534114,65.0
160.0,64.99279976,55.78979080830894,65.0
161.0,64.99279976,55.71721048860389,65.0
162.0,64.99279976,55.65001645607313,65.0
163.0,64.99279976,55.58757350101789,65.0
164.0,64.99279976,55.529346623335734,65.0
165.0,64.99279976,55.474881573030906,65.0
166.0,64.99279976,55.42378982036586,65.0
167.0,64.99279976,55.37573681082912,65.0
168.0,64.99279976,55.33043268857052,65.0
169.0,64.99279976,55.287624897514604,65.0
170.0,64.99279976,55.247092226773795,65.0
171.0,64.99279976,55.20863997847846,65.0
172.0,64.99279976,55.17209601619398,65.0
173.0,64.99279976,55.13730751030291,65.0
174.0,64.99279976,55.104138239548355,65.0
175.0,64.99279976,55.07246633977639,65.0
176.0,64.99279976,55.04218241483144,65.0
177.0,64.99279976,55.01318794269536,65.0
178.0,64.99279976,54.985393923832135,65.0
179.0,64.99279976,54.95871972940148,65.0
180.0,64.99279976,54.93309211532045,65.0
181.0,64.99279976,54.908444374665606,65.0
182.0,64.99279976,54.884715606041766,65.0
183.0,64.99279976,54.861850079618456,65.0
184.0,64.99279976,54.83979668578814,65.0
185.0,64.99279976,54.81850845401332,65.0
186.0,64.99279976,54.79794213153995,65.0
187.0,64.99279976,54.778057813367504,65.0
188.0,64.99279976,54.75881861626413,65.0
189.0,64.99279976,54.740190390761605,65.0
190.0,64.99279976,54.722141466008054,65.0
191.0,64.99279976,54.70464242313815,65.0
192.0,64.99279976,54.68766589346816,65.0
193.0,64.99279976,54.671186378364744,65.0
194.0,64.99279976,54.65518008808885,65.0
195.0,64.99279976,54.63962479729661,65.0
196.0,64.99279976,54.624499715199796,65.0
197.0,64.99279976,54.60978536866016,65.0
198.0,64.99279976,54.595463496721436,65.0
199.0,64.99279976,54.581516955280215,65.0
200.0,64.99279976,54.567929630762706,65.0
201.0,64.99279976,54.55468636181961,65.0
202.0,64.99279976,54.5417728681727,65.0
203.0,60.808189470805424,54.52917568585443,65.0
204.0,56.626164107552874,54.5366962978828,65.0
205.0,56.626164107552874,54.52832168562602,65.0
206.0,56.626164107552874,54.52022732546116,65.0
207.0,56.626164107552874,54.51240247712622,65.0
208.0,56.626164107552874,54.493528617130856,65.0
209.0,56.626164107552874,54.63615310333484,65.0
210.0,56.626164107552874,54.93064836445938,65.0
211.0,56.626164107552874,55.74979147698972,65.0
212.0,56.626164107552874,57.99466865350245,65.0
213.0,56.626164107552874,63.804469019839864,65.0
214.0,56.626164107552874,68.24828181510115,65.0
215.0,56.626164107552874,79.09432582915151,65.0
216.0,56.626164107552874,65.0,65.0
217.0,56.626164107552874,65.0,65.0
218.0,56.626164107552874,65.0,65.0
219.0,56.626164107552874,65.0,65.0
220.0,56.626164107552874,65.0,65.0
221.0,56.626164107552874,65.0,65.0
222.0,56.626164107552874,65.0,65.0
223.0,56.626164107552874,65.0,65.0
224.0,56.626164107552874,65.0,65.0
225.0,56.626164107552874,65.0,65.0
226.0,56.626164107552874,65.0,65.0
227.0,56.626164107552874,65.0,65.0
228.0,56.626164107552874,65.0,65.0
229.0,56.626164107552874,65.0,65.0
230.0,56.626164107552874,65.0,65.0
231.0,56.626164107552874,65.0,65.0
232.0,56.626164107552874,65.0,65.0
233.0,56.626164107552874,65.0,65.0
234.0,56.626164107552874,65.0,65.0
235.0,56.626164107552874,65.0,65.0
236.0,56.626164107552874,65.0,65.0
237.0,56.626164107552874,65.0,65.0
238.0,56.626164107552874,65.0,65.0
239.0,56.626164107552874,65.0,65.0
240.0,56.626164107552874,65.0,65.0
241.0,56.626164107552874,65.0,65.0
242.0,56.626164107552874,65.0,65.0
243.0,56.626164107552874,65.0,65.0
244.0,56.626164107552874,65.0,65.0
245.0,56.626164107552874,65.0,65.0
246.0,56.626164107552874,65.0,65.0
247.0,56.626164107552874,65.0,65.0
248.0,56.626164107552874,65.0,65.0
249.0,56.626164107552874,65.0,65.0
250.0,56.626164107552874,65.0,65.0
251.0,56.626164107552874,65.0,65.0
252.0,56.626164107552874,65.0,65.0
253.0,56.626164107552874,65.0,65.0
254.0,56.626164107552874,65.0,65.0
255.0,56.626164107552874,65.0,65.0
256.0,56.626164107552874,65.0,65.0
257.0,56.626164107552874,65.0,65.0
258.0,56.626164107552874,65.0,65.0
259.0,56.626164107552874,65.0,65.0
260.0,56.626164107552874,65.0,65.0
261.0,56.626164107552874,65.0,65.0
262.0,56.626164107552874,65.0,65.0
263.0,56.626164107552874,65.0,65.0
264.0,56.626164107552874,65.0,65.0
265.0,60.812989710805425,65.0,65.0
266.0,60.812989710805425,64.988,65.0
267.0,64.99399999999999,64.976,65.0
268.0,64.99399999999999,64.9879952,65.0
269.0,64.99399999999999,64.9999904,65.0
270.0,64.99399999999999,65.01883423785694,65.0
271.0,64.99399999999999,64.94561647129784,65.0
272.0,64.99399999999999,64.69166489455091,65.0
273.0,64.99399999999999,64.16773987903385,65.0
274.0,64.99399999999999,62.74356402987868,65.0
275.0,64.99399999999999,59.060137286026986,65.0
276.0,64.99399999999999,62.78790845737711,65.0
277.0,64.99399999999999,77.13930231644166,65.0
278.0,64.99399999999999,81.76037498458764,65.0
279.0,64.99399999999999,73.53419120518528,65.0
280.0,64.99399999999999,73.6700644628841,65.0
281.0,64.99399999999999,73.79110652403149,65.0
282.0,64.99399999999999,73.89983300036945,65.0
283.0,64.99399999999999,73.99820000000001,65.0
284.0,64.99399999999999,74.08775458506409,65.0
285.0,64.99399999999999,74.16973856067877,65.0
286.0,64.99399999999999,74.24516179131454,65.0
287.0,64.99399999999999,74.31485508331485,65.0
288.0,64.99399999999999,74.37950904010465,65.0
289.0,64.99399999999999,74.43970308545194,65.0
290.0,64.99399999999999,74.49592746590885,65.0
291.0,64.99399999999999,74.54860015516537,65.0
292.0,64.99399999999999,74.59808,65.0
293.0,64.99399999999999,74.64467705706612,65.0
294.0,64.99399999999999,74.68866080345684,65.0
295.0,64.99399999999999,74.73026671931224,65.0
296.0,64.99399999999999,74.76970161068701,65.0
297.0,64.99399999999999,74.80714794802533,65.0
298.0,64.99399999999999,74.84276742840358,65.0
299.0,64.99399999999999,74.87670392050907,65.0
300.0,64.99399999999999,74.90908591490593,65.0
301.0,64.99399999999999,74.94002857489424,65.0
302.0,64.99399999999999,74.96963546269383,65.0
303.0,64.99399999999999,74.998,65.0
304.0,64.99399999999999,75.02520670990525,65.0
305.0,64.99399999999999,75.05133227784157,65.0
306.0,64.99399999999999,75.07644646190809,65.0
307.0,64.99399999999999,75.1006128772182,65.0
308.0,64.99399999999999,75.12388967436526,65.0
309.0,64.99399999999999,75.1463301284948,65.0
310.0,64.99399999999999,75.16798315257755,65.0
311.0,64.99399999999999,75.18889374614692,65.0
312.0,64.99399999999999,75.20910338887657,65.0
313.0,64.99399999999999,75.22865038683601,65.0
314.0,64.99399999999999,75.24757017800486,65.0
315.0,64.99399999999999,75.26589560259264,65.0
316.0,64.99399999999999,75.28365714285714,65.0
317.0,64.99399999999999,75.30088313640725,65.0
318.0,64.99399999999999,75.31759996638655,65.0
319.0,64.99399999999999,75.33383223144205,65.0
320.0,64.99399999999999,75.3496028979692,65.0
321.0,64.99399999999999,75.36493343677692,65.0
322.0,64.99399999999999,75.3798439460222,65.0
323.0,64.99399999999999,75.39435326201574,65.0
324.0,64.99399999999999,75.40847905928764,65.0
325.0,64.99399999999999,75.42223794112219,65.0
326.0,64.99399999999999,75.43564552161646,65.0
327.0,64.99399999999999,75.44871650018473,65.0
328.0,71.27207883759026,75.46146472931709,65.0
329.0,73.3620271592212,75.46218015514012,65.0
330.0,75.45694633773968,75.45868818553829,65.0
331.0,75.45694633773968,75.46900305233456,65.0
332.0,75.45694633773968,75.4790432669648,64.99999999999999
333.0,75.45694633773968,75.4955098904526,65.0
334.0,75.45694633773968,75.42401629971863,65.0
335.0,75.45694633773968,75.15105262736502,65.0
336.0,75.45694633773968,74.48795705109883,65.0
337.0,75.45694633773968,72.66706701246169,65.0
338.0,75.45694633773968,67.8829138642602,65.0
339.0,75.45694633773968,64.7216173711478,65.0
340.0,75.45694633773968,53.92992567756472,65.0
341.0,75.45694633773968,65.0,65.0
342.0,75.45694633773968,65.0,65.0
343.0,75.45694633773968,65.0,65.0
344.0,75.45694633773968,65.0,65.0
345.0,75.45694633773968,65.0,65.0
346.0,75.45694633773968,65.0,65.0
347.0,75.45694633773968,65.0,65.0
348.0,75.45694633773968,65.0,65.0
349.0,75.45694633773968,65.0,65.0
350.0,75.45694633773968,65.0,65.0
351.0,75.45694633773968,65.0,65.0
352.0,75.45694633773968,65.0,65.0
353.0,75.45694633773968,65.00000000000001,65.00000000000001
354.0,75.45694633773968,64.99999999999999,64.99999999999999
355.0,75.45694633773968,65.00000000000001,65.00000000000001
356.0,75.45694633773968,64.99999999999999,64.99999999999999
357.0,75.45694633773968,65.00000000000001,65.00000000000001
358.0,75.45694633773968,64.99999999999999,64.99999999999999
359.0,75.45694633773968,65.00000000000001,65.00000000000001
360.0,75.45694633773968,64.99999999999999,64.99999999999999
361.0,75.45694633773968,65.00000000000001,65.00000000000001
362.0,75.45694633773968,64.99999999999999,64.99999999999999
363.0,75.45694633773968,65.00000000000001,65.00000000000001
364.0,75.45694633773968,64.99999999999999,64.99999999999999
365.0,75.45694633773968,65.00000000000001,65.00000000000001
366.0,75.45694633773968,64.99999999999999,64.99999999999999
367.0,75.45694633773968,65.00000000000001,65.00000000000001
368.0,75.45694633773968,64.99999999999999,64.99999999999999
369.0,75.45694633773968,65.00000000000001,65.00000000000001
370.0,75.45694633773968,64.99999999999999,64.99999999999999
371.0,75.45694633773968,65.00000000000001,65.00000000000001
372.0,75.45694633773968,64.99999999999999,64.99999999999999
373.0,75.45694633773968,65.00000000000001,65.00000000000001
374.0,75.45694633773968,64.99999999999999,64.99999999999999
375.0,75.45694633773968,65.00000000000001,65.00000000000001
376.0,75.45694633773968,64.99999999999999,64.99999999999999
377.0,75.45694633773968,65.00000000000001,65.00000000000001
378.0,75.45694633773968,64.99999999999999,64.99999999999999
379.0,75.45694633773968,65.00000000000001,65.00000000000001
380.0,75.45694633773968,64.99999999999999,64.99999999999999
381.0,75.45694633773968,65.00000000000001,65.00000000000001
382.0,75.45694633773968,64.99999999999999,64.99999999999999
383.0,75.45694633773968,65.00000000000001,65.00000000000001
384.0,75.45694633773968,64.99999999999999,64.99999999999999
385.0,75.45694633773968,65.00000000000001,65.00000000000001
386.0,75.45694633773968,64.99999999999999,64.99999999999999
387.0,75.45694633773968,65.00000000000001,65.00000000000001
388.0,75.45694633773968,64.99999999999999,64.99999999999999
389.0,75.45694633773968,65.00000000000001,65.00000000000001
390.0,73.3644271592212,64.99999999999999,64.99999999999999
391.0,73.3644271592212,65.01200000000001,65.00000000000001
392.0,65.012,65.02399999999999,64.99999999999999
393.0,65.012,65.01201440000001,65.00000000000001
394.0,65.012,65.00002880000001,65.0
395.0,65.012,64.98119456214306,65.0
396.0,65.012,65.05442192870215,65.0
397.0,65.012,65.30837762653881,65.0
398.0,65.012,65.83238041242912,65.0
399.0,65.012,67.25676766337668,65.0
400.0,65.012,70.94076905687913,65.0
401.0,65.012,67.21455994523238,65.0
402.0,65.012,52.69866400174933,65.0
403.0,65.012,56.6231652532522,65.0
404.0,65.012,56.469223154168674,65.0
405.0,65.012,56.33340425664496,65.0
406.0,65.012,56.212410622007326,65.0
407.0,65.012,56.103727644959754,65.0
408.0,65.012,56.0054,65.0
409.0,65.012,55.91588124393573,65.0
410.0,65.012,55.83393006847134,65.0
411.0,65.012,55.75853701316287,65.0
412.0,65.012,55.68887160405594,65.0
413.0,65.012,55.624243514022204,65.0
414.0,65.012,55.564073551109566,65.0
415.0,65.012,55.50787166490369,65.0
416.0,65.012,55.45522004893751,65.0
417.0,65.012,55.405759999999994,65.0
418.0,65.012,55.35918158548521,65.0
419.0,65.012,55.31521543611245,65.0
420.0,65.012,55.27362616595252,65.0
421.0,65.012,55.234207051689744,65.0
422.0,65.012,55.19677569588265,65.0
423.0,65.012,55.1611704661467,65.0
424.0,65.012,55.1272475513535,65.0
425.0,65.012,55.094878512345495,65.0
426.0,65.012,55.06394823189708,65.0
427.0,65.012,55.03435318922163,65.0
428.0,65.012,55.006,65.0
429.0,65.012,54.978804174955684,65.0
430.0,65.012,54.95268905933701,65.0
431.0,65.012,54.92758492295365,65.0
432.0,65.012,54.903428176143365,65.0
433.0,65.012,54.88016069157768,65.0
434.0,65.012,54.85772921542537,65.0
435.0,65.012,54.836084854284856,65.0
436.0,65.012,54.8151826266261,65.0
437.0,65.012,54.794981069370635,65.0
438.0,65.012,54.77544189177445,65.0
439.0,65.012,54.756529670035945,65.0
440.0,65.012,54.738211577084336,65.0
441.0,65.012,54.720457142857136,65.0
442.0,65.012,54.703238041082805,65.0
443.0,65.012,54.68652789917311,65.0
444.0,65.012,54.670302128322476,65.0
445.0,65.012,54.65453777132384,65.0
446.0,65.012,54.639213365958334,65.0
447.0,65.012,54.62430882210983,65.0
448.0,65.012,54.60980531100366,65.0
449.0,65.012,54.59568516518096,65.0
450.0,65.012,54.58193178800008,65.0
451.0,65.012,54.56852957161082,65.0
452.0,62.92549276449597,54.55546382247987,65.0
453.0,58.74231137624552,54.552631786423724,65.0
454.0,56.65080205725261,54.551930927228625,65.0
455.0,56.65080205725261,54.54343818349969,65.0
456.0,56.65080205725261,54.535231008255245,65.0
457.0,56.65080205725261,54.52164191820142,65.0
458.0,56.65080205725261,54.58331322247079,65.0
459.0,56.65080205725261,54.80179225892806,65.0
460.0,56.65080205725261,55.358834000323434,65.0
461.0,56.65080205725261,56.8918463074657,65.0
462.0,56.65080205725261,60.922229358097184,65.0
463.0,56.65080205725261,60.518927161046975,65.0
464.0,56.65080205725261,57.21184334579036,65.0
465.0,56.65080205725261,57.218712805989036,65.0
466.0,56.65080205725261,68.82490563296801,65.0
467.0,56.65080205725261,72.26130787824911,65.0
468.0,56.65080205725261,65.0,65.0
469.0,56.65080205725261,65.0,65.0
470.0,56.65080205725261,65.0,65.0
471.0,56.65080205725261,65.0,65.0
472.0,56.65080205725261,65.0,65.0
473.0,56.65080205725261,65.0,65.0
474.0,56.65080205725261,65.0,65.0
475.0,56.65080205725261,65.0,65.0
476.0,56.65080205725261,65.0,65.0
477.0,56.65080205725261,65.0,65.0
478.0,56.65080205725261,65.0,65.0
479.0,56.65080205725261,65.0,65.0
480.0,56.65080205725261,65.0,65.0
481.0,56.65080205725261,65.0,65.0
482.0,56.65080205725261,65.0,65.0
483.0,56.65080205725261,65.0,65.0
484.0,56.65080205725261,65.0,65.0
485.0,56.65080205725261,65.0,65.0
486.0,56.65080205725261,65.0,65.0
487.0,56.65080205725261,65.0,65.0
488.0,56.65080205725261,65.0,65.0
489.0,56.65080205725261,65.0,65.0
490.0,56.65080205725261,65.0,65.0
491.0,56.65080205725261,65.0,65.0
492.0,56.65080205725261,65.0,65.0
493.0,56.65080205725261,65.0,65.0
494.0,56.65080205725261,65.0,65.0
495.0,56.65080205725261,65.0,65.0
496.0,56.65080205725261,65.0,65.0
497.0,56.65080205725261,65.0,65.0
498.0,56.65080205725261,65.0,65.0
499.0,56.65080205725261,65.0,65.0
500.0,56.65080205725261,65.0,65.0
501.0,56.65080205725261,65.0,65.0
502.0,56.65080205725261,65.0,65.0
503.0,56.65080205725261,65.0,65.0
504.0,56.65080205725261,65.0,65.0
505.0,56.65080205725261,65.0,65.0
506.0,56.65080205725261,65.0,65.0
507.0,56.65080205725261,65.0,65.0
508.0,56.65080205725261,65.0,65.0
509.0,56.65080205725261,65.0,65.0
510.0,56.65080205725261,65.0,65.0
511.0,56.65080205725261,65.0,65.0
512.0,56.65080205725261,65.0,65.0
513.0,56.65080205725261,65.0,65.0
514.0,56.65080205725261,65.0,65.0
515.0,56.65080205725261,65.0,65.0
516.0,56.65080205725261,65.0,65.0
517.0,60.828110961094296,65.0,65.0
518.0,62.91581819659833,64.988,65.0
519.0,65.0036,64.9879988,65.0
520.0,65.0036,64.9999952,65.0
521.0,65.0036,65.0119916,65.0
522.0,65.0036,65.03083663785695,65.0
523.0,65.0036,64.9507721183047,65.0
524.0,65.0036,64.78887345494958,65.0
525.0,65.0036,64.43198073073086,65.0
526.0,65.0036,63.46184572377789,65.0
527.0,65.0036,61.01262995066268,65.0
528.0,65.0036,67.9074685772723,65.0
529.0,65.0036,73.04875304825447,65.0
530.0,65.0036,81.91523228731758,65.0
531.0,65.0036,73.67093164276636,65.0
532.0,65.0036,73.7919858105412,65.0
533.0,65.0036,73.90072316170176,65.0
534.0,65.0036,73.9991,65.0
535.0,65.0036,74.08866354231405,65.0
536.0,65.0036,74.17065571796628,65.0
537.0,65.0036,74.2460864924339,65.0
538.0,65.0036,74.31578675515756,65.0
539.0,65.0036,74.38044717863637,65.0
540.0,65.0036,74.4406472445923,65.0
541.0,65.0036,74.49687724861197,65.0
542.0,65.0036,74.5495552061911,65.0
543.0,65.0036,74.59904,65.0
544.0,65.0036,74.64564171770395,65.0
545.0,65.0036,74.68962986334917,65.0
546.0,65.0036,74.73123994062844,65.0
547.0,65.0036,74.77067877628119,65.0
548.0,65.0036,74.80812885900234,65.0
549.0,65.0036,74.84375190204113,65.0
550.0,65.0036,74.8776917884747,65.0
551.0,65.0036,74.91007702171878,65.0
552.0,65.0036,74.94102277659206,65.0
553.0,65.0036,74.97063262567269,65.0
554.0,65.0036,74.99900000000001,65.0
555.0,65.0036,75.02620943112048,65.0
556.0,65.0036,75.05233761213621,65.0
557.0,65.0036,75.07745430812352,65.0
558.0,65.0036,75.10162314055859,65.0
559.0,65.0036,75.12490226585099,65.0
560.0,65.0036,75.14734496447485,65.0
561.0,65.0036,75.16900015429314,65.0
562.0,65.0036,75.18991283934017,65.0
563.0,65.0036,75.21012450343837,65.0
564.0,65.0036,75.22967345648863,65.0
565.0,65.0036,75.24859514001507,65.0
566.0,65.0036,75.26692239751189,65.0
567.0,65.0036,75.28468571428571,65.0
568.0,65.0036,75.30191343077978,65.0
569.0,65.0036,75.31863193277647,65.0
570.0,65.0036,75.33486582138318,65.0
571.0,65.0036,75.35063806529247,65.0
572.0,65.0036,75.36597013746074,65.0
573.0,65.0036,75.38088213805521,65.0
574.0,65.0036,75.39539290527061,65.0
575.0,65.0036,75.40952011540479,65.0
576.0,65.0036,75.42328037340276,65.0
577.0,65.0036,75.43668929492328,65.0
578.0,65.0036,75.44976158085088,65.0
579.0,65.0036,75.46251108506117,65.0
580.0,67.09619017523003,75.47495087615012,65.0
581.0,73.38364615148141,75.48318828392753,65.0
582.0,75.48190280630196,75.47943223632672,65.0
583.0,75.48190280630196,75.48949736574401,65.0
584.0,75.48190280630196,75.4992982599765,65.0
585.0,75.48190280630196,75.51107348231297,65.0
586.0,75.48190280630196,75.4993271374962,65.0
587.0,75.48190280630196,75.33512298723019,65.0
588.0,75.48190280630196,74.9681017564052,65.0
589.0,75.48190280630196,73.95242248612708,65.0
590.0,75.48190280630196,71.23503366998689,65.0
591.0,75.48190280630196,68.4858123090341,65.0
592.0,75.48190280630196,54.04454303081368,65.0
593.0,75.48190280630196,65.0,65.0
594.0,75.48190280630196,65.0,65.0
595.0,75.48190280630196,65.0,65.0
596.0,75.48190280630196,65.0,65.0
597.0,75.48190280630196,65.0,65.0
598.0,75.48190280630196,65.0,65.0
599.0,75.48190280630196,65.0,65.0
600.0,75.48190280630196,65.0,65.0
601.0,75.48190280630196,65.0,65.0
602.0,75.48190280630196,65.0,65.0
603.0,75.48190280630196,65.0,65.0
604.0,75.48190280630196,65.0,65.0
605.0,75.48190280630196,65.00000000000001,65.00000000000001
606.0,75.48190280630196,64.99999999999999,64.99999999999999
607.0,75.48190280630196,65.00000000000001,65.00000000000001
608.0,75.48190280630196,64.99999999999999,64.99999999999999
609.0,75.48190280630196,65.00000000000001,65.00000000000001
610.0,75.48190280630196,64.99999999999999,64.99999999999999
611.0,75.48190280630196,65.00000000000001,65.00000000000001
612.0,75.48190280630196,64.99999999999999,64.99999999999999
613.0,75.48190280630196,65.00000000000001,65.00000000000001
614.0,75.48190280630196,64.99999999999999,64.99999999999999
615.0,75.48190280630196,65.00000000000001,65.00000000000001
616.0,75.48190280630196,64.99999999999999,64.99999999999999
617.0,75.48190280630196,65.00000000000001,65.00000000000001
618.0,75.48190280630196,64.99999999999999,64.99999999999999
619.0,75.48190280630196,65.00000000000001,65.00000000000001
620.0,75.48190280630196,64.99999999999999,64.99999999999999
621.0,75.48190280630196,65.00000000000001,65.00000000000001
622.0,75.48190280630196,64.99999999999999,64.99999999999999
623.0,75.48190280630196,65.00000000000001,65.00000000000001
624.0,75.48190280630196,64.99999999999999,64.99999999999999
625.0,75.48190280630196,65.00000000000001,65.00000000000001
626.0,75.48190280630196,64.99999999999999,64.99999999999999
627.0,75.48190280630196,65.00000000000001,65.00000000000001
628.0,75.48190280630196,64.99999999999999,64.99999999999999
629.0,75.48190280630196,65.00000000000001,65.00000000000001
630.0,75.48190280630196,64.99999999999999,64.99999999999999
631.0,75.48190280630196,65.00000000000001,65.00000000000001
632.0,75.48190280630196,64.99999999999999,64.99999999999999
633.0,75.48190280630196,65.00000000000001,65.00000000000001
634.0,75.48190280630196,64.99999999999999,64.99999999999999
635.0,75.48190280630196,65.00000000000001,65.00000000000001
636.0,75.48190280630196,64.99999999999999,64.99999999999999
637.0,75.48190280630196,65.00000000000001,65.00000000000001
638.0,75.48190280630196,64.99999999999999,64.99999999999999
639.0,75.48190280630196,65.00000000000001,65.00000000000001
640.0,75.48190280630196,64.99999999999999,64.99999999999999
641.0,75.48190280630196,65.00000000000001,65.00000000000001
642.0,75.48190280630196,64.99999999999999,64.99999999999999
643.0,73.38604615148142,65.00000000000001,65.00000000000001
644.0,65.00600000000001,65.01199999999999,64.99999999999999
645.0,65.00600000000001,65.00000720000001,65.00000000000001
646.0,65.00600000000001,64.98801440000001,65.0
647.0,65.00600000000001,64.9760216,65.0
648.0,65.00600000000001,64.95718016214306,65.0
649.0,65.00600000000001,65.04409349523333,65.0
650.0,65.00600000000001,65.11397813038326,65.0
651.0,65.00600000000001,65.3039442641998,65.00000000000001
652.0,65.00600000000001,65.82032575377595,65.0
653.0,65.00600000000001,67.03611158600636,65.0
654.0,65.00600000000001,56.976253409555625,65.0
655.0,65.00600000000001,56.61981250770617,65.0
656.0,65.00600000000001,56.465808794814734,65.0
657.0,65.00600000000001,56.32993553711591,65.0
658.0,65.00600000000001,56.2088934759685,65.0
659.0,65.00600000000001,56.100166999630545,65.0
660.0,65.00600000000001,56.0018,65.0
661.0,65.00600000000001,55.91224541493591,65.0
662.0,65.00600000000001,55.83026143932125,65.0
663.0,65.00600000000001,55.75483820868545,65.0
664.0,65.00600000000001,55.68514491668515,65.0
665.0,65.00600000000001,55.62049095989534,65.0
666.0,65.00600000000001,55.560296914548076,65.0
667.0,65.00600000000001,55.504072534091165,65.0
668.0,65.00600000000001,55.45139984483462,65.0
669.0,65.00600000000001,55.40192,65.0
670.0,65.00600000000001,55.355322942933874,65.0
671.0,65.00600000000001,55.31133919654315,65.0
672.0,65.00600000000001,55.26973328068775,65.0
673.0,65.00600000000001,55.230298389313,65.0
674.0,65.00600000000001,55.19285205197466,65.0
675.0,65.00600000000001,55.15723257159644,65.0
676.0,65.00600000000001,55.12329607949093,65.0
677.0,65.00600000000001,55.090914085094084,65.0
678.0,65.00600000000001,55.059971425105765,65.0
679.0,65.00600000000001,55.03036453730618,65.0
680.0,65.00600000000001,55.002,65.0
681.0,65.00600000000001,54.97479329009476,65.0
682.0,65.00600000000001,54.94866772215843,65.0
683.0,65.00600000000001,54.923553538091916,65.0
684.0,65.00600000000001,54.8993871227818,65.0
685.0,65.00600000000001,54.87611032563475,65.0
686.0,65.00600000000001,54.85366987150519,65.0
687.0,65.00600000000001,54.832016847422466,65.0
688.0,65.00600000000001,54.81110625385309,65.0
689.0,65.00600000000001,54.790896611123436,65.0
690.0,65.00600000000001,54.771349613164,65.0
691.0,65.00600000000001,54.75242982199514,65.0
692.0,65.00600000000001,54.73410439740736,65.0
693.0,65.00600000000001,54.716342857142855,65.0
694.0,65.00600000000001,54.69911686359274,65.0
695.0,65.00600000000001,54.68240003361345,65.0
696.0,65.00600000000001,54.666167768557955,65.0
697.0,65.00600000000001,54.65039710203079,65.0
698.0,65.00600000000001,54.635066563223084,65.0
699.0,65.00600000000001,54.6201560539778,65.0
700.0,65.00600000000001,54.60564673798425,65.0
701.0,65.00600000000001,54.591520940712364,65.0
702.0,65.00600000000001,54.5777620588778,65.0
703.0,65.00600000000001,54.564354478383535,65.0
704.0,65.00600000000001,54.55128349981527,65.0
705.0,65.00600000000001,54.53853527068291,65.0
706.0,56.630740507149234,54.526096723697485,65.0
707.0,56.630740507149234,54.51758386096566,65.0
708.0,56.630740507149234,54.5093566810143,65.0
709.0,56.630740507149234,54.50140415322894,65.0
710.0,56.630740507149234,54.49371583420224,65.0
711.0,56.630740507149234,54.4842110622987,65.0
712.0,56.630740507149234,54.50278712285632,65.0
713.0,56.630740507149234,54.57210548539254,65.0
714.0,56.630740507149234,54.77894171379447,65.0
715.0,56.630740507149234,55.35919120140131,65.0
716.0,56.630740507149234,56.897289213885664,65.0
717.0,56.630740507149234,56.940967549853006,65.0
718.0,56.630740507149234,56.97802149348497,65.0
719.0,56.630740507149234,57.009783429431316,65.0
720.0,56.630740507149234,62.966781504702915,65.0
721.0,56.630740507149234,69.06874959776896,65.0
722.0,56.630740507149234,65.0,65.0
723.0,56.630740507149234,65.0,65.0
724.0,56.630740507149234,65.0,65.0
725.0,56.630740507149234,65.0,65.0
726.0,56.630740507149234,65.0,65.0
727.0,56.630740507149234,65.0,65.0
728.0,56.630740507149234,65.0,65.0
729.0,56.630740507149234,65.0,65.0
730.0,56.630740507149234,65.0,65.0
731.0,56.630740507149234,65.0,65.0
732.0,56.630740507149234,65.0,65.0
733.0,56.630740507149234,65.0,65.0
734.0,56.630740507149234,65.00000000000001,65.00000000000001
735.0,56.630740507149234,64.99999999999999,64.99999999999999
736.0,56.630740507149234,65.00000000000001,65.00000000000001
737.0,56.630740507149234,64.99999999999999,64.99999999999999
738.0,56.630740507149234,65.00000000000001,65.00000000000001
739.0,56.630740507149234,64.99999999999999,64.99999999999999
740.0,56.630740507149234,65.00000000000001,65.00000000000001
741.0,56.630740507149234,64.99999999999999,64.99999999999999
742.0,56.630740507149234,65.00000000000001,65.00000000000001
743.0,56.630740507149234,64.99999999999999,64.99999999999999
744.0,56.630740507149234,65.00000000000001,65.00000000000001
745.0,56.630740507149234,64.99999999999999,64.99999999999999
746.0,56.630740507149234,65.00000000000001,65.00000000000001
747.0,56.630740507149234,64.99999999999999,64.99999999999999
748.0,56.630740507149234,65.00000000000001,65.00000000000001
749.0,56.630740507149234,64.99999999999999,64.99999999999999
750.0,56.630740507149234,65.00000000000001,65.00000000000001
751.0,56.630740507149234,64.99999999999999,64.99999999999999
752.0,56.630740507149234,65.00000000000001,65.00000000000001
753.0,56.630740507149234,64.99999999999999,64.99999999999999
754.0,56.630740507149234,65.00000000000001,65.00000000000001
755.0,56.630740507149234,64.99999999999999,64.99999999999999
756.0,56.630740507149234,65.00000000000001,65.00000000000001
757.0,56.630740507149234,64.99999999999999,64.99999999999999
758.0,56.630740507149234,65.00000000000001,65.00000000000001
759.0,56.630740507149234,64.99999999999999,64.99999999999999
760.0,56.630740507149234,65.00000000000001,65.00000000000001
761.0,56.630740507149234,64.99999999999999,64.99999999999999
762.0,56.630740507149234,65.00000000000001,65.00000000000001
763.0,56.630740507149234,64.99999999999999,64.99999999999999
764.0,56.630740507149234,65.00000000000001,65.00000000000001
765.0,56.630740507149234,64.99999999999999,64.99999999999999
766.0,56.630740507149234,65.00000000000001,65.00000000000001
767.0,56.630740507149234,64.99999999999999,64.99999999999999
768.0,56.630740507149234,65.00000000000001,65.00000000000001
769.0,56.630740507149234,64.99999999999999,64.99999999999999
770.0,56.630740507149234,65.00000000000001,65.00000000000001
771.0,58.723033453012654,64.99999999999999,64.99999999999999
772.0,60.81781410827316,64.99400000000001,65.00000000000001
773.0,64.99640000000001,64.982,65.0
774.0,64.99640000000001,64.993994,65.0
775.0,64.99640000000001,65.00598799999999,65.0
776.0,64.99640000000001,65.02140631892847,65.0
777.0,64.99640000000001,64.99421815457738,65.0
778.0,64.99640000000001,64.82378569965881,65.00000000000001
779.0,64.99640000000001,64.52688087432529,65.0
780.0,64.99640000000001,63.719809882839435,65.0
781.0,64.99640000000001,61.61990576612552,65.0
782.0,64.99640000000001,62.87589843568537,65.0
783.0,64.99640000000001,81.40643098219198,65.0
784.0,64.99640000000001,73.37934930590733,65.0
785.0,64.99640000000001,73.53333761534678,65.0
786.0,64.99640000000001,73.66919728300184,65.0
787.0,64.99640000000001,73.79022723752179,65.0
788.0,64.99640000000001,73.89894283903716,65.0
789.0,64.99640000000001,73.9973,65.0
790.0,64.99640000000001,74.08684562781414,65.0
791.0,64.99640000000001,74.16882140339122,65.0
792.0,64.99640000000001,74.2442370901952,65.0
793.0,64.99640000000001,74.31392341147215,65.0
794.0,64.99640000000001,74.37857090157294,65.0
795.0,64.99640000000001,74.43875892631155,65.0
796.0,64.99640000000001,74.4949776832057,65.0
797.0,64.99640000000001,74.54764510413965,65.0
798.0,64.99640000000001,74.59712,65.0
799.0,64.99640000000001,74.64371239642828,65.0
800.0,64.99640000000001,74.68769174356453,65.0
801.0,64.99640000000001,74.72929349799604,65.0
802.0,64.99640000000001,74.76872444509281,65.0
803.0,64.99640000000001,74.80616703704834,65.0
804.0,64.99640000000001,74.841782954766,65.0
805.0,64.99640000000001,74.87571605254341,65.0
806.0,64.99640000000001,74.90809480809307,65.0
807.0,64.99640000000001,74.9390343731964,65.0
808.0,64.99640000000001,74.96863829971497,65.0
809.0,64.99640000000001,74.997,65.0
810.0,64.99640000000001,75.02420398869002,65.0
811.0,64.99640000000001,75.05032694354692,65.0
812.0,64.99640000000001,75.07543861569265,65.0
813.0,64.99640000000001,75.09960261387779,65.0
814.0,64.99640000000001,75.12287708287953,65.0
815.0,64.99640000000001,75.14531529251475,65.0
816.0,64.99640000000001,75.16696615086194,65.0
817.0,64.99640000000001,75.18787465295365,65.0
818.0,64.99640000000001,75.20808227431478,65.0
819.0,64.99640000000001,75.22762731718338,65.0
820.0,64.99640000000001,75.24654521599466,65.0
821.0,64.99640000000001,75.26486880767338,65.0
822.0,64.99640000000001,75.28262857142857,65.0
823.0,64.99640000000001,75.29985284203474,65.0
824.0,64.99640000000001,75.31656799999665,65.0
825.0,64.99640000000001,75.3327986415009,65.0
826.0,64.99640000000001,75.34856773064595,65.0
827.0,64.99640000000001,75.3638967360931,65.0
828.0,64.99640000000001,75.3788057539892,65.0
829.0,64.99640000000001,75.39331361876089,65.0
830.0,64.99640000000001,75.4074380031705,65.0
831.0,64.99640000000001,75.42119550884162,65.0
832.0,64.99640000000001,75.43460174830965,65.0
833.0,67.08353428390372,75.44767141951857,65.0
834.0,73.35390443328252,75.45650790785692,65.0
835.0,75.44931138228706,75.4533051151721,65.0
836.0,75.44931138228706,75.46389801543017,65.0
837.0,75.44931138228706,75.47420526148176,65.0
838.0,75.44931138228706,75.48646966313319,65.0
839.0,75.44931138228706,75.47516390238587,65.0
840.0,75.44931138228706,75.31113987093015,65.0
841.0,75.44931138228706,74.9437484860759,65.0
842.0,75.44931138228706,73.92625364873216,65.0
843.0,75.44931138228706,71.20323473314147,65.0
844.0,75.44931138228706,68.44454634726294,65.0
845.0,75.44931138228706,64.60798581956091,65.0
846.0,75.44931138228706,53.830524959183265,65.0
847.0,75.44931138228706,65.0,65.0
848.0,75.44931138228706,65.0,65.0
849.0,75.44931138228706,65.0,65.0
850.0,75.44931138228706,65.0,65.0
851.0,75.44931138228706,65.0,65.0
852.0,75.44931138228706,65.0,65.0
853.0,75.44931138228706,65.0,65.0
854.0,75.44931138228706,65.0,65.0
855.0,75.44931138228706,65.0,65.0
856.0,75.44931138228706,65.0,65.0
857.0,75.44931138228706,65.0,65.0
858.0,75.44931138228706,65.0,65.0
859.0,75.44931138228706,65.00000000000001,65.00000000000001
860.0,75.44931138228706,64.99999999999999,64.99999999999999
861.0,75.44931138228706,65.00000000000001,65.00000000000001
862.0,75.44931138228706,64.99999999999999,64.99999999999999
863.0,75.44931138228706,65.00000000000001,65.00000000000001
864.0,75.44931138228706,64.99999999999999,64.99999999999999
865.0,75.44931138228706,65.00000000000001,65.00000000000001
866.0,75.44931138228706,64.99999999999999,64.99999999999999
867.0,75.44931138228706,65.00000000000001,65.00000000000001
868.0,75.44931138228706,64.99999999999999,64.99999999999999
869.0,75.44931138228706,65.00000000000001,65.00000000000001
870.0,75.44931138228706,64.99999999999999,64.99999999999999
871.0,75.44931138228706,65.00000000000001,65.00000000000001
872.0,75.44931138228706,64.99999999999999,64.99999999999999
873.0,75.44931138228706,65.00000000000001,65.00000000000001
874.0,75.44931138228706,64.99999999999999,64.99999999999999
875.0,75.44931138228706,65.00000000000001,65.00000000000001
876.0,75.44931138228706,64.99999999999999,64.99999999999999
877.0,75.44931138228706,65.00000000000001,65.00000000000001
878.0,75.44931138228706,64.99999999999999,64.99999999999999
879.0,75.44931138228706,65.00000000000001,65.00000000000001
880.0,75.44931138228706,64.99999999999999,64.99999999999999
881.0,75.44931138228706,65.00000000000001,65.00000000000001
882.0,75.44931138228706,64.99999999999999,64.99999999999999
883.0,75.44931138228706,65.00000000000001,65.00000000000001
884.0,75.44931138228706,64.99999999999999,64.99999999999999
885.0,75.44931138228706,65.00000000000001,65.00000000000001
886.0,75.44931138228706,64.99999999999999,64.99999999999999
887.0,75.44931138228706,65.00000000000001,65.00000000000001
888.0,75.44931138228706,64.99999999999999,64.99999999999999
889.0,75.44931138228706,65.00000000000001,65.00000000000001
890.0,75.44931138228706,64.99999999999999,64.99999999999999
891.0,75.44931138228706,65.00000000000001,65.00000000000001
892.0,75.44931138228706,64.99999999999999,64.99999999999999
893.0,75.44931138228706,65.00000000000001,65.00000000000001
894.0,75.44931138228706,64.99999999999999,64.99999999999999
895.0,75.44931138228706,65.00000000000001,65.00000000000001
896.0,73.35630443328252,64.99999999999999,64.99999999999999
897.0,73.35630443328252,65.01200000000001,65.00000000000001
898.0,65.00600000000001,65.02399999999999,64.99999999999999
899.0,65.00600000000001,65.0120096,65.00000000000001
900.0,65.00600000000001,65.00001920000001,65.00000000000001
901.0,65.00600000000001,64.98118016214305,64.99999999999999
902.0,65.00600000000001,65.05440272870216,65.0
903.0,65.00600000000001,65.30835636599394,65.0
904.0,65.00600000000001,65.83232026669764,64.99999999999999
905.0,65.00600000000001,67.25660181674901,65.00000000000001
906.0,65.00600000000001,70.94031588542607,65.0
907.0,65.00600000000001,67.21332574392763,65.0
908.0,65.00600000000001,52.69702294838776,65.0
909.0,65.00600000000001,56.621488880479184,65.0
910.0,65.00600000000001,56.4675159744917,65.0
911.0,65.00600000000001,56.331669896880435,65.0
912.0,65.00600000000001,56.21065204898792,65.0
913.0,65.00600000000001,56.10194732229515,65.0
914.0,65.00600000000001,56.0036,65.0
915.0,65.00600000000001,55.91406332943583,65.0
916.0,65.00600000000001,55.83209575389629,65.0
917.0,65.00600000000001,55.75668761092416,65.0
918.0,65.00600000000001,55.68700826037054,65.0
919.0,65.00600000000001,55.62236723695877,65.0
920.0,65.00600000000001,55.56218523282882,65.0
921.0,65.00600000000001,55.50597209949743,65.0
922.0,65.00600000000001,55.453309946886066,65.0
923.0,65.00600000000001,55.40384,65.0
924.0,65.00600000000001,55.35725226420954,65.0
925.0,65.00600000000001,55.3132773163278,65.0
926.0,65.00600000000001,55.27167972332014,64.99999999999999
927.0,65.00600000000001,55.23225272050137,65.0
928.0,65.00600000000001,55.19481387392866,65.0
929.0,65.00600000000001,55.159201518871576,65.0
930.0,65.00600000000001,55.12527181542222,65.0
931.0,65.00600000000001,55.092896298719786,65.0
932.0,65.00600000000001,55.061959828501415,65.0
933.0,65.00600000000001,55.0323588632639,65.0
934.0,65.00600000000001,55.004,65.0
935.0,65.00600000000001,54.976798732525225,65.0
936.0,65.00600000000001,54.95067839074772,65.0
937.0,65.00600000000001,54.92556923052279,65.0
938.0,65.00600000000001,54.901407649462584,65.0
939.0,65.00600000000001,54.87813550860621,65.0
940.0,65.00600000000001,54.85569954346528,65.0
941.0,65.00600000000001,54.834050850853664,65.00000000000001
942.0,65.00600000000001,54.81314444023959,64.99999999999999
943.0,65.00600000000001,54.79293884024704,65.0
944.0,65.00600000000001,54.77339575246922,65.0
945.0,65.00600000000001,54.75447974601554,65.0
946.0,65.00600000000001,54.73615798724584,65.0
947.0,65.00600000000001,54.7184,65.0
948.0,65.00600000000001,54.70117745233777,65.0
949.0,65.00600000000001,54.68446396639328,65.0
950.0,65.00600000000001,54.668234948440215,65.0
951.0,65.00600000000001,54.65246743667731,65.0
952.0,65.00600000000001,54.63713996459071,65.0
953.0,65.00600000000001,54.62223243804382,65.0
954.0,65.00600000000001,54.60772602449396,65.0
955.0,65.00600000000001,54.59360305294666,65.0
956.0,65.00600000000001,54.579846923438936,65.0
957.0,65.00600000000001,54.56644202499718,65.0
958.0,62.92288840499945,54.55337366114757,65.0
959.0,58.73999682344652,54.55054127057607,65.0
960.0,56.64968695759459,54.54983800862112,65.0
961.0,56.64968695759459,54.54134412106614,65.0
962.0,56.64968695759459,54.533135859143634,65.0
963.0,56.64968695759459,54.51954448425759,65.0
964.0,56.64968695759459,54.58123160539187,65.0
965.0,56.64968695759459,54.79974019923632,65.0
966.0,56.64968695759459,55.356874454561165,65.0
967.0,56.64968695759459,56.89014200606883,65.0
968.0,56.64968695759459,63.001303802361065,65.0
969.0,56.64968695759459,68.12846051125591,65.0
970.0,56.64968695759459,66.63082753529913,65.0
971.0,56.64968695759459,66.75316872256302,65.0
972.0,56.64968695759459,66.8606338946472,65.0
973.0,56.64968695759459,66.95594476470369,65.0
974.0,56.64968695759459,67.04117594657208,65.0
975.0,56.64968695759459,67.11794007662321,65.0
976.0,56.64968695759459,67.18751207573905,65.0
977.0,56.64968695759459,67.25091486589453,65.0
978.0,56.64968695759459,67.30897991850723,65.0
979.0,56.64968695759459,67.3623909259625,65.0
980.0,56.64968695759459,67.41171588775366,65.0
981.0,56.64968695759459,67.45743107635607,65.0
982.0,56.64968695759459,67.49993920464881,65.0
983.0,56.64968695759459,67.53958338293305,65.0
984.0,56.64968695759459,67.57665797203043,65.0
985.0,56.64968695759459,67.61141711645973,65.0
986.0,56.64968695759459,67.64408152174416,65.0
987.0,56.64968695759459,67.67484388736986,65.0
988.0,56.64968695759459,67.70387329950539,65.0
989.0,56.64968695759459,67.73131881088754,65.0
990.0,56.64968695759459,67.75731237978722,65.0
991.0,56.64968695759459,67.78197129934085,65.0
992.0,56.64968695759459,67.80540021845414,65.0
993.0,56.64968695759459,67.8276928329846,65.0
994.0,56.64968695759459,67.84893330891487,65.0
995.0,56.64968695759459,67.86919748627709,65.0
996.0,56.64968695759459,67.8885539026328,65.0
997.0,56.64968695759459,67.9070646672004,65.0
998.0,56.64968695759459,67.92478621070157,65.0
999.0,56.64968695759459,67.94176993126543,65.0
1000.0,56.64968695759459,67.95806275298428,65.0
1001.0,56.64968695759459,65.0,65.0
1002.0,56.64968695759459,64.99999999999999,64.99999999999999
1003.0,56.64968695759459,65.0,65.0
1004.0,56.64968695759459,65.0,65.0
1005.0,56.64968695759459,65.0,65.0
1006.0,56.64968695759459,65.0,65.0
1007.0,56.64968695759459,65.00000000000001,65.00000000000001
1008.0,56.64968695759459,65.0,65.0
1009.0,56.64968695759459,65.00000000000001,65.00000000000001
1010.0,56.64968695759459,65.0,65.0
1011.0,56.64968695759459,65.0,65.0
1012.0,56.64968695759459,64.99999999999999,64.99999999999999
1013.0,56.64968695759459,65.0,65.0
1014.0,56.64968695759459,65.0,65.0
1015.0,56.64968695759459,65.0,65.0
1016.0,56.64968695759459,65.0,65.0
1017.0,56.64968695759459,65.0,65.0
1018.0,56.64968695759459,65.0,65.0
1019.0,58.739578703479374,65.0,65.0
1020.0,60.8274885693313,64.994,65.0
1021.0,62.91060016433187,64.982,65.0
1022.0,62.91060016433187,64.9819964,65.0
1023.0,62.91060016433187,64.9819928,65.0
1024.0,62.91060016433187,64.98541351892847,65.0
1025.0,62.91060016433187,64.9462277545774,65.0
1026.0,62.91060016433187,64.77064496778817,65.0
1027.0,62.91060016433187,64.37654661848887,65.0
1028.0,62.91060016433187,63.305276236962925,65.0
1029.0,62.91060016433187,60.48720371921305,65.0
1030.0,62.91060016433187,59.79101227446339,65.0
1031.0,62.91060016433187,56.54111887503546,65.0
1032.0,62.91060016433187,56.39615139624456,65.0
1033.0,62.91060016433187,56.26766804015023,65.0
1034.0,62.91060016433187,56.15276078995752,65.0
1035.0,62.91060016433187,56.04919333848297,65.0
1036.0,62.91060016433187,55.955213750218,65.0
1037.0,62.91060016433187,55.86942731259109,65.0
1038.0,62.91060016433187,55.79070796559646,65.0
1039.0,62.91060016433187,55.71813518972325,65.0
1040.0,62.91060016433187,55.650948127915825,65.0
1041.0,62.91060016433187,55.588511639549615,65.0
1042.0,62.91060016433187,55.53029078247611,65.0
1043.0,62.91060016433187,55.47583135573404,65.0
1044.0,62.91060016433187,55.42474487139159,65.0
1045.0,62.91060016433187,55.376696810829095,65.0
1046.0,62.91060016433187,55.331397349208366,65.0
1047.0,62.91060016433187,55.28859395740693,65.0
1048.0,62.91060016433187,55.248065448089996,65.0
1049.0,62.91060016433187,55.209617144072645,65.0
1050.0,62.91060016433187,55.17307692717099,65.0
1051.0,62.91060016433187,55.13829198394047,65.0
1052.0,62.91060016433187,55.105126107514,65.0
1053.0,62.91060016433187,55.07345744658924,65.0
1054.0,62.91060016433187,55.04317661652927,65.0
1055.0,62.91060016433187,55.01418510567422,65.0
1056.0,62.91060016433187,54.986393923832146,65.0
1057.0,62.91060016433187,54.95972245061673,65.0
1058.0,62.91060016433187,54.9340974496151,65.0
1059.0,62.91060016433187,54.909452220881036,65.0
1060.0,62.91060016433187,54.885725869382156,65.0
1061.0,62.91060016433187,54.86286267110418,65.0
1062.0,62.91060016433187,54.84081152176818,65.0
1063.0,62.91060016433187,54.81952545572892,65.0
1064.0,62.91060016433187,54.798961224733205,65.0
1065.0,62.91060016433187,54.779078927929305,65.0
1066.0,62.91060016433187,54.75984168591675,65.0
1067.0,62.91060016433187,54.7412153527718,65.0
1068.0,62.91060016433187,54.72316826092729,65.0
1069.0,62.91060016433187,54.70567099456671,65.0
1070.0,62.91060016433187,54.68869618784066,65.0
1071.0,62.91060016433187,54.67221834475465,65.0
1072.0,62.91060016433187,54.656213678029985,65.0
1073.0,62.91060016433187,54.640659964619864,65.0
1074.0,62.91060016433187,54.62553641588362,65.0
1075.0,62.91060016433187,54.61082356069317,65.0
1076.0,62.91060016433187,54.5965031399763,65.0
1077.0,62.91060016433187,54.58255801139737,65.0
1078.0,62.91060016433187,54.56897206304328,65.0
1079.0,62.91060016433187,54.555730135126424,65.0
1080.0,62.91060016433187,54.54281794883886,65.0
1081.0,60.81424457265157,54.53022204159851,65.0
1082.0,56.62753338929097,54.509835752427925,65.0
1083.0,56.62753338929097,54.491553123651734,65.0
1084.0,56.62753338929097,54.47355071839348,65.0
1085.0,56.62753338929097,54.455817797494454,65.0
1086.0,56.62753338929097,54.44296357021179,65.0
1087.0,56.62753338929097,54.36722960706687,65.0
1088.0,56.62753338929097,54.19297077861204,65.0
1089.0,56.62753338929097,53.73790628470692,65.0
1090.0,56.62753338929097,52.51912623765528,65.0
1091.0,56.62753338929097,54.64358072777816,65.0
1092.0,56.62753338929097,55.29262664123593,65.0
1093.0,56.62753338929097,55.21053849236936,65.0
1094.0,56.62753338929097,55.13737345185257,65.0
1095.0,56.62753338929097,55.07157116031944,65.0
1096.0,56.62753338929097,55.01192966641481,65.0
1097.0,56.62753338929097,54.95750626105748,65.0
1098.0,56.62753338929097,54.90754981973052,65.0
1099.0,56.62753338929097,54.861453500249716,65.0
1100.0,56.62753338929097,54.81872095007078,65.0
1101.0,56.62753338929097,54.77894169690398,65.0
1102.0,56.62753338929097,54.74177291676119,65.0
1103.0,56.62753338929097,54.70692571670671,65.0
1104.0,56.62753338929097,54.67415466946277,65.0
1105.0,56.62753338929097,54.643249727291085,65.0
1106.0,56.62753338929097,54.61402990173494,65.0
1107.0,56.62753338929097,54.58633827115435,65.0
1108.0,56.62753338929097,54.560037998668,65.0
1109.0,56.62753338929097,54.535009127486944,65.0
1110.0,56.62753338929097,54.51114598046639,65.0
1111.0,56.62753338929097,54.488355033715685,65.0
1112.0,56.62753338929097,54.46655316540663,65.0
1113.0,56.62753338929097,54.445666203960485,65.0
1114.0,56.62753338929097,54.425627716934095,65.0
1115.0,56.62753338929097,54.406377994805545,65.0
1116.0,56.62753338929097,46.180691385693116,65.0
1117.0,56.62753338929097,51.529209616431245,65.0
1118.0,56.62753338929097,51.49171951781957,65.0
1119.0,56.62753338929097,51.455739897857846,65.0
1120.0,56.62753338929097,51.4211719611672,65.0
1121.0,56.62753338929097,51.38792573001382,65.0
1122.0,56.62753338929097,51.35591905744971,65.0
1123.0,56.62753338929097,51.32507677219211,65.0
1124.0,56.62753338929097,51.29532993494692,65.0
1125.0,56.62753338929097,51.266615189406366,65.0
1126.0,56.62753338929097,51.23887419399696,65.0
1127.0,56.62753338929097,51.21205312276507,65.0
1128.0,56.62753338929097,51.18610222567239,65.0
1129.0,56.62753338929097,51.16097544012056,65.0
1130.0,56.62753338929097,51.13663004679583,65.0
1131.0,56.62753338929097,51.11302636397943,65.0
1132.0,56.62753338929097,51.0901274753431,65.0
1133.0,56.62753338929097,51.067898986978946,64.99999999999999
1134.0,56.62753338929097,51.0463088100241,65.0
1135.0,56.62753338929097,51.025326965752896,65.0
1136.0,56.62753338929097,51.00492541044293,65.0
1137.0,56.62753338929097,50.985077877686535,65.0
1138.0,56.62753338929097,50.96575973613046,65.0
1139.0,56.62753338929097,50.94694786089076,65.0
1140.0,56.62753338929097,50.92862051711597,65.0
1141.0,56.62753338929097,50.910757254364746,65.0
1142.0,53.806201151417156,50.893338810630915,65.0
1143.0,53.806201151417156,50.867525692753,65.0
1144.0,53.806201151417156,50.84212209349747,65.0
1145.0,53.806201151417156,50.81711182214233,65.0
1146.0,53.806201151417156,50.79247957023886,65.0
1147.0,53.806201151417156,50.77324535990079,65.0
1148.0,53.806201151417156,50.68668546060281,65.0
1149.0,53.806201151417156,50.47766995412889,65.0
1150.0,53.806201151417156,49.935194532078704,65.0
1151.0,53.806201151417156,48.48571184446492,65.0
1152.0,53.806201151417156,44.70829529807076,65.0
1153.0,53.806201151417156,44.564945940868256,65.0
1154.0,53.806201151417156,44.438463511894156,65.0
1155.0,53.806201151417156,44.325583013858825,65.0
1156.0,53.806201151417156,44.223869501545124,65.0
1157.0,53.806201151417156,44.13146463759909,65.0
1158.0,53.806201151417156,44.046921864291185,65.0
1159.0,53.806201151417156,43.969095754982646,65.0
1160.0,53.806201151417156,43.89706568080007,65.0
1161.0,53.806201151417156,43.83008188400975,65.0
1162.0,53.806201151417156,43.76752657693388,65.0
1163.0,53.806201151417156,43.70888535583203,65.0
1164.0,53.806201151417156,43.65372584497263,65.0
1165.0,53.806201151417156,43.60168150389898,65.0
1166.0,53.806201151417156,43.552439184102155,65.0
1167.0,53.806201151417156,43.50572945001026,65.0
1168.0,49.49948875835454,43.461318966289724,65.0
1169.0,49.49948875835454,43.40869773686284,65.0
1170.0,49.49948875835454,43.35799439119615,65.0
1171.0,49.49948875835454,43.3090521231407,65.0
1172.0,49.49948875835454,43.261732203755095,65.0
1173.0,49.49948875835454,43.22179359810594,65.0
1174.0,49.49948875835454,43.10417301630303,65.0
1175.0,47.20526610864675,42.84437414594415,65.0
1176.0,47.20526610864675,42.20340372094161,65.0
1177.0,47.20526610864675,40.50345620809986,65.0
1178.0,47.20526610864675,43.35215266168646,65.0
1179.0,47.20526610864675,43.183882269483775,65.0
1180.0,47.20526610864675,43.03150331586385,65.0
1181.0,47.20526610864675,42.95392759658227,65.0
1182.0,47.20526610864675,42.995853205895344,65.0
1183.0,47.20526610864675,43.33721752629197,65.0
1184.0,47.20526610864675,52.201449016369885,65.0
1185.0,47.20526610864675,65.00000000000001,65.00000000000001
1186.0,47.20526610864675,65.0,65.0
1187.0,47.20526610864675,65.0,65.0
1188.0,47.20526610864675,65.0,65.0
1189.0,47.20526610864675,65.0,65.0
1190.0,47.20526610864675,65.0,65.0
1191.0,47.20526610864675,65.0,65.0
1192.0,47.20526610864675,65.0,65.0
1193.0,47.20526610864675,65.0,65.0
1194.0,47.20526610864675,65.0,65.0
1195.0,47.20526610864675,65.0,65.0
1196.0,47.20526610864675,65.0,65.0
1197.0,47.20526610864675,65.0,65.0
1198.0,47.20526610864675,65.0,65.0
1199.0,47.20526610864675,65.0,65.0
1200.0,47.20526610864675,65.0,65.0
