"tick","donation-normed-big","donation-big group","donation-valued-big"
1.0,91.60788688554547,94.99947110156332,95.0
2.0,91.60788688554547,94.99894220312663,95.0
3.0,91.60788688554547,94.99841330468996,95.0
4.0,91.60788688554547,94.99788440625325,95.0
5.0,91.60788688554547,94.99765736063792,95.0
6.0,91.60788688554547,94.99337271180134,95.0
7.0,91.60788688554547,94.98172582872762,95.0
8.0,91.60788688554547,94.95006631811007,95.0
9.0,91.60788688554547,94.86400684570054,95.0
10.0,91.60788688554547,94.63835393439736,95.0
11.0,91.60788688554547,94.63057044210464,95.0
12.0,91.60788688554547,94.62378139071168,95.0
13.0,91.60788688554547,94.61779159662085,95.0
14.0,91.60788688554547,94.61245561634864,95.0
15.0,91.60788688554547,94.60766255245571,95.0
16.0,91.60788688554547,94.60332617248591,95.0
17.0,91.60788688554547,94.59937827623676,95.0
18.0,91.60788688554547,94.59576412036094,95.0
19.0,91.60788688554547,94.59243918630969,95.0
20.0,91.60788688554547,94.58936684907674,95.0
21.0,91.60788688554547,94.58651666431713,95.0
22.0,91.60788688554547,94.58386308889526,95.0
23.0,91.60788688554547,94.58138451093569,95.0
24.0,91.60788688554547,94.57906250461743,95.0
25.0,91.60788688554547,94.57688125065161,95.0
26.0,91.60788688554547,94.5748270805979,95.0
27.0,91.60788688554547,94.57288811491262,95.0
28.0,91.60788688554547,94.57105397276315,95.0
29.0,91.60788688554547,94.56931553737616,95.0
30.0,91.60788688554547,94.5676647647818,95.0
31.0,91.60788688554547,94.56609452677691,95.0
32.0,91.60788688554547,94.56459848109935,95.0
33.0,91.60788688554547,94.56317096341134,95.0
34.0,91.60788688554547,94.56180689689016,95.0
35.0,91.60788688554547,94.56050171613133,95.0
36.0,91.60788688554547,94.5592513027621,95.0
37.0,91.60788688554547,94.558051930693,95.0
38.0,91.60788688554547,94.5569002193475,95.0
39.0,91.60788688554547,94.55579309353132,95.0
40.0,91.60788688554547,94.55472774885595,95.0
41.0,91.60788688554547,94.55370162182868,95.0
42.0,91.60788688554547,94.55271236388481,95.0
43.0,91.60788688554547,94.5517578187602,95.0
44.0,91.60788688554547,94.55083600270956,95.0
45.0,91.60788688554547,94.54994508715598,95.0
46.0,91.60788688554547,94.54908338342669,95.0
47.0,91.60788688554547,94.54824932928486,95.0
48.0,91.60788688554547,94.54744147701311,95.0
49.0,91.60788688554547,94.54665848284101,95.0
50.0,91.60788688554547,94.54589909754235,95.0
51.0,91.60788688554547,94.54516215805091,95.0
52.0,91.60788688554547,94.5444465799677,95.0
53.0,91.60788688554547,94.54375135084918,95.0
54.0,91.60788688554547,94.54307552418314,95.0
55.0,91.60788688554547,94.54241821396857,95.0
56.0,91.60788688554547,94.54177858983158,95.0
57.0,91.60788688554547,94.54115587261361,95.0
58.0,91.60788688554547,94.5405493303808,95.0
59.0,91.60788688554547,94.53995827480605,95.0
60.0,91.60788688554547,94.53938205788512,95.0
61.0,91.60788688554547,94.5388200689491,95.0
62.0,91.60788688554547,94.53827173194375,95.0
63.0,91.60788688554547,94.5377365029469,95.0
64.0,91.60788688554547,94.53721386790022,95.0
65.0,91.60788688554547,94.53670334053344,95.0
66.0,91.60788688554547,94.53620446046278,95.0
67.0,91.60788688554547,94.53571679144528,95.0
68.0,91.60788688554547,94.53523991977563,95.0
69.0,91.60788688554547,94.53477345281061,95.0
70.0,91.60788688554547,94.53431701761039,95.0
71.0,91.60788688554547,94.53387025968509,95.0
72.0,91.60788688554547,94.53343284183774,95.0
73.0,91.60788688554547,94.53300444309443,95.0
74.0,91.60788688554547,94.5325847577145,95.0
75.0,91.60788688554547,94.53217349427338,95.0
76.0,91.60788688554547,94.53177037481211,95.0
77.0,91.60788688554547,94.5313751340478,95.0
78.0,91.60788688554547,94.5309875186399,95.0
79.0,91.60788688554547,94.53060728650784,95.0
80.0,91.60788688554547,94.53023420619566,95.0
81.0,91.60788688554547,94.52986805627953,95.0
82.0,91.60788688554547,94.5295086248163,95.0
83.0,91.60788688554547,94.52915570882698,95.0
84.0,91.60788688554547,94.52880911381584,95.0
85.0,91.60788688554547,94.52846865331938,95.0
86.0,91.60788688554547,94.5281341484853,95.0
87.0,91.60788688554547,94.52780542767718,95.0
88.0,91.60788688554547,94.52748232610487,95.0
89.0,91.60788688554547,94.52716468547703,95.0
90.0,91.60788688554547,94.52685235367545,95.0
91.0,91.60788688554547,94.52654518444884,95.0
92.0,91.60788688554547,94.52624303712511,95.0
93.0,91.60788688554547,94.52594577634065,95.0
94.0,91.60788688554547,94.52565327178557,95.0
95.0,91.60788688554547,94.5253653979636,95.0
96.0,91.60788688554547,94.52508203396597,95.0
97.0,91.60788688554547,94.52480306325792,95.0
98.0,91.60788688554547,94.52452837347727,95.0
99.0,91.60788688554547,94.52425785624455,95.0
100.0,91.60788688554547,94.52399140698307,95.0
101.0,91.60788688554547,94.52372892474911,95.0
102.0,91.60788688554547,94.52347031207135,95.0
103.0,91.60788688554547,94.52321547479865,95.0
104.0,91.60788688554547,94.52296432195621,95.0
105.0,91.60788688554547,94.52271676560886,95.0
106.0,91.60788688554547,94.52247272073208,95.0
107.0,91.60788688554547,94.5222321050888,95.0
108.0,91.60788688554547,94.52199483911359,95.0
109.0,91.60788688554547,94.5217608458015,95.0
110.0,91.60788688554547,94.5215300506035,95.0
111.0,91.60788688554547,94.52130238132662,95.0
112.0,91.60788688554547,94.52107776803881,95.0
113.0,91.60788688554547,94.52085614297907,95.0
114.0,91.60788688554547,94.52063744047126,95.0
115.0,91.60788688554547,94.52042159684248,95.0
116.0,91.60788688554547,94.52020855034533,95.0
117.0,91.60788688554547,94.51999824108329,95.0
118.0,91.60788688554547,94.51979061094038,95.0
119.0,91.60788688554547,94.51958560351352,95.0
120.0,91.60788688554547,94.51938316404818,95.0
121.0,91.60788688554547,94.5191832393768,95.0
122.0,91.60788688554547,94.51898577786056,95.0
123.0,91.60788688554547,94.51879072933274,95.0
124.0,91.60788688554547,94.5185980450457,95.0
125.0,91.60788688554547,94.5184076776194,95.0
126.0,91.60788688554547,94.51821958099255,95.0
127.0,91.60788688554547,94.51803371037579,95.0
128.0,91.60788688554547,94.51785002220691,95.0
129.0,91.60788688554547,94.51766847410791,95.0
130.0,91.60788688554547,94.51748902484393,95.0
131.0,91.60788688554547,94.51731163428389,95.0
132.0,91.60788688554547,94.51713626336294,95.0
133.0,91.60788688554547,94.5169628740461,95.0
134.0,91.60788688554547,94.51679142929372,95.0
135.0,91.60788688554547,94.51662189302824,95.0
136.0,91.60788688554547,94.51645423010235,95.0
137.0,91.60788688554547,94.51628840626817,95.0
138.0,91.60788688554547,94.51612438814819,95.0
139.0,91.60788688554547,94.51596214320669,95.0
140.0,91.60788688554547,94.51580163972292,95.0
141.0,91.60788688554547,94.51564284676489,95.0
142.0,91.60788688554547,94.5154857341644,95.0
143.0,91.60788688554547,94.51533027249283,95.0
144.0,91.60788688554547,94.51517643303832,95.0
145.0,91.60788688554547,94.51502418778293,95.0
146.0,91.60788688554547,94.51487350938189,95.0
147.0,91.60788688554547,94.51472437114228,95.0
148.0,91.60788688554547,94.51457674700376,95.0
149.0,91.60788688554547,94.51443061151906,95.0
150.0,91.60788688554547,94.51428593983569,95.0
151.0,91.60788688554547,94.51414270767819,95.0
152.0,91.60788688554547,94.51400089133102,95.0
153.0,91.60788688554547,94.51386046762191,95.0
154.0,91.60788688554547,94.51372141390635,95.0
155.0,91.60788688554547,94.51358370805174,95.0
156.0,91.60788688554547,94.51344732842297,95.0
157.0,91.60788688554547,94.51331225386794,95.0
158.0,91.60788688554547,94.51317846370394,95.0
159.0,91.60788688554547,94.51304593770423,95.0
160.0,91.60788688554547,94.51291465608523,95.0
161.0,91.60788688554547,94.51278459949404,95.0
162.0,91.60788688554547,94.51265574899668,95.0
163.0,91.60788688554547,94.51252808606613,95.0
164.0,91.60788688554547,94.51240159257162,95.0
165.0,91.60788688554547,94.51227625076734,95.0
166.0,91.60788688554547,94.5121520432824,95.0
167.0,91.60788688554547,94.51202895311035,95.0
168.0,91.60788688554547,94.51190696359967,95.0
169.0,91.60788688554547,94.51178605844417,95.0
170.0,91.60788688554547,94.51166622167393,95.0
171.0,91.60788688554547,94.51154743764623,95.0
172.0,91.60788688554547,94.51142969103735,95.0
173.0,91.60788688554547,94.51131296683387,95.0
174.0,91.60788688554547,94.51119725032486,95.0
175.0,91.60788688554547,94.51108252709395,95.0
176.0,91.60788688554547,94.51096878301206,95.0
177.0,91.60788688554547,94.51085600422967,95.0
178.0,91.60788688554547,94.51074417717012,95.0
179.0,91.60788688554547,94.51063328852253,95.0
180.0,91.60788688554547,94.51052332523524,95.0
181.0,91.60788688554547,94.51041427450926,95.0
182.0,91.60788688554547,94.51030612379215,95.0
183.0,91.60788688554547,94.51019886077177,95.0
184.0,91.60788688554547,94.51009247337062,95.0
185.0,91.60788688554547,94.50998694973991,95.0
186.0,91.60788688554547,94.50988227825411,95.0
187.0,91.60788688554547,94.50977844750571,95.0
188.0,91.60788688554547,94.50967544629971,95.0
189.0,91.60788688554547,94.5095732636487,95.0
190.0,91.60788688554547,94.50947188876809,95.0
191.0,91.60788688554547,94.50937131107098,95.0
192.0,91.60788688554547,94.50927152016382,95.0
193.0,91.60788688554547,94.50917250584176,95.0
194.0,91.60788688554547,94.50907425808435,95.0
195.0,91.60788688554547,94.50897676705117,95.0
196.0,91.60788688554547,94.50888002307777,95.0
197.0,91.60788688554547,94.50878401667154,95.0
198.0,91.60788688554547,94.50868873850808,95.0
199.0,91.60788688554547,94.50859417942696,95.0
200.0,91.60788688554547,94.50850033042843,95.0
201.0,91.60788688554547,94.50840718266954,95.0
202.0,91.60788688554547,94.50831472746087,95.0
203.0,91.60788688554547,94.50822295626284,95.0
204.0,91.60788688554547,94.50813186068271,95.0
205.0,91.60788688554547,94.50804143247115,95.0
206.0,91.60788688554547,94.50795166351914,95.0
207.0,91.60788688554547,94.50786254585489,95.0
208.0,91.60788688554547,94.50777407164111,95.0
209.0,91.60788688554547,94.50768623317167,95.0
210.0,91.60788688554547,94.50759902286916,95.0
211.0,91.60788688554547,94.50751243328206,95.0
212.0,91.60788688554547,94.50742645708188,95.0
213.0,91.60788688554547,94.50734108706074,95.0
214.0,91.60788688554547,94.50725631612887,95.0
215.0,91.60788688554547,94.50717213731191,95.0
216.0,91.60788688554547,94.50708854374881,95.0
217.0,91.60788688554547,94.50700552868915,95.0
218.0,91.60788688554547,94.50692308549111,95.0
219.0,91.60788688554547,94.50684120761906,95.0
220.0,91.60788688554547,94.50675988864157,95.0
221.0,91.60788688554547,94.50667912222907,95.0
222.0,91.60788688554547,94.50659890215198,95.0
223.0,91.60788688554547,94.50651922227858,95.0
224.0,91.60788688554547,94.50644007657303,95.0
225.0,91.60788688554547,94.50636145909351,95.0
226.0,91.60788688554547,94.50628336399042,95.0
227.0,91.60788688554547,94.50620578550419,95.0
228.0,91.60788688554547,94.50612871796407,95.0
229.0,91.60788688554547,94.50605215578584,95.0
230.0,91.60788688554547,94.50597609347052,95.0
231.0,91.60788688554547,94.50590052560237,95.0
232.0,91.60788688554547,94.50582544684767,95.0
233.0,91.60788688554547,94.5057508519526,95.0
234.0,91.60788688554547,94.50567673574231,95.0
235.0,91.60788688554547,94.50560309311894,95.0
236.0,91.60788688554547,94.50552991906028,95.0
237.0,91.60788688554547,94.5054572086185,95.0
238.0,91.60788688554547,94.50538495691858,95.0
239.0,91.60788688554547,94.5053131591568,95.0
240.0,91.60788688554547,94.50524181059981,95.0
241.0,91.60788688554547,94.5051709065829,95.0
242.0,91.60788688554547,94.50510044250899,95.0
243.0,91.60788688554547,94.50503041384722,95.0
244.0,91.60788688554547,94.50496081613181,95.0
245.0,91.60788688554547,94.50489164496086,95.0
246.0,91.60788688554547,94.50482289599516,95.0
247.0,91.60788688554547,94.50475456495698,95.0
248.0,91.60788688554547,94.50468664762913,95.0
249.0,91.60788688554547,94.50461913985373,95.0
250.0,91.60788688554547,94.5045520375311,95.0
251.0,91.60788688554547,94.5044853366188,95.0
252.0,91.60788688554547,94.50441903313073,95.0
253.0,91.60788688554547,94.50435312313577,95.0
254.0,91.60788688554547,94.50428760275717,95.0
255.0,91.60788688554547,94.50422246817145,95.0
256.0,91.60788688554547,94.50415771560736,95.0
257.0,91.60788688554547,94.50409334134507,95.0
258.0,91.60788688554547,94.50402934171547,95.0
259.0,91.60788688554547,94.50396571309867,95.0
260.0,91.60788688554547,94.50390245192399,95.0
261.0,91.60788688554547,94.50383955466837,95.0
262.0,91.60788688554547,94.50377701785608,95.0
263.0,91.60788688554547,94.50371483805748,95.0
264.0,91.60788688554547,94.50365301188867,95.0
265.0,91.60788688554547,94.5035915360102,95.0
266.0,91.60788688554547,94.50353040712693,95.0
267.0,91.60788688554547,94.50346962198665,95.0
268.0,91.60788688554547,94.5034091773799,95.0
269.0,91.60788688554547,94.50334907013887,95.0
270.0,91.60788688554547,94.50328929713696,95.0
271.0,91.60788688554547,94.50322985528784,95.0
272.0,91.60788688554547,94.50317074154509,95.0
273.0,91.60788688554547,94.50311195290125,95.0
274.0,91.60788688554547,94.50305348638746,95.0
275.0,91.60788688554547,94.50299533907253,95.0
276.0,91.60788688554547,94.50293750806257,95.0
277.0,91.60788688554547,94.50287999050022,95.0
278.0,91.60788688554547,94.50282278356423,95.0
279.0,91.60788688554547,94.50276588446864,95.0
280.0,91.60788688554547,94.50270929046246,95.0
281.0,91.60788688554547,94.50265299882892,95.0
282.0,91.60788688554547,94.50259700688503,95.0
283.0,91.60788688554547,94.50254131198102,95.0
284.0,91.60788688554547,94.5024859114998,95.0
285.0,91.60788688554547,94.50243080285641,95.0
286.0,91.60788688554547,94.50237598349767,95.0
287.0,91.60788688554547,94.50232145090135,95.0
288.0,91.60788688554547,94.50226720257609,95.0
289.0,91.60788688554547,94.50221323606073,95.0
290.0,91.60788688554547,94.50215954892366,95.0
291.0,91.60788688554547,94.50210613876268,95.0
292.0,91.60788688554547,94.5020530032045,95.0
293.0,91.60788688554547,94.50200013990388,95.0
294.0,91.60788688554547,94.50194754654393,95.0
295.0,91.60788688554547,94.50189522083492,95.0
296.0,91.60788688554547,94.5018431605145,95.0
297.0,91.60788688554547,94.50179136334677,95.0
298.0,91.60788688554547,94.50173982712231,95.0
299.0,91.60788688554547,94.50168854965739,95.0
300.0,91.60788688554547,94.50163752879395,95.0
301.0,91.60788688554547,94.50158676239894,95.0
302.0,91.60788688554547,94.5015362483641,95.0
303.0,91.60788688554547,94.5014859846055,95.0
304.0,91.60788688554547,94.50143596906334,95.0
305.0,91.60788688554547,94.50138619970124,95.0
306.0,91.60788688554547,94.5013366745064,95.0
307.0,91.60788688554547,94.50128739148879,95.0
308.0,91.60788688554547,94.50123834868117,95.0
309.0,91.60788688554547,94.50118954413841,95.0
310.0,91.60788688554547,94.50114097593756,95.0
311.0,91.60788688554547,94.50109264217716,95.0
312.0,91.60788688554547,94.50104454097722,95.0
313.0,91.60788688554547,94.50099667047868,95.0
314.0,91.60788688554547,94.50094902884341,95.0
315.0,91.60788688554547,94.50090161425342,95.0
316.0,91.60788688554547,94.50085442491121,95.0
317.0,91.60788688554547,94.50080745903881,95.0
318.0,91.60788688554547,94.50076071487814,95.0
319.0,91.60788688554547,94.50071419069015,95.0
320.0,91.60788688554547,94.50066788475506,95.0
321.0,91.60788688554547,94.50062179537171,95.0
322.0,91.60788688554547,94.5005759208575,95.0
323.0,91.60788688554547,94.50053025954803,95.0
324.0,91.60788688554547,94.50048480979702,95.0
325.0,91.60788688554547,94.50043956997578,95.0
326.0,91.60788688554547,94.50039453847316,95.0
327.0,91.60788688554547,94.5003497136953,95.0
328.0,91.60788688554547,94.50030509406542,95.0
329.0,91.60788688554547,94.50026067802334,95.0
330.0,91.60788688554547,94.50021646402566,95.0
331.0,91.60788688554547,94.50017245054512,95.0
332.0,91.60788688554547,94.50012863607076,95.0
333.0,91.60788688554547,94.50008501910733,95.0
334.0,91.60788688554547,94.5000415981754,95.0
335.0,91.60788688554547,94.49999837181093,95.0
336.0,91.60788688554547,94.49995533856516,95.0
337.0,91.60788688554547,94.49991249700439,95.0
338.0,91.60788688554547,94.49986984570985,95.0
339.0,91.60788688554547,94.49982738327725,95.0
340.0,91.60788688554547,94.49978510831696,95.0
341.0,91.60788688554547,94.49974301945348,95.0
342.0,91.60788688554547,94.49970111532552,95.0
343.0,91.60788688554547,94.49965939458554,95.0
344.0,91.60788688554547,94.4996178558999,95.0
345.0,91.60788688554547,94.49957649794833,95.0
346.0,91.60788688554547,94.49953531942408,95.0
347.0,91.60788688554547,94.49949431903343,95.0
348.0,91.60788688554547,94.49945349549586,95.0
349.0,91.60788688554547,94.49941284754348,95.0
350.0,91.60788688554547,94.49937237392135,95.0
351.0,91.60788688554547,94.49933207338681,95.0
352.0,91.60788688554547,94.49929194470968,95.0
353.0,91.60788688554547,94.49925198667202,95.0
354.0,91.60788688554547,94.4992121980679,95.0
355.0,91.60788688554547,94.49917257770325,95.0
356.0,91.60788688554547,94.49913312439577,95.0
357.0,91.60788688554547,94.49909383697481,95.0
358.0,91.60788688554547,94.49905471428114,95.0
359.0,91.60788688554547,94.49901575516672,95.0
360.0,91.60788688554547,94.49897695849499,95.0
361.0,91.60788688554547,94.49893832314005,95.0
362.0,91.60788688554547,94.49889984798716,95.0
363.0,91.60788688554547,94.49886153193216,95.0
364.0,91.60788688554547,94.49882337388169,95.0
365.0,91.60788688554547,94.49878537275268,95.0
366.0,91.60788688554547,94.4987475274726,95.0
367.0,91.60788688554547,94.49870983697905,95.0
368.0,91.60788688554547,94.49867230021982,95.0
369.0,91.60788688554547,94.49863491615255,95.0
370.0,91.60788688554547,94.49859768374493,95.0
371.0,91.60788688554547,94.49856060197428,95.0
372.0,91.60788688554547,94.49852366982758,95.0
373.0,91.60788688554547,94.49848688630125,95.0
374.0,91.60788688554547,94.49845025040129,95.0
375.0,91.60788688554547,94.49841376114277,95.0
376.0,91.60788688554547,94.49837741755006,95.0
377.0,91.60788688554547,94.49834121865653,95.0
378.0,91.60788688554547,94.49830516350461,95.0
379.0,91.60788688554547,94.49826925114544,95.0
380.0,91.60788688554547,94.49823348063906,95.0
381.0,91.60788688554547,94.49819785105399,95.0
382.0,91.60788688554547,94.49816236146741,95.0
383.0,91.60788688554547,94.49812701096484,95.0
384.0,91.60788688554547,94.49809179864025,95.0
385.0,91.60788688554547,94.49805672359577,95.0
386.0,91.60788688554547,94.4980217849417,95.0
387.0,91.60788688554547,94.4979869817964,95.0
388.0,91.60788688554547,94.49795231328622,95.0
389.0,91.60788688554547,94.49791777854526,95.0
390.0,91.60788688554547,94.49788337671555,95.0
391.0,91.60788688554547,94.49784910694665,95.0
392.0,91.60788688554547,94.49781496839589,95.0
393.0,91.60788688554547,94.49778096022796,95.0
394.0,91.60788688554547,94.49774708161502,95.0
395.0,91.60788688554547,94.49771333173663,95.0
396.0,91.60788688554547,94.49767970977953,95.0
397.0,91.60788688554547,94.49764621493765,95.0
398.0,91.60788688554547,94.49761284641205,95.0
399.0,91.60788688554547,94.49757960341077,95.0
400.0,91.60788688554547,94.4975464851488,95.0
401.0,91.60788688554547,94.49751349084794,95.0
402.0,91.60788688554547,94.49748061973685,95.0
403.0,91.60788688554547,94.49744787105077,95.0
404.0,91.60788688554547,94.49741524403181,95.0
405.0,91.60788688554547,94.49738273792835,95.0
406.0,91.60788688554547,94.49735035199541,95.0
407.0,91.60788688554547,94.49731808549433,95.0
408.0,91.60788688554547,94.49728593769296,95.0
409.0,91.60788688554547,94.49725390786517,95.0
410.0,91.60788688554547,94.49722199529131,95.0
411.0,91.60788688554547,94.49719019925764,95.0
412.0,91.60788688554547,94.4971585190566,95.0
413.0,91.60788688554547,94.49712695398657,95.0
414.0,91.60788688554547,94.49709550335191,95.0
415.0,91.60788688554547,94.49706416646282,95.0
416.0,91.60788688554547,94.49703294263536,95.0
417.0,91.60788688554547,94.49700183119124,95.0
418.0,91.60788688554547,94.49697083145799,95.0
419.0,91.60788688554547,94.49693994276859,95.0
420.0,91.60788688554547,94.4969091644617,95.0
421.0,91.60788688554547,94.49687849588149,95.0
422.0,91.60788688554547,94.49684793637745,95.0
423.0,91.60788688554547,94.4968174853046,95.0
424.0,91.60788688554547,94.4967871420233,95.0
425.0,91.60788688554547,94.49675690589895,95.0
426.0,91.60788688554547,94.49672677630245,95.0
427.0,91.60788688554547,94.49669675260967,95.0
428.0,91.60788688554547,94.49666683420168,95.0
429.0,91.60788688554547,94.49663702046455,95.0
430.0,91.60788688554547,94.49660731078939,95.0
431.0,91.60788688554547,94.49657770457225,95.0
432.0,91.60788688554547,94.49654820121403,95.0
433.0,91.60788688554547,94.49651880012057,95.0
434.0,91.60788688554547,94.49648950070241,95.0
435.0,91.60788688554547,94.49646030237487,95.0
436.0,91.60788688554547,94.49643120455801,95.0
437.0,91.60788688554547,94.49640220667644,95.0
438.0,91.60788688554547,94.49637330815948,95.0
439.0,91.60788688554547,94.49634450844086,95.0
440.0,91.60788688554547,94.49631580695903,95.0
441.0,91.60788688554547,94.49628720315668,95.0
442.0,91.60788688554547,94.49625869648108,95.0
443.0,91.60788688554547,94.49623028638372,95.0
444.0,91.60788688554547,94.49620197232059,95.0
445.0,91.60788688554547,94.49617375375178,95.0
446.0,91.60788688554547,94.49614563014174,95.0
447.0,91.60788688554547,94.49611760095911,95.0
448.0,91.60788688554547,94.49608966567668,95.0
449.0,91.60788688554547,94.49606182377123,95.0
450.0,91.60788688554547,94.4960340747238,95.0
451.0,91.60788688554547,94.49600641801932,95.0
452.0,91.60788688554547,94.4959788531468,95.0
453.0,91.60788688554547,94.4959513795991,95.0
454.0,91.60788688554547,94.49592399687313,95.0
455.0,91.60788688554547,94.49589670446954,95.0
456.0,91.60788688554547,94.49586950189288,95.0
457.0,91.60788688554547,94.4958423886515,95.0
458.0,91.60788688554547,94.49581536425748,95.0
459.0,91.60788688554547,94.49578842822662,95.0
460.0,91.60788688554547,94.49576158007852,95.0
461.0,91.60788688554547,94.49573481933619,95.0
462.0,91.60788688554547,94.49570814552655,95.0
463.0,91.60788688554547,94.49568155817978,95.0
464.0,91.60788688554547,94.4956550568299,95.0
465.0,91.60788688554547,94.49562864101428,95.0
466.0,91.60788688554547,94.49560231027381,95.0
467.0,91.60788688554547,94.49557606415276,95.0
468.0,91.60788688554547,94.4955499021989,95.0
469.0,91.60788688554547,94.49552382396334,95.0
470.0,91.60788688554547,94.49549782900053,95.0
471.0,91.60788688554547,94.49547191686823,95.0
472.0,91.60788688554547,94.49544608712746,95.0
473.0,91.60788688554547,94.49542033934254,95.0
474.0,91.60788688554547,94.49539467308101,95.0
475.0,91.60788688554547,94.49536908791353,95.0
476.0,91.60788688554547,94.49534358341401,95.0
477.0,91.60788688554547,94.4953181591594,95.0
478.0,91.60788688554547,94.49529281472984,95.0
479.0,91.60788688554547,94.49526754970839,95.0
480.0,91.60788688554547,94.49524236368134,95.0
481.0,91.60788688554547,94.49521725623785,95.0
482.0,91.60788688554547,94.49519222697018,95.0
483.0,91.60788688554547,94.49516727547338,95.0
484.0,91.60788688554547,94.49514240134566,95.0
485.0,91.60788688554547,94.49511760418791,95.0
486.0,91.60788688554547,94.49509288360404,95.0
487.0,91.60788688554547,94.49506823920073,95.0
488.0,91.60788688554547,94.49504367058755,95.0
489.0,91.60788688554547,94.49501917737672,95.0
490.0,91.60788688554547,94.49499475918348,95.0
491.0,91.60788688554547,94.49497041562557,95.0
492.0,91.60788688554547,94.49494614632361,95.0
493.0,91.60788688554547,94.49492195090085,95.0
494.0,91.60788688554547,94.49489782898317,95.0
495.0,91.60788688554547,94.49487378019921,95.0
496.0,91.60788688554547,94.4948498041801,95.0
497.0,91.60788688554547,94.49482590055966,95.0
498.0,91.60788688554547,94.49480206897431,95.0
499.0,91.60788688554547,94.49477830906294,95.0
500.0,91.60788688554547,94.49475462046698,95.0
501.0,91.60788688554547,94.49473100283036,95.0
502.0,91.60788688554547,94.49470745579958,95.0
503.0,91.60788688554547,94.49468397902352,95.0
504.0,91.60788688554547,94.49466057215352,95.0
505.0,91.60788688554547,94.49463723484335,95.0
506.0,91.60788688554547,94.49461396674917,95.0
507.0,91.60788688554547,94.49459076752944,95.0
508.0,91.60788688554547,94.49456763684515,95.0
509.0,91.60788688554547,94.49454457435947,95.0
510.0,91.60788688554547,94.4945215797379,95.0
511.0,91.60788688554547,94.49449865264825,95.0
512.0,91.60788688554547,94.49447579276074,95.0
513.0,91.60788688554547,94.49445299974752,95.0
514.0,91.60788688554547,94.49443027328334,95.0
515.0,91.60788688554547,94.49440761304491,95.0
516.0,91.60788688554547,94.49438501871121,95.0
517.0,91.60788688554547,94.49436248996342,95.0
518.0,91.60788688554547,94.49434002648486,95.0
519.0,91.60788688554547,94.49431762796088,95.0
520.0,91.60788688554547,94.49429529407922,95.0
521.0,91.60788688554547,94.49427302452938,95.0
522.0,91.60788688554547,94.49425081900328,95.0
523.0,91.60788688554547,94.49422867719456,95.0
524.0,91.60788688554547,94.49420659879922,95.0
525.0,91.60788688554547,94.49418458351504,95.0
526.0,91.60788688554547,94.49416263104196,95.0
527.0,91.60788688554547,94.49414074108192,95.0
528.0,91.60788688554547,94.49411891333874,95.0
529.0,91.60788688554547,94.49409714751822,95.0
530.0,91.60788688554547,94.49407544332821,95.0
531.0,91.60788688554547,94.49405380047834,95.0
532.0,91.60788688554547,94.49403221868032,95.0
533.0,91.60788688554547,94.4940106976475,95.0
534.0,91.60788688554547,94.49398923709546,95.0
535.0,91.60788688554547,94.49396783674129,95.0
536.0,91.60788688554547,94.4939464963041,95.0
537.0,91.60788688554547,94.4939252155049,95.0
538.0,91.60788688554547,94.49390399406639,95.0
539.0,91.60788688554547,94.4938828317131,95.0
540.0,91.60788688554547,94.49386172817138,95.0
541.0,91.60788688554547,94.49384068316932,95.0
542.0,91.60788688554547,94.49381969643679,95.0
543.0,91.60788688554547,94.49379876770536,95.0
544.0,91.60788688554547,94.49377789670847,95.0
545.0,91.60788688554547,94.49375708318094,95.0
546.0,91.60788688554547,94.49373632685973,95.0
547.0,91.60788688554547,94.49371562748316,95.0
548.0,91.60788688554547,94.49369498479136,95.0
549.0,91.60788688554547,94.49367439852603,95.0
550.0,91.60788688554547,94.49365386843067,95.0
551.0,91.60788688554547,94.49363339425021,95.0
552.0,91.60788688554547,94.49361297573135,95.0
553.0,91.60788688554547,94.49359261262232,95.0
554.0,91.60788688554547,94.49357230467298,95.0
555.0,91.60788688554547,94.49355205163477,95.0
556.0,91.60788688554547,94.4935318532606,95.0
557.0,91.60788688554547,94.4935117093051,95.0
558.0,91.60788688554547,94.49349161952426,95.0
559.0,91.60788688554547,94.49347158367574,95.0
560.0,91.60788688554547,94.49345160151874,95.0
561.0,91.60788688554547,94.49343167281371,95.0
562.0,91.60788688554547,94.49341179732289,95.0
563.0,91.60788688554547,94.49339197480987,95.0
564.0,91.60788688554547,94.4933722050397,95.0
565.0,91.60788688554547,94.49335248777888,95.0
566.0,91.60788688554547,94.49333282279542,95.0
567.0,91.60788688554547,94.49331320985863,95.0
568.0,91.60788688554547,94.4932936487395,95.0
569.0,91.60788688554547,94.49327413921003,95.0
570.0,91.60788688554547,94.49325468104402,95.0
571.0,91.60788688554547,94.49323527401644,95.0
572.0,91.60788688554547,94.49321591790368,95.0
573.0,91.60788688554547,94.49319661248352,95.0
574.0,91.60788688554547,94.49317735753506,95.0
575.0,91.60788688554547,94.49315815283873,95.0
576.0,91.60788688554547,94.49313899817643,95.0
577.0,91.60788688554547,94.49311989333113,95.0
578.0,91.60788688554547,94.49310083808741,95.0
579.0,91.60788688554547,94.49308183223091,95.0
580.0,91.60788688554547,94.49306287554874,95.0
581.0,91.60788688554547,94.49304396782914,95.0
582.0,91.60788688554547,94.49302510886177,95.0
583.0,91.60788688554547,94.49300629843738,95.0
584.0,91.60788688554547,94.4929875363482,95.0
585.0,91.60788688554547,94.4929688223875,95.0
586.0,91.60788688554547,94.4929501563499,95.0
587.0,91.60788688554547,94.49293153803116,95.0
588.0,91.60788688554547,94.4929129672284,95.0
589.0,91.60788688554547,94.49289444373977,95.0
590.0,91.60788688554547,94.49287596736477,95.0
591.0,91.60788688554547,94.49285753790394,95.0
592.0,91.60788688554547,94.49283915515916,95.0
593.0,91.60788688554547,94.49282081893332,95.0
594.0,91.60788688554547,94.49280252903061,95.0
595.0,91.60788688554547,94.49278428525623,95.0
596.0,91.60788688554547,94.49276608741678,95.0
597.0,91.60788688554547,94.49274793531967,95.0
598.0,91.60788688554547,94.49272982877363,95.0
599.0,91.60788688554547,94.49271176758845,95.0
600.0,91.60788688554547,94.49269375157512,95.0
601.0,91.60788688554547,94.49267578054554,95.0
602.0,91.60788688554547,94.49265785431292,95.0
603.0,91.60788688554547,94.49263997269144,95.0
604.0,91.60788688554547,94.49262213549636,95.0
605.0,91.60788688554547,94.49260434254398,95.0
606.0,91.60788688554547,94.49258659365181,95.0
607.0,91.60788688554547,94.49256888863822,95.0
608.0,91.60788688554547,94.49255122732275,95.0
609.0,91.60788688554547,94.4925336095259,95.0
610.0,91.60788688554547,94.49251603506934,95.0
611.0,91.60788688554547,94.49249850377555,95.0
612.0,91.60788688554547,94.49248101546821,95.0
613.0,91.60788688554547,94.49246356997192,95.0
614.0,91.60788688554547,94.4924461671123,95.0
615.0,91.60788688554547,94.4924288067159,95.0
616.0,91.60788688554547,94.49241148861043,95.0
617.0,91.60788688554547,94.49239421262436,95.0
618.0,91.60788688554547,94.4923769785873,95.0
619.0,91.60788688554547,94.4923597863297,95.0
620.0,91.60788688554547,94.4923426356831,95.0
621.0,91.60788688554547,94.49232552647987,95.0
622.0,91.60788688554547,94.4923084585534,95.0
623.0,91.60788688554547,94.4922914317379,95.0
624.0,91.60788688554547,94.49227444586873,95.0
625.0,91.60788688554547,94.49225750078193,95.0
626.0,91.60788688554547,94.49224059631462,95.0
627.0,91.60788688554547,94.49222373230475,95.0
628.0,91.60788688554547,94.4922069085912,95.0
629.0,91.60788688554547,94.49219012501379,95.0
630.0,91.60788688554547,94.49217338141314,95.0
631.0,91.60788688554547,94.49215667763082,95.0
632.0,91.60788688554547,94.49214001350921,95.0
633.0,91.60788688554547,94.49212338889173,95.0
634.0,91.60788688554547,94.4921068036224,95.0
635.0,91.60788688554547,94.4920902575463,95.0
636.0,91.60788688554547,94.49207375050933,95.0
637.0,91.60788688554547,94.49205728235827,95.0
638.0,91.60788688554547,94.49204085294059,95.0
639.0,91.60788688554547,94.49202446210471,95.0
640.0,91.60788688554547,94.49200810969985,95.0
641.0,91.60788688554547,94.49199179557613,95.0
642.0,91.60788688554547,94.49197551958437,95.0
643.0,91.60788688554547,94.49195928157626,95.0
644.0,91.60788688554547,94.4919430814043,95.0
645.0,91.60788688554547,94.49192691892172,95.0
646.0,91.60788688554547,94.49191079398274,95.0
647.0,91.60788688554547,94.49189470644212,95.0
648.0,91.60788688554547,94.4918786561556,95.0
649.0,91.60788688554547,94.4918626429795,95.0
650.0,91.60788688554547,94.4918466667712,95.0
651.0,91.60788688554547,94.49183072738855,95.0
652.0,91.60788688554547,94.49181482469035,95.0
653.0,91.60788688554547,94.49179895853602,95.0
654.0,91.60788688554547,94.49178312878595,95.0
655.0,91.60788688554547,94.49176733530105,95.0
656.0,91.60788688554547,94.49175157794306,95.0
657.0,91.60788688554547,94.49173585657446,95.0
658.0,91.60788688554547,94.49172017105852,95.0
659.0,91.60788688554547,94.4917045212591,95.0
660.0,91.60788688554547,94.49168890704095,95.0
661.0,91.60788688554547,94.49167332826931,95.0
662.0,91.60788688554547,94.4916577848104,95.0
663.0,91.60788688554547,94.49164227653092,95.0
664.0,91.60788688554547,94.49162680329846,95.0
665.0,91.60788688554547,94.49161136498113,95.0
666.0,91.60788688554547,94.49159596144784,95.0
667.0,91.60788688554547,94.49158059256817,95.0
668.0,91.60788688554547,94.49156525821243,95.0
669.0,91.60788688554547,94.49154995825148,95.0
670.0,91.60788688554547,94.49153469255698,95.0
671.0,91.60788688554547,94.49151946100118,95.0
672.0,91.60788688554547,94.4915042634571,95.0
673.0,91.60788688554547,94.49148909979826,95.0
674.0,91.60788688554547,94.49147396989898,95.0
675.0,91.60788688554547,94.49145887363412,95.0
676.0,91.60788688554547,94.49144381087936,95.0
677.0,91.60788688554547,94.4914287815108,95.0
678.0,91.60788688554547,94.49141378540533,95.0
679.0,91.60788688554547,94.4913988224404,95.0
680.0,91.60788688554547,94.49138389249423,95.0
681.0,91.60788688554547,94.49136899544541,95.0
682.0,91.60788688554547,94.49135413117345,95.0
683.0,91.60788688554547,94.4913392995582,95.0
684.0,91.60788688554547,94.49132450048042,95.0
685.0,91.60788688554547,94.49130973382113,95.0
686.0,91.60788688554547,94.49129499946224,95.0
687.0,91.60788688554547,94.4912802972862,95.0
688.0,91.60788688554547,94.49126562717592,95.0
689.0,91.60788688554547,94.49125098901511,95.0
690.0,91.60788688554547,94.49123638268793,95.0
691.0,91.60788688554547,94.49122180807916,95.0
692.0,91.60788688554547,94.4912072650742,95.0
693.0,91.60788688554547,94.49119275355893,95.0
694.0,91.60788688554547,94.49117827341996,95.0
695.0,91.60788688554547,94.49116382454429,95.0
696.0,91.60788688554547,94.49114940681966,95.0
697.0,91.60788688554547,94.49113502013428,95.0
698.0,91.60788688554547,94.49112066437694,95.0
699.0,91.60788688554547,94.49110633943693,95.0
700.0,91.60788688554547,94.49109204520425,95.0
701.0,91.60788688554547,94.49107778156923,95.0
702.0,91.60788688554547,94.49106354842301,95.0
703.0,91.60788688554547,94.49104934565693,95.0
704.0,91.60788688554547,94.4910351731633,95.0
705.0,91.60788688554547,94.49102103083455,95.0
706.0,91.60788688554547,94.49100691856391,95.0
707.0,91.60788688554547,94.49099283624498,95.0
708.0,91.60788688554547,94.49097878377208,95.0
709.0,91.60788688554547,94.49096476103986,95.0
710.0,91.60788688554547,94.49095076794357,95.0
711.0,91.60788688554547,94.49093680437898,95.0
712.0,91.60788688554547,94.49092287024234,95.0
713.0,91.60788688554547,94.4909089654304,95.0
714.0,91.60788688554547,94.49089508984056,95.0
715.0,91.60788688554547,94.49088124337048,95.0
716.0,91.60788688554547,94.49086742591851,95.0
717.0,91.60788688554547,94.49085363738348,95.0
718.0,91.60788688554547,94.4908398776646,95.0
719.0,91.60788688554547,94.49082614666163,95.0
720.0,91.60788688554547,94.4908124442749,95.0
721.0,91.60788688554547,94.49079877040504,95.0
722.0,91.60788688554547,94.49078512495343,95.0
723.0,91.60788688554547,94.4907715078216,95.0
724.0,91.60788688554547,94.49075791891188,95.0
725.0,91.60788688554547,94.49074435812683,95.0
726.0,91.60788688554547,94.4907308253696,95.0
727.0,91.60788688554547,94.49071732054372,95.0
728.0,91.60788688554547,94.49070384355335,95.0
729.0,91.60788688554547,94.49069039430283,95.0
730.0,91.60788688554547,94.49067697269733,95.0
731.0,91.60788688554547,94.49066357864211,95.0
732.0,91.60788688554547,94.49065021204315,95.0
733.0,91.60788688554547,94.49063687280668,95.0
734.0,91.60788688554547,94.4906235608396,95.0
735.0,91.60788688554547,94.49061027604895,95.0
736.0,91.60788688554547,94.49059701834258,95.0
737.0,91.60788688554547,94.49058378762842,95.0
738.0,91.60788688554547,94.49057058381511,95.0
739.0,91.60788688554547,94.49055740681156,95.0
740.0,91.60788688554547,94.49054425652719,95.0
741.0,91.60788688554547,94.49053113287182,95.0
742.0,91.60788688554547,94.49051803575573,95.0
743.0,91.60788688554547,94.49050496508947,95.0
744.0,91.60788688554547,94.49049192078432,95.0
745.0,91.60788688554547,94.49047890275166,95.0
746.0,91.60788688554547,94.49046591090342,95.0
747.0,91.60788688554547,94.49045294515201,95.0
748.0,91.60788688554547,94.49044000541012,95.0
749.0,91.60788688554547,94.49042709159092,95.0
750.0,91.60788688554547,94.49041420360798,95.0
751.0,91.60788688554547,94.49040134137523,95.0
752.0,91.60788688554547,94.4903885048071,95.0
753.0,91.60788688554547,94.49037569381834,95.0
754.0,91.60788688554547,94.49036290832406,95.0
755.0,91.60788688554547,94.49035014823981,95.0
756.0,91.60788688554547,94.49033741348163,95.0
757.0,91.60788688554547,94.49032470396573,95.0
758.0,91.60788688554547,94.49031201960898,95.0
759.0,91.60788688554547,94.49029936032828,95.0
760.0,91.60788688554547,94.49028672604129,95.0
761.0,91.60788688554547,94.4902741166658,95.0
762.0,91.60788688554547,94.49026153212009,95.0
763.0,91.60788688554547,94.4902489723227,95.0
764.0,91.60788688554547,94.49023643719275,95.0
765.0,91.60788688554547,94.49022392664946,95.0
766.0,91.60788688554547,94.49021144061265,95.0
767.0,91.60788688554547,94.4901989790024,95.0
768.0,91.60788688554547,94.49018654173915,95.0
769.0,91.60788688554547,94.49017412874373,95.0
770.0,91.60788688554547,94.49016173993738,95.0
771.0,91.60788688554547,94.49014937524151,95.0
772.0,91.60788688554547,94.49013703457817,95.0
773.0,91.60788688554547,94.49012471786946,95.0
774.0,91.60788688554547,94.49011242503813,95.0
775.0,91.60788688554547,94.49010015600697,95.0
776.0,91.60788688554547,94.49008791069944,95.0
777.0,91.60788688554547,94.49007568903909,95.0
778.0,91.60788688554547,94.49006349094994,95.0
779.0,91.60788688554547,94.49005131635627,95.0
780.0,91.60788688554547,94.49003916518286,95.0
781.0,91.60788688554547,94.49002703735461,95.0
782.0,91.60788688554547,94.4900149327969,95.0
783.0,91.60788688554547,94.4900028514354,95.0
784.0,91.60788688554547,94.48999079319614,95.0
785.0,91.60788688554547,94.48997875800544,95.0
786.0,91.60788688554547,94.48996674578999,95.0
787.0,91.60788688554547,94.48995475647672,95.0
788.0,91.60788688554547,94.48994278999308,95.0
789.0,91.60788688554547,94.48993084626653,95.0
790.0,91.60788688554547,94.48991892522515,95.0
791.0,91.60788688554547,94.48990702679721,95.0
792.0,91.60788688554547,94.48989515091131,95.0
793.0,91.60788688554547,94.48988329749629,95.0
794.0,91.60788688554547,94.4898714664815,95.0
795.0,91.60788688554547,94.48985965779633,95.0
796.0,91.60788688554547,94.48984787137074,95.0
797.0,91.60788688554547,94.48983610713483,95.0
798.0,91.60788688554547,94.48982436501912,95.0
799.0,91.60788688554547,94.48981264495428,95.0
800.0,91.60788688554547,94.48980094687147,95.0
801.0,91.60788688554547,94.48978927070202,95.0
802.0,91.60788688554547,94.48977761637761,95.0
803.0,91.60788688554547,94.48976598383018,95.0
804.0,91.60788688554547,94.48975437299205,95.0
805.0,91.60788688554547,94.48974278379572,95.0
806.0,91.60788688554547,94.48973121617408,95.0
807.0,91.60788688554547,94.48971967006023,95.0
808.0,91.60788688554547,94.48970814538772,95.0
809.0,91.60788688554547,94.48969664209008,95.0
810.0,91.60788688554547,94.4896851601015,95.0
811.0,91.60788688554547,94.48967369935617,95.0
812.0,91.60788688554547,94.48966225978869,95.0
813.0,91.60788688554547,94.48965084133391,95.0
814.0,91.60788688554547,94.489639443927,95.0
815.0,91.60788688554547,94.48962806750329,95.0
816.0,91.60788688554547,94.48961671199861,95.0
817.0,91.60788688554547,94.48960537734884,95.0
818.0,91.60788688554547,94.48959406349022,95.0
819.0,91.60788688554547,94.48958277035928,95.0
820.0,91.60788688554547,94.48957149789283,95.0
821.0,91.60788688554547,94.48956024602786,95.0
822.0,91.60788688554547,94.48954901470181,95.0
823.0,91.60788688554547,94.48953780385214,95.0
824.0,91.60788688554547,94.48952661341681,95.0
825.0,91.60788688554547,94.4895154433339,95.0
826.0,91.60788688554547,94.48950429354176,95.0
827.0,91.60788688554547,94.48949316397903,95.0
828.0,91.60788688554547,94.48948205458471,95.0
829.0,91.60788688554547,94.48947096529785,95.0
830.0,91.60788688554547,94.48945989605794,95.0
831.0,91.60788688554547,94.4894488468046,95.0
832.0,91.60788688554547,94.48943781747779,95.0
833.0,91.60788688554547,94.48942680801767,95.0
834.0,91.60788688554547,94.48941581836469,95.0
835.0,91.60788688554547,94.48940484845951,95.0
836.0,91.60788688554547,94.4893938982431,95.0
837.0,91.60788688554547,94.48938296765652,95.0
838.0,91.60788688554547,94.48937205664139,95.0
839.0,91.60788688554547,94.48936116513914,95.0
840.0,91.60788688554547,94.48935029309186,95.0
841.0,91.60788688554547,94.48933944044161,95.0
842.0,91.60788688554547,94.48932860713079,95.0
843.0,91.60788688554547,94.48931779310207,95.0
844.0,91.60788688554547,94.48930699829829,95.0
845.0,91.60788688554547,94.48929622266256,95.0
846.0,91.60788688554547,94.48928546613818,95.0
847.0,91.60788688554547,94.48927472866879,95.0
848.0,91.60788688554547,94.4892640101982,95.0
849.0,91.60788688554547,94.48925331067038,95.0
850.0,91.60788688554547,94.48924263002968,95.0
851.0,91.60788688554547,94.48923196822048,95.0
852.0,91.60788688554547,94.48922132518764,95.0
853.0,91.60788688554547,94.48921070087599,95.0
854.0,91.60788688554547,94.48920009523088,95.0
855.0,91.60788688554547,94.48918950819753,95.0
856.0,91.60788688554547,94.48917893972168,95.0
857.0,91.60788688554547,94.48916838974914,95.0
858.0,91.60788688554547,94.489157858226,95.0
859.0,91.60788688554547,94.48914734509849,95.0
860.0,91.60788688554547,94.48913685031323,95.0
861.0,91.60788688554547,94.48912637381686,95.0
862.0,91.60788688554547,94.48911591555633,95.0
863.0,91.60788688554547,94.4891054754788,95.0
864.0,91.60788688554547,94.48909505353167,95.0
865.0,91.60788688554547,94.48908464966252,95.0
866.0,91.60788688554547,94.48907426381913,95.0
867.0,91.60788688554547,94.48906389594946,95.0
868.0,91.60788688554547,94.48905354600186,95.0
869.0,91.60788688554547,94.48904321392462,95.0
870.0,91.60788688554547,94.48903289966644,95.0
871.0,91.60788688554547,94.48902260317614,95.0
872.0,91.60788688554547,94.48901232440284,95.0
873.0,91.60788688554547,94.48900206329563,95.0
874.0,91.60788688554547,94.4889918198041,95.0
875.0,91.60788688554547,94.48898159387787,95.0
876.0,91.60788688554547,94.4889713854668,95.0
877.0,91.60788688554547,94.48896119452087,95.0
878.0,91.60788688554547,94.48895102099048,95.0
879.0,91.60788688554547,94.48894086482596,95.0
880.0,91.60788688554547,94.48893072597804,95.0
881.0,91.60788688554547,94.48892060439749,95.0
882.0,91.60788688554547,94.48891050003546,95.0
883.0,91.60788688554547,94.48890041284305,95.0
884.0,91.60788688554547,94.4888903427718,95.0
885.0,91.60788688554547,94.48888028977325,95.0
886.0,91.60788688554547,94.48887025379935,95.0
887.0,91.60788688554547,94.48886023480189,95.0
888.0,91.60788688554547,94.48885023273323,95.0
889.0,91.60788688554547,94.48884024754571,95.0
890.0,91.60788688554547,94.4888302791919,95.0
891.0,91.60788688554547,94.48882032762451,95.0
892.0,91.60788688554547,94.48881039279657,95.0
893.0,91.60788688554547,94.48880047466109,95.0
894.0,91.60788688554547,94.48879057317144,95.0
895.0,91.60788688554547,94.4887806882811,95.0
896.0,91.60788688554547,94.48877081994378,95.0
897.0,91.60788688554547,94.48876096811325,95.0
898.0,91.60788688554547,94.48875113274366,95.0
899.0,91.60788688554547,94.48874131378906,95.0
900.0,91.60788688554547,94.48873151120404,95.0
901.0,91.60788688554547,94.48872172494299,95.0
902.0,91.60788688554547,94.48871195496075,95.0
903.0,91.60788688554547,94.48870220121222,95.0
904.0,91.60788688554547,94.48869246365248,95.0
905.0,91.60788688554547,94.48868274223678,95.0
906.0,91.60788688554547,94.48867303692063,95.0
907.0,91.60788688554547,94.48866334765953,95.0
908.0,91.60788688554547,94.48865367440939,95.0
909.0,91.60788688554547,94.48864401712602,95.0
910.0,91.60788688554547,94.48863437576573,95.0
911.0,91.60788688554547,94.4886247502846,95.0
912.0,91.60788688554547,94.48861514063928,95.0
913.0,91.60788688554547,94.48860554678629,95.0
914.0,91.60788688554547,94.48859596868246,95.0
915.0,91.60788688554547,94.48858640628468,95.0
916.0,91.60788688554547,94.4885768595502,95.0
917.0,91.60788688554547,94.48856732843616,95.0
918.0,91.60788688554547,94.48855781290013,95.0
919.0,91.60788688554547,94.48854831289964,95.0
920.0,91.60788688554547,94.48853882839252,95.0
921.0,91.60788688554547,94.48852935933667,95.0
922.0,91.60788688554547,94.48851990569017,95.0
923.0,91.60788688554547,94.48851046741129,95.0
924.0,91.60788688554547,94.48850104445845,95.0
925.0,91.60788688554547,94.48849163679017,95.0
926.0,91.60788688554547,94.4884822443653,95.0
927.0,91.60788688554547,94.48847286714253,95.0
928.0,91.60788688554547,94.48846350508109,95.0
929.0,91.60788688554547,94.48845415814002,95.0
930.0,91.60788688554547,94.48844482627872,95.0
931.0,91.60788688554547,94.48843550945666,95.0
932.0,91.60788688554547,94.48842620763358,95.0
933.0,91.60788688554547,94.48841692076914,95.0
934.0,91.60788688554547,94.4884076488234,95.0
935.0,91.60788688554547,94.48839839175638,95.0
936.0,91.60788688554547,94.48838914952842,95.0
937.0,91.60788688554547,94.48837992209981,95.0
938.0,91.60788688554547,94.48837070943122,95.0
939.0,91.60788688554547,94.4883615114832,95.0
940.0,91.60788688554547,94.48835232821669,95.0
941.0,91.60788688554547,94.48834315959266,95.0
942.0,91.60788688554547,94.48833400557226,95.0
943.0,91.60788688554547,94.48832486611667,95.0
944.0,91.60788688554547,94.48831574118739,95.0
945.0,91.60788688554547,94.48830663074594,95.0
946.0,91.60788688554547,94.48829753475411,95.0
947.0,91.60788688554547,94.4882884531736,95.0
948.0,91.60788688554547,94.48827938596651,95.0
949.0,91.60788688554547,94.48827033309493,95.0
950.0,91.60788688554547,94.48826129452112,95.0
951.0,91.60788688554547,94.48825227020745,95.0
952.0,91.60788688554547,94.48824326011656,95.0
953.0,91.60788688554547,94.48823426421099,95.0
954.0,91.60788688554547,94.48822528245371,95.0
955.0,91.60788688554547,94.48821631480752,95.0
956.0,91.60788688554547,94.48820736123567,95.0
957.0,91.60788688554547,94.48819842170124,95.0
958.0,91.60788688554547,94.48818949616766,95.0
959.0,91.60788688554547,94.48818058459845,95.0
960.0,91.60788688554547,94.48817168695714,95.0
961.0,91.60788688554547,94.48816280320757,95.0
962.0,91.60788688554547,94.48815393331363,95.0
963.0,91.60788688554547,94.48814507723927,95.0
964.0,91.60788688554547,94.48813623494873,95.0
965.0,91.60788688554547,94.48812740640618,95.0
966.0,91.60788688554547,94.48811859157615,95.0
967.0,91.60788688554547,94.4881097904231,95.0
968.0,91.60788688554547,94.48810100291178,95.0
969.0,91.60788688554547,94.48809222900685,95.0
970.0,91.60788688554547,94.48808346867335,95.0
971.0,91.60788688554547,94.48807472187627,95.0
972.0,91.60788688554547,94.48806598858087,95.0
973.0,91.60788688554547,94.48805726875233,95.0
974.0,91.60788688554547,94.48804856235614,95.0
975.0,91.60788688554547,94.48803986935788,95.0
976.0,91.60788688554547,94.48803118972317,95.0
977.0,91.60788688554547,94.4880225234178,95.0
978.0,91.60788688554547,94.48801387040773,95.0
979.0,91.60788688554547,94.48800523065897,95.0
980.0,91.60788688554547,94.48799660413769,95.0
981.0,91.60788688554547,94.48798799081014,95.0
982.0,91.60788688554547,94.48797939064283,95.0
983.0,91.60788688554547,94.48797080360215,95.0
984.0,91.60788688554547,94.48796222965485,95.0
985.0,91.60788688554547,94.48795366876757,95.0
986.0,91.60788688554547,94.48794512090731,95.0
987.0,91.60788688554547,94.487936586041,95.0
988.0,91.60788688554547,94.48792806413576,95.0
989.0,91.60788688554547,94.48791955515881,95.0
990.0,91.60788688554547,94.48791105907752,95.0
991.0,91.60788688554547,94.48790257585934,95.0
992.0,91.60788688554547,94.48789410547187,95.0
993.0,91.60788688554547,94.48788564788269,95.0
994.0,91.60788688554547,94.48787720305974,95.0
995.0,91.60788688554547,94.48786877097088,95.0
996.0,91.60788688554547,94.48786035158412,95.0
997.0,91.60788688554547,94.48785194486763,95.0
998.0,91.60788688554547,94.48784355078963,95.0
999.0,91.60788688554547,94.48783516931854,95.0
1000.0,91.60788688554547,94.4878268004228,95.0
1001.0,91.60788688554547,94.48781844407097,95.0
1002.0,91.60788688554547,94.4878101002318,95.0
1003.0,91.60788688554547,94.48780176887405,95.0
1004.0,91.60788688554547,94.48779344996669,95.0
1005.0,91.60788688554547,94.48778514347862,95.0
1006.0,91.60788688554547,94.48777684937912,95.0
1007.0,91.60788688554547,94.4877685676373,95.0
1008.0,91.60788688554547,94.48776029822263,95.0
1009.0,91.60788688554547,94.48775204110441,95.0
1010.0,91.60788688554547,94.48774379625235,95.0
1011.0,91.60788688554547,94.48773556363597,95.0
1012.0,91.60788688554547,94.48772734322516,95.0
1013.0,91.60788688554547,94.48771913498966,95.0
1014.0,91.60788688554547,94.4877109388996,95.0
1015.0,91.60788688554547,94.4877027549249,95.0
1016.0,91.60788688554547,94.48769458303586,95.0
1017.0,91.60788688554547,94.48768642320272,95.0
1018.0,91.60788688554547,94.48767827539581,95.0
1019.0,91.60788688554547,94.4876701395857,95.0
1020.0,91.60788688554547,94.48766201574301,95.0
1021.0,91.60788688554547,94.48765390383828,95.0
1022.0,91.60788688554547,94.48764580384245,95.0
1023.0,91.60788688554547,94.48763771572634,95.0
1024.0,91.60788688554547,94.48762963946096,95.0
1025.0,91.60788688554547,94.48762157501733,95.0
1026.0,91.60788688554547,94.48761352236674,95.0
1027.0,91.60788688554547,94.48760548148044,95.0
1028.0,91.60788688554547,94.48759745232981,95.0
1029.0,91.60788688554547,94.48758943488629,95.0
1030.0,91.60788688554547,94.48758142912156,95.0
1031.0,91.60788688554547,94.48757343500715,95.0
1032.0,91.60788688554547,94.48756545251497,95.0
1033.0,91.60788688554547,94.48755748161679,95.0
1034.0,91.60788688554547,94.48754952228464,95.0
1035.0,91.60788688554547,94.48754157449052,95.0
1036.0,91.60788688554547,94.4875336382066,95.0
1037.0,91.60788688554547,94.48752571340513,95.0
1038.0,91.60788688554547,94.48751780005847,95.0
1039.0,91.60788688554547,94.48750989813894,95.0
1040.0,91.60788688554547,94.48750200761924,95.0
1041.0,91.60788688554547,94.48749412847188,95.0
1042.0,91.60788688554547,94.48748626066957,95.0
1043.0,91.60788688554547,94.48747840418511,95.0
1044.0,91.60788688554547,94.48747055899146,95.0
1045.0,91.60788688554547,94.48746272506149,95.0
1046.0,91.60788688554547,94.48745490236837,95.0
1047.0,91.60788688554547,94.48744709088521,95.0
1048.0,91.60788688554547,94.4874392905853,95.0
1049.0,91.60788688554547,94.48743150144192,95.0
1050.0,91.60788688554547,94.48742372342856,95.0
1051.0,91.60788688554547,94.4874159565187,95.0
1052.0,91.60788688554547,94.48740820068599,95.0
1053.0,91.60788688554547,94.48740045590412,95.0
1054.0,91.60788688554547,94.4873927221468,95.0
1055.0,91.60788688554547,94.48738499938798,95.0
1056.0,91.60788688554547,94.48737728760159,95.0
1057.0,91.60788688554547,94.48736958676164,95.0
1058.0,91.60788688554547,94.48736189684232,95.0
1059.0,91.60788688554547,94.48735421781777,95.0
1060.0,91.60788688554547,94.48734654966239,95.0
1061.0,91.60788688554547,94.48733889235042,95.0
1062.0,91.60788688554547,94.48733124585645,95.0
1063.0,91.60788688554547,94.48732361015502,95.0
1064.0,91.60788688554547,94.48731598522072,95.0
1065.0,91.60788688554547,94.48730837102829,95.0
1066.0,91.60788688554547,94.48730076755251,95.0
1067.0,91.60788688554547,94.48729317476827,95.0
1068.0,91.60788688554547,94.4872855926506,95.0
1069.0,91.60788688554547,94.48727802117448,95.0
1070.0,91.60788688554547,94.48727046031505,95.0
1071.0,91.60788688554547,94.4872629100475,95.0
1072.0,91.60788688554547,94.48725537034721,95.0
1073.0,91.60788688554547,94.48724784118947,95.0
1074.0,91.60788688554547,94.48724032254977,95.0
1075.0,91.60788688554547,94.48723281440365,95.0
1076.0,91.60788688554547,94.48722531672672,95.0
1077.0,91.60788688554547,94.48721782949458,95.0
1078.0,91.60788688554547,94.48721035268318,95.0
1079.0,91.60788688554547,94.48720288626824,95.0
1080.0,91.60788688554547,94.48719543022575,95.0
1081.0,91.60788688554547,94.48718798453163,95.0
1082.0,91.60788688554547,94.48718054916206,95.0
1083.0,91.60788688554547,94.48717312409315,95.0
1084.0,91.60788688554547,94.48716570930121,95.0
1085.0,91.60788688554547,94.48715830476242,95.0
1086.0,91.60788688554547,94.4871509104533,95.0
1087.0,91.60788688554547,94.4871435263502,95.0
1088.0,91.60788688554547,94.4871361524298,95.0
1089.0,91.60788688554547,94.4871287886686,95.0
1090.0,91.60788688554547,94.4871214350434,95.0
1091.0,91.60788688554547,94.48711409153086,95.0
1092.0,91.60788688554547,94.4871067581079,95.0
1093.0,91.60788688554547,94.48709943475139,95.0
1094.0,91.60788688554547,94.48709212143835,95.0
1095.0,91.60788688554547,94.48708481814585,95.0
1096.0,91.60788688554547,94.48707752485097,95.0
1097.0,91.60788688554547,94.48707024153101,95.0
1098.0,91.60788688554547,94.48706296816319,95.0
1099.0,91.60788688554547,94.48705570472488,95.0
1100.0,91.60788688554547,94.48704845119354,95.0
1101.0,91.60788688554547,94.48704120754657,95.0
1102.0,91.60788688554547,94.48703397376171,95.0
1103.0,91.60788688554547,94.48702674981644,95.0
1104.0,91.60788688554547,94.48701953568856,95.0
1105.0,91.60788688554547,94.48701233135579,95.0
1106.0,91.60788688554547,94.48700513679606,95.0
1107.0,91.60788688554547,94.48699795198725,95.0
1108.0,91.60788688554547,94.48699077690736,95.0
1109.0,91.60788688554547,94.48698361153448,95.0
1110.0,91.60788688554547,94.48697645584673,95.0
1111.0,91.60788688554547,94.48696930982223,95.0
1112.0,91.60788688554547,94.48696217343937,95.0
1113.0,91.60788688554547,94.48695504667641,95.0
1114.0,91.60788688554547,94.48694792951183,95.0
1115.0,91.60788688554547,94.48694082192402,95.0
1116.0,91.60788688554547,94.48693372389158,95.0
1117.0,91.60788688554547,94.48692663539306,95.0
1118.0,91.60788688554547,94.48691955640724,95.0
1119.0,91.60788688554547,94.48691248691277,95.0
1120.0,91.60788688554547,94.48690542688848,95.0
1121.0,91.60788688554547,94.48689837631326,95.0
1122.0,91.60788688554547,94.48689133516604,95.0
1123.0,91.60788688554547,94.48688430342585,95.0
1124.0,91.60788688554547,94.48687728107171,95.0
1125.0,91.60788688554547,94.4868702680828,95.0
1126.0,91.60788688554547,94.48686326443834,95.0
1127.0,91.60788688554547,94.48685627011751,95.0
1128.0,91.60788688554547,94.48684928509978,95.0
1129.0,91.60788688554547,94.4868423093644,95.0
1130.0,91.60788688554547,94.48683534289094,95.0
1131.0,91.60788688554547,94.48682838565884,95.0
1132.0,91.60788688554547,94.48682143764778,95.0
1133.0,91.60788688554547,94.48681449883732,95.0
1134.0,91.60788688554547,94.4868075692072,95.0
1135.0,91.60788688554547,94.4868006487372,95.0
1136.0,91.60788688554547,94.48679373740715,95.0
1137.0,91.60788688554547,94.48678683519697,95.0
1138.0,91.60788688554547,94.48677994208661,95.0
1139.0,91.60788688554547,94.48677305805607,95.0
1140.0,91.60788688554547,94.48676618308549,95.0
1141.0,91.60788688554547,94.48675931715493,95.0
1142.0,91.60788688554547,94.48675246024467,95.0
1143.0,91.60788688554547,94.48674561233493,95.0
1144.0,91.60788688554547,94.4867387734061,95.0
1145.0,91.60788688554547,94.48673194343846,95.0
1146.0,91.60788688554547,94.4867251224126,95.0
1147.0,91.60788688554547,94.48671831030886,95.0
1148.0,91.60788688554547,94.48671150710796,95.0
1149.0,91.60788688554547,94.48670471279041,95.0
1150.0,91.60788688554547,94.48669792733695,95.0
1151.0,91.60788688554547,94.4866911507283,95.0
1152.0,91.60788688554547,94.48668438294531,95.0
1153.0,91.60788688554547,94.48667762396879,95.0
1154.0,91.60788688554547,94.48667087377972,95.0
1155.0,91.60788688554547,94.48666413235892,95.0
1156.0,91.60788688554547,94.48665739968762,95.0
1157.0,91.60788688554547,94.48665067574679,95.0
1158.0,91.60788688554547,94.4866439605176,95.0
1159.0,91.60788688554547,94.48663725398129,95.0
1160.0,91.60788688554547,94.48663055611907,95.0
1161.0,91.60788688554547,94.48662386691228,95.0
1162.0,91.60788688554547,94.48661718634234,95.0
1163.0,91.60788688554547,94.48661051439059,95.0
1164.0,91.60788688554547,94.48660385103864,95.0
1165.0,91.60788688554547,94.48659719626785,95.0
1166.0,91.60788688554547,94.48659055005999,95.0
1167.0,91.60788688554547,94.48658391239664,95.0
1168.0,91.60788688554547,94.4865772832595,95.0
1169.0,91.60788688554547,94.48657066263031,95.0
1170.0,91.60788688554547,94.48656405049098,95.0
1171.0,91.60788688554547,94.4865574468233,95.0
1172.0,91.60788688554547,94.4865508516092,95.0
1173.0,91.60788688554547,94.48654426483068,95.0
1174.0,91.60788688554547,94.4865376864698,95.0
1175.0,91.60788688554547,94.48653111650856,95.0
1176.0,91.60788688554547,94.48652455492926,95.0
1177.0,91.60788688554547,94.48651800171386,95.0
1178.0,91.60788688554547,94.4865114568448,95.0
1179.0,91.60788688554547,94.48650492030428,95.0
1180.0,91.60788688554547,94.48649839207472,95.0
1181.0,91.60788688554547,94.48649187213847,95.0
1182.0,91.60788688554547,94.48648536047804,95.0
1183.0,91.60788688554547,94.48647885707582,95.0
1184.0,91.60788688554547,94.4864723619145,95.0
1185.0,91.60788688554547,94.48646587497662,95.0
1186.0,91.60788688554547,94.4864593962449,95.0
1187.0,91.60788688554547,94.48645292570195,95.0
1188.0,91.60788688554547,94.48644646333065,95.0
1189.0,91.60788688554547,94.48644000911374,95.0
1190.0,91.60788688554547,94.48643356303414,95.0
1191.0,91.60788688554547,94.48642712507468,95.0
1192.0,91.60788688554547,94.48642069521843,95.0
1193.0,91.60788688554547,94.48641427344833,95.0
1194.0,91.60788688554547,94.48640785974747,95.0
1195.0,91.60788688554547,94.48640145409892,95.0
1196.0,91.60788688554547,94.48639505648595,95.0
1197.0,91.60788688554547,94.48638866689171,95.0
1198.0,91.60788688554547,94.48638228529946,95.0
1199.0,91.60788688554547,94.4863759116925,95.0
1200.0,91.60788688554547,94.48636954605425,95.0
