"tick","donation-normed-small","donation-small","donation-valued-small"
1.0,55.0,89.85749456354276,95.0
2.0,55.0,95.0,95.0
3.0,55.0,95.0,95.0
4.0,55.0,95.0,95.0
5.0,64.75,65.01183333333334,65.0
6.0,64.75,65.02366666666667,65.0
7.0,64.75,65.0355,65.0
8.0,64.75,65.04733333333333,65.0
9.0,64.75,65.05241314877996,65.0
10.0,64.75,65.14827593524797,65.0
11.0,64.75,65.40885800572937,65.0
12.0,64.75,66.11719351274122,65.0
13.0,64.75,68.04264904990387,65.0
14.0,64.75,73.09130476880075,65.00000000000001
15.0,64.75,73.26544908916311,64.99999999999999
16.0,64.75,73.41734424062805,65.00000000000001
17.0,64.75,73.55135717233405,64.99999999999999
18.0,64.75,73.67074197070299,65.00000000000001
19.0,64.75,73.77797980465859,64.99999999999999
20.0,64.75,73.87500000000001,65.00000000000001
21.0,64.75,73.96332843707005,64.99999999999999
22.0,64.75,74.04418991865307,65.00000000000001
23.0,64.75,74.11858048253167,64.99999999999999
24.0,64.75,74.1873195599586,65.00000000000001
25.0,64.75,74.25108829887408,64.99999999999999
26.0,64.75,74.31045818979196,65.00000000000001
27.0,64.75,74.36591276699127,64.99999999999999
28.0,64.75,74.41786428142215,65.00000000000001
29.0,64.75,74.46666666666665,64.99999999999999
30.0,64.75,74.51262573419817,65.00000000000001
31.0,64.75,74.5560072715298,64.99999999999999
32.0,64.75,74.59704353469542,65.00000000000001
33.0,64.75,74.63593849823822,64.99999999999999
34.0,64.75,74.67287213428519,65.00000000000001
35.0,64.75,74.70800392601649,64.99999999999999
36.0,64.75,74.74147577232314,65.00000000000001
37.0,64.75,74.77341440452423,64.99999999999999
38.0,64.75,74.80393340914698,65.00000000000001
39.0,64.75,74.83313493047584,64.99999999999999
40.0,64.75,74.86111111111113,65.00000000000001
41.0,64.75,74.8879453168866,64.99999999999999
42.0,64.75,74.91371318328599,65.00000000000001
43.0,64.75,74.93848351330645,64.99999999999999
44.0,64.75,74.96231905106704,65.00000000000001
45.0,64.75,74.98527715098481,64.99999999999999
46.0,64.75,75.00741035878191,65.00000000000001
47.0,64.75,75.02876691773083,64.99999999999999
48.0,64.75,75.04939121124823,65.00000000000001
49.0,64.75,75.06932415108349,64.99999999999999
50.0,64.75,75.08860351883372,65.00000000000001
51.0,64.75,75.1072642672749,64.99999999999999
52.0,64.75,75.1253387869807,65.00000000000001
53.0,64.75,75.14285714285712,64.99999999999999
54.0,64.75,75.15984728452518,65.00000000000001
55.0,64.75,75.17633523390018,64.99999999999999
56.0,64.75,75.1923452528337,65.00000000000001
57.0,64.75,75.20789999327384,64.99999999999999
58.0,64.75,75.22302063205922,65.00000000000001
59.0,64.75,75.23772699217032,64.99999999999999
60.0,64.75,75.25203765201816,65.00000000000001
61.0,67.4698606754946,75.26597004413969,64.99999999999999
62.0,75.6332921797234,75.27559373850212,65.00000000000001
63.0,75.6332921797234,75.27303437291546,64.99999999999999
64.0,75.6332921797234,75.27014301403091,65.0
65.0,75.6332921797234,75.26693332467539,65.0
66.0,75.6332921797234,75.2656707136359,65.0
67.0,75.6332921797234,75.24059108657221,65.0
68.0,75.6332921797234,75.06948259705639,65.0
69.0,75.6332921797234,74.58399839606328,65.0
70.0,75.6332921797234,73.24442818001137,65.0
71.0,75.6332921797234,69.6454643335101,65.0
72.0,75.6332921797234,56.90648311695181,65.0
73.0,75.6332921797234,65.0,65.0
74.0,75.6332921797234,65.0,65.0
75.0,75.6332921797234,65.0,65.0
76.0,75.6332921797234,65.0,65.0
77.0,75.6332921797234,65.00000000000001,65.00000000000001
78.0,75.6332921797234,65.0,65.0
79.0,75.6332921797234,65.0,65.0
80.0,75.6332921797234,65.0,65.0
81.0,75.6332921797234,65.0,65.0
82.0,75.6332921797234,65.0,65.0
83.0,75.6332921797234,65.0,65.0
84.0,75.6332921797234,65.0,65.0
85.0,75.6332921797234,65.00000000000001,65.00000000000001
86.0,75.6332921797234,64.99999999999999,64.99999999999999
87.0,75.6332921797234,65.00000000000001,65.00000000000001
88.0,75.6332921797234,64.99999999999999,64.99999999999999
89.0,75.6332921797234,65.00000000000001,65.00000000000001
90.0,75.6332921797234,64.99999999999999,64.99999999999999
91.0,75.6332921797234,65.00000000000001,65.00000000000001
92.0,75.6332921797234,64.99999999999999,64.99999999999999
93.0,75.6332921797234,65.00000000000001,65.00000000000001
94.0,75.6332921797234,64.99999999999999,64.99999999999999
95.0,75.6332921797234,65.00000000000001,65.00000000000001
96.0,75.6332921797234,64.99999999999999,64.99999999999999
97.0,75.6332921797234,65.00000000000001,65.00000000000001
98.0,75.6332921797234,64.99999999999999,64.99999999999999
99.0,75.6332921797234,65.00000000000001,65.00000000000001
100.0,75.6332921797234,64.99999999999999,64.99999999999999
101.0,75.6332921797234,65.00000000000001,65.00000000000001
102.0,75.6332921797234,64.99999999999999,64.99999999999999
103.0,75.6332921797234,65.00000000000001,65.00000000000001
104.0,75.6332921797234,64.99999999999999,64.99999999999999
105.0,75.6332921797234,65.00000000000001,65.00000000000001
106.0,75.6332921797234,64.99999999999999,64.99999999999999
107.0,75.6332921797234,65.00000000000001,65.00000000000001
108.0,75.6332921797234,64.99999999999999,64.99999999999999
109.0,75.6332921797234,65.00000000000001,65.00000000000001
110.0,75.6332921797234,64.99999999999999,64.99999999999999
111.0,75.6332921797234,65.00000000000001,65.00000000000001
112.0,75.6332921797234,64.99999999999999,64.99999999999999
113.0,73.04995884639006,65.00000000000001,65.00000000000001
114.0,73.04995884639006,65.01199999999999,64.99999999999999
115.0,73.04995884639006,65.02400000000002,65.00000000000001
116.0,73.04995884639006,65.03599999999999,64.99999999999999
117.0,73.04995884639006,65.04800000000002,65.00000000000001
118.0,73.04995884639006,65.05315136214305,64.99999999999999
119.0,73.04995884639006,65.15036432870217,65.00000000000001
120.0,73.04995884639006,65.41461656919034,64.99999999999999
121.0,73.04995884639006,66.13292863263901,65.00000000000001
122.0,73.04995884639006,68.08550326187434,64.99999999999999
123.0,73.04995884639006,73.20526680779795,65.00000000000001
124.0,73.04995884639006,73.38186386506682,64.99999999999999
125.0,73.04995884639006,73.53589838486225,65.00000000000001
126.0,73.04995884639006,73.67179882264863,64.99999999999999
127.0,73.04995884639006,73.79286509705092,65.00000000000001
128.0,73.04995884639006,73.90161332303406,64.99999999999999
129.0,73.04995884639006,74.00000000000001,65.00000000000001
130.0,73.04995884639006,74.089572499564,64.99999999999999
131.0,73.04995884639006,74.17157287525383,65.00000000000001
132.0,73.04995884639006,74.24701119355325,64.99999999999999
133.0,73.04995884639006,74.31671842700027,65.00000000000001
134.0,73.04995884639006,74.38138531716808,64.99999999999999
135.0,73.04995884639006,74.44159140373269,65.00000000000001
136.0,73.04995884639006,74.4978270313151,64.99999999999999
137.0,73.04995884639006,74.55051025721683,65.00000000000001
138.0,73.04995884639006,74.6,64.99999999999999
139.0,73.04995884639006,74.6466063783418,65.00000000000001
140.0,73.04995884639006,74.6905989232415,64.99999999999999
141.0,73.04995884639006,74.73221316194464,65.00000000000001
142.0,73.04995884639006,74.77165594187538,64.99999999999999
143.0,73.04995884639006,74.80910976997934,65.00000000000001
144.0,73.04995884639006,74.84473637567869,64.99999999999999
145.0,73.04995884639006,74.87867965644037,65.00000000000001
146.0,73.04995884639006,74.91106812853162,64.99999999999999
147.0,73.04995884639006,74.94201697828991,65.00000000000001
148.0,73.04995884639006,74.97162978865155,64.99999999999999
149.0,73.04995884639006,75.00000000000001,65.00000000000001
150.0,73.04995884639006,75.02721215233571,64.99999999999999
151.0,73.04995884639006,75.05334294643086,65.00000000000001
152.0,73.04995884639006,75.07846215433894,64.99999999999999
153.0,73.04995884639006,75.10263340389899,65.00000000000001
154.0,73.04995884639006,75.12591485733672,64.99999999999999
155.0,73.04995884639006,75.14835980045491,65.00000000000001
156.0,73.04995884639006,75.17001715600874,64.99999999999999
157.0,73.04995884639006,75.19093193253343,65.00000000000001
158.0,73.04995884639006,75.21114561800016,64.99999999999999
159.0,73.04995884639006,75.23069652614124,65.00000000000001
160.0,73.04995884639006,75.24962010202525,64.99999999999999
161.0,73.04995884639006,75.26794919243113,65.00000000000001
162.0,73.04995884639006,75.28571428571428,64.99999999999999
163.0,73.04995884639006,75.3029437251523,65.00000000000001
164.0,73.04995884639006,75.31966389916637,64.99999999999999
165.0,73.04995884639006,75.33589941132432,65.00000000000001
166.0,73.04995884639006,75.35167323261572,64.99999999999999
167.0,73.04995884639006,75.36700683814456,65.00000000000001
168.0,73.04995884639006,75.38192033008822,64.99999999999999
169.0,73.04995884639006,75.39643254852547,65.00000000000001
170.0,73.04995884639006,75.41056117152193,64.99999999999999
171.0,73.04995884639006,75.42432280568335,65.00000000000001
172.0,73.04995884639006,75.4377330682301,64.99999999999999
173.0,75.30417212670274,75.45080666151705,65.00000000000001
174.0,75.30417212670274,75.47764498741888,64.99999999999999
175.0,75.30417212670274,75.50417356922502,65.00000000000001
176.0,75.30417212670274,75.53040474780403,64.99999999999999
177.0,75.30417212670274,75.5563501864546,65.00000000000001
178.0,75.30417212670274,75.57398087591025,64.99999999999999
179.0,75.30417212670274,75.69942414904979,65.00000000000001
180.0,75.30417212670274,76.02071085482925,64.99999999999999
181.0,75.30417212670274,76.87480165996836,65.00000000000001
182.0,75.30417212670274,79.17763401532174,64.99999999999999
183.0,75.30417212670274,74.63267321935469,65.00000000000001
184.0,75.30417212670274,64.99999999999999,64.99999999999999
185.0,67.08754661364601,65.00000000000001,65.00000000000001
186.0,67.08754661364601,64.97599999999998,64.99999999999999
187.0,67.08754661364601,64.952,65.0
188.0,67.08754661364601,64.92800000000001,65.0
189.0,67.08754661364601,64.90400000000001,65.0
190.0,67.08754661364601,64.89369727571388,65.0
191.0,67.08754661364601,64.69927134259568,65.0
192.0,67.08754661364601,64.1707668616193,65.00000000000001
193.0,67.08754661364601,62.73414273472201,65.0
194.0,67.08754661364601,58.828993476251306,65.0
195.0,67.08754661364601,52.692099788303075,65.0
196.0,67.08754661364601,56.61813613493316,64.99999999999999
197.0,67.08754661364601,56.46410161513776,65.0
198.0,67.08754661364601,56.32820117735137,65.0
199.0,67.08754661364601,56.20713490294909,65.0
200.0,67.08754661364601,56.09838667696594,65.0
201.0,67.08754661364601,56.0,65.0
202.0,67.08754661364601,55.91042750043599,65.0
203.0,67.08754661364601,55.82842712474619,65.0
204.0,67.08754661364601,55.75298880644675,65.0
205.0,67.08754661364601,55.68328157299974,65.0
206.0,67.08754661364601,55.61861468283191,65.0
207.0,67.08754661364601,55.55840859626733,65.0
208.0,67.08754661364601,55.5021729686849,65.0
209.0,67.08754661364601,55.44948974278318,65.0
210.0,67.08754661364601,55.400000000000006,65.0
211.0,67.08754661364601,55.353393621658206,65.0
212.0,67.08754661364601,55.30940107675851,65.0
213.0,67.08754661364601,55.267786838055365,65.0
214.0,67.08754661364601,55.22834405812463,65.0
215.0,67.08754661364601,55.19089023002066,65.0
216.0,67.08754661364601,55.1552636243213,65.00000000000001
217.0,67.08754661364601,55.12132034355964,65.0
218.0,67.08754661364601,55.08893187146837,65.0
219.0,67.08754661364601,55.0579830217101,65.0
220.0,67.08754661364601,55.02837021134844,65.0
221.0,67.08754661364601,55.0,65.0
222.0,67.08754661364601,54.972787847664286,65.0
223.0,67.08754661364601,54.94665705356915,65.0
224.0,67.08754661364601,54.92153784566105,65.0
225.0,67.08754661364601,54.89736659610102,65.0
226.0,67.08754661364601,54.87408514266327,65.0
227.0,67.08754661364601,54.8516401995451,65.0
228.0,67.08754661364601,54.82998284399125,65.0
229.0,67.08754661364601,54.809068067466576,65.0
230.0,67.08754661364601,54.78885438199983,65.0
231.0,67.08754661364601,54.76930347385876,65.0
232.0,67.08754661364601,54.75037989797474,65.0
233.0,67.08754661364601,54.732050807568875,65.0
234.0,67.08754661364601,54.714285714285715,65.0
235.0,62.93941125496954,54.69705627484771,65.0
236.0,62.93941125496954,54.69027551208859,65.0
237.0,62.93941125496954,54.683979411185625,65.0
238.0,62.93941125496954,54.678145001149176,65.0
239.0,62.93941125496954,54.672750806875335,65.0
240.0,62.93941125496954,54.66210410717026,65.0
241.0,62.93941125496954,54.72811185989522,65.0
242.0,62.93941125496954,54.93285921133701,65.0
243.0,62.93941125496954,55.51406416117744,65.0
244.0,62.93941125496954,57.11794075246315,65.0
245.0,62.93941125496954,61.345486776770876,65.0
246.0,62.93941125496954,61.47900856236706,65.0
247.0,62.93941125496954,61.59415189715029,65.0
248.0,62.93941125496954,61.69457246025903,65.0
249.0,62.93941125496954,61.78299185908805,65.0
250.0,62.93941125496954,61.861483119266474,65.0
251.0,62.93941125496954,61.93165633297915,65.0
252.0,62.93941125496954,61.99478326602801,65.0
253.0,62.93941125496954,62.05188330539059,65.0
254.0,62.93941125496954,62.10378416469862,65.0
255.0,62.93941125496954,62.151165663926975,65.0
256.0,62.93941125496954,62.19459189055484,65.0
257.0,62.93941125496954,62.23453521763011,65.0
258.0,62.93941125496954,62.271394507420844,65.0
259.0,62.93941125496954,62.30550909336608,65.0
260.0,62.93941125496954,62.33716965003074,65.0
261.0,62.93941125496954,62.366626737319315,65.0
262.0,62.93941125496954,62.39409758460419,65.0
263.0,62.93941125496954,62.419771527439785,65.0
264.0,62.93941125496954,62.44381440180842,65.0
265.0,62.93941125496954,62.466372123913565,65.0
266.0,62.93941125496954,62.48757362788575,65.0
267.0,62.93941125496954,62.50753329301998,65.0
268.0,62.93941125496954,62.52635296200105,65.0
269.0,62.93941125496954,62.54412362900869,65.0
270.0,62.93941125496954,62.560926859554684,65.0
271.0,62.93941125496954,62.576835990915875,65.0
272.0,62.93941125496954,62.59191715204644,65.0
273.0,62.93941125496954,62.60623013411895,65.0
274.0,62.93941125496954,62.61982913680941,65.0
275.0,62.93941125496954,62.63276341069607,65.0
276.0,62.93941125496954,62.6450778123893,65.0
277.0,62.93941125496954,62.656813286019265,65.0
278.0,62.93941125496954,62.66800728231541,65.0
279.0,62.93941125496954,62.67869412458148,65.0
280.0,62.93941125496954,62.68890532930917,65.0
281.0,62.93941125496954,62.69866988790042,65.0
282.0,62.93941125496954,62.70801451492968,65.0
283.0,62.93941125496954,62.71696386752143,65.0
284.0,62.93941125496954,62.72554073971353,65.0
285.0,62.93941125496954,62.73376623509137,65.0
286.0,62.93941125496954,62.74165992049176,65.0
287.0,62.93941125496954,62.74923996316784,65.0
288.0,62.93941125496954,62.756523253466135,65.0
289.0,62.93941125496954,62.76352551477911,65.0
290.0,62.93941125496954,62.77026140229457,65.0
291.0,62.93941125496954,62.776744591857515,65.0
292.0,62.93941125496954,62.782987860085974,65.0
293.0,62.93941125496954,62.78900315673295,65.0
294.0,62.93941125496954,62.7948016701599,65.0
295.0,62.93941125496954,62.80039388667746,65.0
296.0,62.93941125496954,62.805789644416336,65.0
297.0,62.93941125496954,62.810998182308964,65.0
298.0,62.93941125496954,62.816028184694346,65.0
299.0,62.93941125496954,62.82088782199637,65.0
300.0,62.93941125496954,62.82558478787479,65.0
301.0,62.93941125496954,62.830126333200894,65.0
302.0,62.93941125496954,62.83451929717157,65.0
303.0,62.93941125496954,62.83877013583893,65.0
304.0,62.93941125496954,62.8428849483036,65.0
305.0,62.93941125496954,62.84686950079188,65.0
306.0,62.93941125496954,62.8507292488143,65.0
307.0,62.93941125496954,62.85446935758129,65.0
308.0,62.93941125496954,62.85809472083471,65.0
309.0,62.93941125496954,62.86160997823624,65.0
310.0,62.93941125496954,62.86501953144083,65.0
311.0,62.93941125496954,62.868327558969156,65.0
312.0,62.93941125496954,62.871538029983135,65.0
313.0,62.93941125496954,62.87465471705733,65.0
314.0,62.93941125496954,62.87768120803088,65.0
315.0,62.93941125496954,62.88062091701605,65.0
316.0,62.93941125496954,62.88347709463284,65.0
317.0,62.93941125496954,62.88625283753194,65.0
318.0,62.93941125496954,62.888951097263565,65.0
319.0,62.93941125496954,62.89157468854351,65.0
320.0,62.93941125496954,62.89412629696397,65.0
321.0,62.93941125496954,62.89660848619176,65.0
322.0,62.93941125496954,62.8990237046936,65.0
323.0,62.93941125496954,62.901374292023775,65.0
324.0,62.93941125496954,62.9036624847076,65.0
325.0,62.93941125496954,62.90589042174988,65.0
326.0,62.93941125496954,62.9080601497966,65.0
327.0,62.93941125496954,62.91017362797444,65.0
328.0,62.93941125496954,62.912232732431725,65.0
329.0,62.93941125496954,62.91423926060161,65.0
330.0,62.93941125496954,62.91619493520739,65.0
331.0,62.93941125496954,62.91810140802773,65.0
332.0,62.93941125496954,62.919960263438405,65.0
333.0,62.93941125496954,62.92177302174585,65.0
334.0,62.93941125496954,62.923541142326656,65.0
335.0,62.93941125496954,62.92526602658586,65.0
336.0,62.93941125496954,62.92694902074629,65.0
337.0,62.93941125496954,62.92859141847983,65.0
338.0,62.93941125496954,62.93019446339116,65.0
339.0,62.93941125496954,62.931759351363205,65.0
340.0,62.93941125496954,62.93328723277352,65.0
341.0,62.93941125496954,62.934779214589405,65.0
342.0,62.93941125496954,62.93623636234967,65.0
343.0,62.93941125496954,62.9376597020399,65.0
344.0,62.93941125496954,62.93905022186804,65.0
345.0,62.93941125496954,62.94040887394605,65.0
346.0,62.93941125496954,62.941736575883795,65.0
347.0,62.93941125496954,62.94303421229997,65.0
348.0,62.93941125496954,62.94430263625543,65.0
349.0,62.93941125496954,62.9455426706132,65.0
350.0,62.93941125496954,62.94675510932967,65.0
351.0,62.93941125496954,62.94794071868096,65.0
352.0,62.93941125496954,62.94910023842804,65.0
353.0,62.93941125496954,62.9502343829243,65.0
354.0,62.93941125496954,62.95134384216888,65.0
355.0,62.93941125496954,62.95242928280846,65.0
356.0,62.93941125496954,62.95349134909093,65.0
357.0,62.93941125496954,62.95453066377309,65.0
358.0,62.93941125496954,62.955547828985424,65.0
359.0,62.93941125496954,62.95654342705566,65.0
360.0,62.93941125496954,62.95751802129416,65.0
361.0,62.93941125496954,62.95847215674234,65.0
362.0,62.93941125496954,62.959406360886845,65.0
363.0,62.93941125496954,62.960321144340725,65.0
364.0,62.93941125496954,62.961217001493765,65.0
365.0,62.93941125496954,62.9620944111333,65.0
366.0,62.93941125496954,62.96295383703722,65.0
367.0,62.93941125496954,62.963795728540475,65.0
368.0,62.93941125496954,62.9646205210766,65.0
369.0,62.93941125496954,62.9654286366953,65.0
370.0,62.93941125496954,62.966220484557596,65.0
371.0,62.93941125496954,62.96699646140925,65.0
372.0,62.93941125496954,62.967756952034165,65.0
373.0,62.93941125496954,62.96850232968793,65.0
374.0,62.93941125496954,62.969232956513345,65.0
375.0,62.93941125496954,62.969949183938155,65.0
376.0,62.93941125496954,62.970651353056176,65.0
377.0,62.93941125496954,62.97133979499251,65.0
378.0,62.93941125496954,62.972014831253695,65.0
379.0,62.93941125496954,62.97267677406336,65.0
380.0,62.93941125496954,62.973325926684254,65.0
381.0,62.93941125496954,62.97396258372705,65.0
382.0,62.93941125496954,62.97458703144688,65.0
383.0,62.93941125496954,62.97519954802775,65.0
384.0,62.93941125496954,62.97580040385583,65.0
385.0,62.93941125496954,62.97638986178168,65.0
386.0,62.93941125496954,62.976968177372434,65.0
387.0,62.93941125496954,62.97753559915376,65.0
388.0,62.93941125496954,62.978092368842795,65.0
389.0,62.93941125496954,62.97863872157166,65.0
390.0,62.93941125496954,62.97917488610278,65.0
391.0,62.93941125496954,62.97970108503559,65.0
392.0,62.93941125496954,62.98021753500574,65.0
393.0,62.93941125496954,62.98072444687646,65.0
394.0,62.93941125496954,62.981222025922996,65.0
395.0,62.93941125496954,62.98171047200996,65.0
396.0,62.93941125496954,62.98218997976221,65.0
397.0,62.93941125496954,62.98266073872935,65.0
398.0,62.93941125496954,62.98312293354431,65.0
399.0,62.93941125496954,62.98357674407587,65.0
400.0,62.93941125496954,62.98402234557602,65.0
401.0,62.93941125496954,62.98445990882166,65.0
402.0,62.93941125496954,62.98488960025143,65.0
403.0,62.93941125496954,62.985311582097495,65.0
404.0,62.93941125496954,62.98572601251281,65.0
405.0,62.93941125496954,62.98613304569372,65.0
406.0,62.93941125496954,62.9865328319984,65.0
407.0,62.93941125496954,62.98692551806104,65.0
408.0,62.93941125496954,62.98731124690215,65.0
409.0,62.93941125496954,62.98769015803496,65.0
410.0,62.93941125496954,62.98806238756824,65.0
411.0,62.93941125496954,62.988428068305524,65.0
412.0,62.93941125496954,62.98878732984107,65.0
413.0,62.93941125496954,62.98914029865239,65.0
414.0,62.93941125496954,62.989487098189876,65.0
415.0,62.93941125496954,62.98982784896321,65.0
416.0,62.93941125496954,62.99016266862506,65.0
417.0,62.93941125496954,62.990491672051895,65.0
418.0,62.93941125496954,62.99081497142217,65.0
419.0,62.93941125496954,62.991132676291926,65.0
420.0,62.93941125496954,62.99144489366794,65.0
421.0,62.93941125496954,62.99175172807846,65.0
422.0,62.93941125496954,62.992053281641695,65.0
423.0,62.93941125496954,62.99234965413203,65.0
424.0,62.93941125496954,62.99264094304422,65.0
425.0,62.93941125496954,62.992927243655366,65.0
426.0,62.93941125496954,62.99320864908518,65.0
427.0,62.93941125496954,62.993485250354034,65.0
428.0,62.93941125496954,62.993757136439456,65.0
429.0,62.93941125496954,62.99402439433069,65.0
430.0,62.93941125496954,62.994287109081604,65.0
431.0,62.93941125496954,62.99454536386202,65.0
432.0,62.93941125496954,62.994799240007275,65.0
433.0,62.93941125496954,62.99504881706651,65.0
434.0,62.93941125496954,62.9952941728493,65.0
435.0,62.93941125496954,62.995535383470866,65.0
436.0,62.93941125496954,62.99577252339608,65.0
437.0,62.93941125496954,62.996005665481874,65.0
438.0,62.93941125496954,62.9962348810187,65.0
439.0,62.93941125496954,62.99646023977044,65.0
440.0,62.93941125496954,62.99668181001334,65.0
441.0,62.93941125496954,62.99689965857365,65.0
442.0,62.93941125496954,62.99711385086429,65.0
443.0,62.93941125496954,62.99732445092031,65.0
444.0,62.93941125496954,62.997531521433416,65.0
445.0,62.93941125496954,62.99773512378537,65.0
446.0,62.93941125496954,62.99793531808056,65.0
447.0,62.93941125496954,62.99813216317752,65.0
448.0,62.93941125496954,62.99832571671961,65.0
449.0,62.93941125496954,62.99851603516476,65.0
450.0,62.93941125496954,62.998703173814455,65.0
451.0,62.93941125496954,62.998887186841735,65.0
452.0,62.93941125496954,62.99906812731863,65.0
453.0,62.93941125496954,62.999246047242615,65.0
454.0,62.93941125496954,62.99942099756243,65.0
455.0,62.93941125496954,62.99959302820316,65.0
456.0,62.93941125496954,62.999762188090614,65.0
457.0,62.93941125496954,62.99992852517502,65.0
458.0,62.93941125496954,63.00009208645409,65.0
459.0,62.93941125496954,63.000252917995375,65.0
460.0,62.93941125496954,63.00041106495821,65.0
461.0,62.93941125496954,63.00056657161472,65.0
462.0,62.93941125496954,63.000719481370645,65.0
463.0,62.93941125496954,63.000869836785235,65.0
464.0,62.93941125496954,63.001017679590994,65.0
465.0,62.93941125496954,63.00116305071246,65.0
466.0,62.93941125496954,63.001305990284884,65.0
467.0,62.93941125496954,63.001446537672116,65.0
468.0,62.93941125496954,63.001584731484286,65.0
469.0,62.93941125496954,63.001720609594656,65.0
470.0,62.93941125496954,63.001854209156456,65.0
471.0,62.93941125496954,63.00198556661892,65.0
472.0,62.93941125496954,63.00211471774315,65.0
473.0,62.93941125496954,63.002241697617336,65.0
474.0,62.93941125496954,63.00236654067188,65.0
475.0,62.93941125496954,63.002489280693794,65.0
476.0,62.93941125496954,63.00260995084104,65.0
477.0,62.93941125496954,63.00272858365625,65.0
478.0,62.93941125496954,63.002845211080256,65.0
479.0,62.93941125496954,63.002959864465204,65.0
480.0,62.93941125496954,63.00307257458738,65.0
481.0,62.93941125496954,63.00318337165964,65.0
482.0,62.93941125496954,63.00329228534363,65.0
483.0,62.93941125496954,63.00339934476161,65.0
484.0,62.93941125496954,63.00350457850802,65.0
485.0,62.93941125496954,63.00360801466076,65.0
486.0,62.93941125496954,63.00370968079222,65.0
487.0,62.93941125496954,63.0038096039799,65.0
488.0,62.93941125496954,63.00390781081703,65.0
489.0,62.93941125496954,63.0040043274226,65.0
490.0,62.93941125496954,63.00409917945149,65.0
491.0,62.93941125496954,63.00419239210398,65.0
492.0,62.93941125496954,63.004283990135455,65.0
493.0,62.93941125496954,63.00437399786545,65.0
494.0,62.93941125496954,63.004462439186824,65.0
495.0,62.93941125496954,63.004549337574446,65.0
496.0,62.93941125496954,63.004634716093925,65.0
497.0,62.93941125496954,63.00471859740983,65.0
498.0,62.93941125496954,63.00480100379408,65.0
499.0,62.93941125496954,63.00488195713378,65.0
500.0,62.93941125496954,63.004961478939144,65.0
501.0,62.93941125496954,63.005039590351004,65.0
502.0,62.93941125496954,63.005116312148424,65.0
503.0,62.93941125496954,63.00519166475578,65.0
504.0,62.93941125496954,63.005265668250026,65.0
505.0,62.93941125496954,63.00533834236753,65.0
506.0,62.93941125496954,63.005409706510925,65.0
507.0,62.93941125496954,63.00547977975566,65.0
508.0,62.93941125496954,63.00554858085656,65.0
509.0,62.93941125496954,63.00561612825404,65.0
510.0,62.93941125496954,63.005682440080385,65.0
511.0,62.93941125496954,63.0057475341657,65.0
512.0,62.93941125496954,63.0058114280439,65.0
513.0,62.93941125496954,63.0058741389584,65.0
514.0,62.93941125496954,63.0059356838678,65.0
515.0,62.93941125496954,63.005996079451364,65.0
516.0,62.93941125496954,63.00605534211445,65.0
517.0,62.93941125496954,63.006113487993694,65.0
518.0,62.93941125496954,63.00617053296228,65.0
519.0,62.93941125496954,63.00622649263487,65.0
520.0,62.93941125496954,63.0062813823726,65.0
521.0,62.93941125496954,63.006335217287834,65.0
522.0,62.93941125496954,63.00638801224893,65.0
523.0,62.93941125496954,63.00643978188481,65.0
524.0,62.93941125496954,63.0064905405895,65.0
525.0,62.93941125496954,63.006540302526496,65.0
526.0,62.93941125496954,63.00658908163313,65.0
527.0,62.93941125496954,63.00663689162471,65.0
528.0,62.93941125496954,63.00668374599875,65.0
529.0,62.93941125496954,63.00672965803894,65.0
530.0,62.93941125496954,63.006774640819124,65.0
531.0,62.93941125496954,63.006818707207124,65.0
532.0,62.93941125496954,63.00686186986865,65.0
533.0,62.93941125496954,63.00690414127081,65.0
534.0,62.93941125496954,63.00694553368595,65.0
535.0,62.93941125496954,63.00698605919505,65.0
536.0,62.93941125496954,63.00702572969129,65.0
537.0,62.93941125496954,63.00706455688337,65.0
538.0,62.93941125496954,63.00710255229894,65.0
539.0,62.93941125496954,63.00713972728778,65.0
540.0,62.93941125496954,63.007176093025066,65.0
541.0,62.93941125496954,63.00721166051442,65.0
542.0,62.93941125496954,63.007246440591054,65.0
543.0,62.93941125496954,63.00728044392469,65.0
544.0,62.93941125496954,63.0073136810226,65.0
545.0,62.93941125496954,63.00734616223238,65.0
546.0,62.93941125496954,63.007377897744824,65.0
547.0,62.93941125496954,63.00740889759669,65.0
548.0,62.93941125496954,63.00743917167341,65.0
549.0,62.93941125496954,63.0074687297117,65.0
550.0,62.93941125496954,63.007497581302204,65.0
551.0,62.93941125496954,63.00752573589202,65.0
552.0,62.93941125496954,63.00755320278719,65.0
553.0,62.93941125496954,63.007579991155175,65.0
554.0,62.93941125496954,63.00760611002719,65.0
555.0,62.93941125496954,63.00763156830062,65.0
556.0,62.93941125496954,63.00765637474131,65.0
557.0,62.93941125496954,63.00768053798572,65.0
558.0,62.93941125496954,63.00770406654332,65.0
559.0,62.93941125496954,63.007726968798586,65.0
560.0,62.93941125496954,63.00774925301325,65.0
561.0,62.93941125496954,63.00777092732826,65.0
562.0,62.93941125496954,63.00779199976598,65.0
563.0,62.93941125496954,63.00781247823202,65.0
564.0,62.93941125496954,63.00783237051735,65.0
565.0,62.93941125496954,63.00785168430011,65.0
566.0,62.93941125496954,63.0078704271476,65.0
567.0,62.93941125496954,63.00788860651806,65.0
568.0,62.93941125496954,63.00790622976251,65.0
569.0,62.93941125496954,63.007923304126514,65.0
570.0,62.93941125496954,63.007939836752,65.0
571.0,62.93941125496954,63.00795583467885,65.0
572.0,62.93941125496954,63.00797130484673,65.0
573.0,62.93941125496954,63.00798625409658,65.0
574.0,62.93941125496954,63.00800068917237,65.0
575.0,62.93941125496954,63.00801461672264,65.0
576.0,62.93941125496954,63.008028043302005,65.0
577.0,62.93941125496954,63.00804097537278,65.0
578.0,62.93941125496954,63.00805341930643,65.0
579.0,62.93941125496954,63.008065381384974,65.0
580.0,62.93941125496954,63.00807686780262,65.0
581.0,62.93941125496954,63.00808788466694,65.0
582.0,62.93941125496954,63.008098438000495,65.0
583.0,62.93941125496954,63.00810853374201,65.0
584.0,62.93941125496954,63.00811817774785,65.0
585.0,62.93941125496954,63.008127375793244,65.0
586.0,62.93941125496954,63.00813613357366,65.0
587.0,62.93941125496954,63.00814445670599,65.0
588.0,62.93941125496954,63.00815235072988,65.0
589.0,62.93941125496954,63.00815982110884,65.0
590.0,62.93941125496954,63.00816687323161,65.0
591.0,62.93941125496954,63.00817351241315,65.0
592.0,62.93941125496954,63.00817974389596,65.0
593.0,62.93941125496954,63.00818557285108,65.0
594.0,62.93941125496954,63.00819100437935,65.0
595.0,62.93941125496954,63.008196043512356,65.0
596.0,62.93941125496954,63.008200695213645,65.0
597.0,62.93941125496954,63.00820496437965,65.0
598.0,62.93941125496954,63.00820885584087,65.0
599.0,62.93941125496954,63.008212374362735,65.0
600.0,62.93941125496954,63.00821552464678,65.0
601.0,62.93941125496954,63.00821831133144,65.0
602.0,62.93941125496954,63.0082207389932,65.0
603.0,62.93941125496954,63.0082228121474,65.0
604.0,62.93941125496954,63.00822453524927,65.0
605.0,62.93941125496954,63.00822591269477,65.0
606.0,62.93941125496954,63.00822694882158,65.0
607.0,62.93941125496954,63.008227647909855,65.0
608.0,62.93941125496954,63.00822801418325,65.0
609.0,62.93941125496954,63.00822805180963,65.0
610.0,62.93941125496954,63.00822776490204,65.0
611.0,62.93941125496954,63.00822715751939,65.0
612.0,62.93941125496954,63.008226233667415,65.0
613.0,62.93941125496954,63.00822499729937,65.0
614.0,62.93941125496954,63.00822345231685,65.0
615.0,62.93941125496954,63.00822160257053,65.0
616.0,62.93941125496954,63.00821945186098,65.0
617.0,62.93941125496954,63.008217003939365,65.0
618.0,62.93941125496954,63.0082142625082,65.0
619.0,62.93941125496954,63.008211231222,65.0
620.0,62.93941125496954,63.00820791368813,65.0
621.0,62.93941125496954,63.00820431346735,65.0
622.0,62.93941125496954,63.00820043407459,65.0
623.0,62.93941125496954,63.008196278979575,65.0
624.0,62.93941125496954,63.008191851607535,65.0
625.0,62.93941125496954,63.00818715533978,65.0
626.0,62.93941125496954,63.008182193514465,65.0
627.0,62.93941125496954,63.00817696942702,65.0
628.0,62.93941125496954,63.00817148633098,65.0
629.0,62.93941125496954,63.00816574743846,65.0
630.0,62.93941125496954,63.00815975592079,65.0
631.0,62.93941125496954,63.00815351490913,65.0
632.0,62.93941125496954,63.00814702749497,65.0
633.0,62.93941125496954,63.00814029673078,65.0
634.0,62.93941125496954,63.00813332563055,65.0
635.0,62.93941125496954,63.0081261171703,65.0
636.0,62.93941125496954,63.00811867428868,65.0
637.0,62.93941125496954,63.008110999887435,65.0
638.0,62.93941125496954,63.008103096831995,65.0
639.0,62.93941125496954,63.00809496795194,65.0
640.0,62.93941125496954,63.008086616041545,65.0
641.0,62.93941125496954,63.00807804386026,65.0
642.0,62.93941125496954,63.0080692541332,65.0
643.0,62.93941125496954,63.0080602495516,65.0
644.0,62.93941125496954,63.00805103277336,65.0
645.0,62.93941125496954,63.008041606423454,65.0
646.0,62.93941125496954,63.008031973094425,65.0
647.0,62.93941125496954,63.008022135346756,65.0
648.0,62.93941125496954,63.008012095709496,65.0
649.0,62.93941125496954,63.00800185668046,65.0
