"tick","donation-normed-big","donation-big group","donation-valued-big"
1.0,92.5,94.3571868204427,95.0
2.0,92.5,93.29056941504217,95.0
3.0,92.5,93.25377836144436,95.0
4.0,92.5,93.22168783648704,95.0
5.0,91.79474492580177,83.1675630232953,83.15789473684211
6.0,91.79474492580177,83.17723130974849,83.15789473684211
7.0,91.79474492580177,83.18689959620168,83.15789473684211
8.0,91.79474492580177,83.19656788265488,83.15789473684211
9.0,91.79474492580177,83.20071828639014,83.15789473684211
10.0,91.79474492580177,83.27904185369498,83.15789473684211
11.0,91.79474492580177,83.49194738343982,83.15789473684211
12.0,91.79474492580177,84.07068461612363,83.15789473684211
13.0,91.79474492580177,85.64385551918073,83.15789473684211
14.0,91.79474492580177,89.7688005637312,83.15789473684211
15.0,91.79474492580177,89.91108314177012,83.15789473684211
16.0,91.79474492580177,90.03518729685862,83.15789473684212
17.0,91.79474492580177,90.14468099366137,83.1578947368421
18.0,91.79474492580177,90.2422229453899,83.15789473684212
19.0,91.79474492580177,90.32984036206336,83.1578947368421
20.0,91.79474492580177,90.40910957673708,83.15789473684212
21.0,91.79474492580177,90.48127729207985,83.1578947368421
22.0,91.79474492580177,90.5473442188664,83.15789473684212
23.0,91.79474492580177,90.60812415810524,83.1578947368421
24.0,91.79474492580177,90.66428661650735,83.15789473684212
25.0,91.79474492580177,90.71638811802234,83.1578947368421
26.0,91.79474492580177,90.76489559228334,83.15789473684212
27.0,91.79474492580177,90.81020410531184,83.1578947368421
28.0,91.79474492580177,90.85265048191987,83.15789473684212
29.0,91.79474492580177,90.89252389939674,83.1578947368421
30.0,91.79474492580177,90.93007421742627,83.15789473684212
31.0,91.79474492580177,90.96551859458421,83.1578947368421
32.0,91.79474492580177,90.99904679294367,83.15789473684212
33.0,91.79474492580177,91.03082546751706,83.1578947368421
34.0,91.79474492580177,91.06100166242355,83.15789473684212
35.0,91.79474492580177,91.08970568152824,83.1578947368421
36.0,91.79474492580177,91.11705346165866,83.15789473684212
37.0,91.79474492580177,91.14314854715528,83.1578947368421
38.0,91.79474492580177,91.16808374256027,83.15789473684212
39.0,91.79474492580177,91.19194250366532,83.1578947368421
40.0,91.79474492580177,91.21480011450319,83.15789473684212
41.0,91.79474492580177,91.23672468815232,83.1578947368421
42.0,91.79474492580177,91.2577780216991,83.15789473684212
43.0,91.79474492580177,91.27801632982681,83.1578947368421
44.0,91.79474492580177,91.29749087688332,83.15789473684212
45.0,91.79474492580177,91.31624852362356,83.1578947368421
46.0,91.79474492580177,91.33433220191456,83.15789473684212
47.0,91.79474492580177,91.35178132835733,83.1578947368421
48.0,91.79474492580177,91.36863216590275,83.15789473684212
49.0,91.79474492580177,91.3849181410167,83.1578947368421
50.0,91.79474492580177,91.40067012271071,83.15789473684212
51.0,91.79474492580177,91.41591666874115,83.1578947368421
52.0,91.79474492580177,91.43068424344702,83.15789473684212
53.0,91.79474492580177,91.44499741100778,83.1578947368421
54.0,91.79474492580177,91.458879007334,83.15789473684212
55.0,91.79474492580177,91.47235029332695,83.1578947368421
56.0,91.79474492580177,91.48543109184838,83.15789473684212
57.0,91.79474492580177,91.49813991040729,83.1578947368421
58.0,91.79474492580177,91.5104940512917,83.15789473684212
59.0,91.79474492580177,91.52250971063576,83.1578947368421
60.0,91.79474492580177,91.53420206771266,83.15789473684212
61.0,91.79474492580177,91.54558536557258,83.1578947368421
62.0,91.79474492580177,91.55667298400063,83.15789473684212
63.0,91.79474492580177,91.56747750564351,83.1578947368421
64.0,91.79474492580177,91.57801077604938,83.15789473684212
65.0,91.79474492580177,91.58828395827105,83.1578947368421
66.0,91.79474492580177,91.59830758260564,83.15789473684212
67.0,91.79474492580177,91.60809159197423,83.1578947368421
68.0,91.79474492580177,91.61764538338623,83.15789473684212
69.0,91.79474492580177,91.62697784588111,83.1578947368421
70.0,91.79474492580177,91.63609739529656,83.15789473684212
71.0,91.79474492580177,91.64501200617119,83.1578947368421
72.0,91.79474492580177,91.65372924105763,83.15789473684212
73.0,91.79474492580177,91.66225627749013,83.1578947368421
74.0,91.79474492580177,91.67059993282574,83.15789473684212
75.0,91.79474492580177,91.67876668715401,83.1578947368421
76.0,91.79474492580177,91.6867627044509,83.15789473684212
77.0,91.79474492580177,91.69459385213284,83.1578947368421
78.0,91.79474492580177,91.70226571915285,83.15789473684212
79.0,91.79474492580177,91.70978363276468,83.1578947368421
80.0,91.79474492580177,91.71715267407033,83.15789473684212
81.0,91.79474492580177,91.72437769245258,83.1578947368421
82.0,91.79474492580177,91.7314633189872,83.15789473684212
83.0,91.79474492580177,91.73841397891792,83.1578947368421
84.0,91.79474492580177,91.74523390327138,83.15789473684212
85.0,91.79474492580177,91.75192713968059,83.1578947368421
86.0,91.79474492580177,91.7584975624805,83.15789473684212
87.0,91.79474492580177,91.76494888213229,83.1578947368421
88.0,91.79474492580177,91.77128465402888,83.15789473684212
89.0,91.79474492580177,91.77750828672883,83.1578947368421
90.0,91.79474492580177,91.78362304966234,83.15789473684212
91.0,91.79474492580177,91.7896320803483,83.1578947368421
92.0,91.79474492580177,91.79553839115938,83.15789473684212
93.0,91.79474492580177,90.89516878900815,83.1578947368421
94.0,91.79474492580177,90.90027965249445,83.15789473684212
95.0,91.79474492580177,90.90530603782086,83.1578947368421
96.0,91.79474492580177,90.91025024688507,83.15789473684212
97.0,91.79474492580177,90.91511449471868,83.1578947368421
98.0,91.79474492580177,90.91990091365707,83.15789473684212
99.0,91.79474492580177,90.9246115572669,83.1578947368421
100.0,91.79474492580177,90.92924840404815,83.15789473684212
101.0,91.79474492580177,90.93381336092574,83.1578947368421
102.0,91.79474492580177,90.93830826654457,83.15789473684212
103.0,91.79474492580177,90.94273489438103,83.1578947368421
104.0,91.79474492580177,90.94709495568321,83.15789473684212
105.0,91.79474492580177,90.95139010225013,83.1578947368421
106.0,91.79474492580177,90.95562192906122,83.15789473684212
107.0,91.79474492580177,90.95979197676468,83.1578947368421
108.0,91.79474492580177,90.96390173403411,83.15789473684212
109.0,91.79474492580177,90.96795263980134,83.1578947368421
110.0,91.79474492580177,90.97194608537329,83.15789473684212
111.0,91.79474492580177,90.97588341643932,83.1578947368421
112.0,91.79474492580177,90.9797659349767,83.15789473684212
113.0,91.79474492580177,90.98359490105929,83.1578947368421
114.0,91.79474492580177,90.98737153457571,83.15789473684212
115.0,91.79474492580177,90.9910970168622,83.1578947368421
116.0,91.79474492580177,90.99477249225511,83.15789473684212
117.0,91.79474492580177,90.99839906956755,83.1578947368421
118.0,91.79474492580177,91.00197782349494,83.15789473684212
119.0,91.79474492580177,91.00550979595266,83.1578947368421
120.0,91.79474492580177,91.00899599735085,83.15789473684212
121.0,91.79474492580177,91.01243740780838,83.1578947368421
122.0,91.79474492580177,91.01583497831076,83.15789473684212
123.0,91.79474492580177,91.01918963181406,83.1578947368421
124.0,91.79474492580177,91.02250226429824,83.15789473684212
125.0,91.79474492580177,91.0257737457725,83.1578947368421
126.0,91.79474492580177,91.02900492123518,83.15789473684212
127.0,91.79474492580177,91.03219661159066,83.1578947368421
128.0,91.79474492580177,91.03534961452557,83.15789473684212
129.0,91.79474492580177,91.03846470534621,83.1578947368421
130.0,91.79474492580177,91.04154263777963,83.15789473684212
131.0,91.79474492580177,91.04458414473953,83.1578947368421
132.0,91.79474492580177,91.04758993905968,83.15789473684212
133.0,91.79474492580177,91.0505607141955,83.1578947368421
134.0,91.79474492580177,91.05349714489637,83.15789473684212
135.0,91.79474492580177,91.05639988784927,83.1578947368421
136.0,91.79474492580177,91.05926958229584,83.15789473684212
137.0,91.79474492580177,91.0621068506237,83.1578947368421
138.0,91.79474492580177,91.06491229893352,83.15789473684212
139.0,91.79474492580177,91.0676865175829,83.1578947368421
140.0,91.79474492580177,91.07043008170835,83.15789473684212
141.0,91.79474492580177,91.07314355172599,83.1578947368421
142.0,91.79474492580177,91.07582747381267,83.15789473684212
143.0,91.79474492580177,91.07848238036756,83.1578947368421
144.0,91.91419245795014,91.08110879045601,83.15789473684212
145.0,91.91419245795014,91.0848402773112,83.1578947368421
146.0,91.91419245795014,91.08854426751748,83.15789473684212
147.0,91.91419245795014,91.09222124263084,83.1578947368421
148.0,91.91419245795014,91.09587167248235,83.15789473684212
149.0,91.91419245795014,91.09884935170358,83.1578947368421
150.0,91.91419245795014,91.11049405600143,83.15789473684212
151.0,91.91419245795014,91.13788578289173,83.1578947368421
152.0,91.91419245795014,91.2081260866584,83.15789473684212
153.0,91.91419245795014,91.39488388705298,83.1578947368421
154.0,91.91419245795014,91.88067085805152,83.15789473684212
155.0,91.91419245795014,91.89968934017519,83.1578947368421
156.0,91.91419245795014,91.91655424889115,83.15789473684212
157.0,91.91419245795014,91.93168410813553,83.1578947368421
158.0,91.91419245795014,91.94539087421808,83.15789473684212
159.0,91.91419245795014,91.9579124865576,83.1578947368421
160.0,91.91419245795014,91.96943403627024,83.15789473684212
161.0,91.91419245795014,91.98010197579828,83.1578947368421
162.0,91.91419245795014,91.99003392108195,83.15789473684212
163.0,91.91419245795014,91.99932557585942,83.1578947368421
164.0,91.91419245795014,92.0080557261629,83.15789473684212
165.0,91.91419245795014,92.01628991005181,83.1578947368421
166.0,91.91419245795014,92.02408315879912,83.15789473684212
167.0,91.91419245795014,92.03148207501631,83.1578947368421
168.0,91.91419245795014,92.0385264293032,83.15789473684212
169.0,91.91419245795014,92.04525040194342,83.1578947368421
170.0,91.91419245795014,92.05168355929356,83.15789473684212
171.0,91.91419245795014,92.05785162936375,83.1578947368421
172.0,91.91419245795014,92.0637771236467,83.15789473684212
173.0,91.91419245795014,92.06947983997019,83.1578947368421
174.0,91.91419245795014,92.0749772723775,83.15789473684212
175.0,91.91419245795014,92.0802849476946,83.1578947368421
176.0,91.91419245795014,92.08541670379778,83.15789473684212
177.0,91.91419245795014,92.09038492115523,83.1578947368421
178.0,91.91419245795014,92.09520071664443,83.15789473684212
179.0,91.91419245795014,92.09987410670202,83.1578947368421
180.0,91.91419245795014,92.10441414538404,83.15789473684212
181.0,91.91419245795014,92.1088290417739,83.1578947368421
182.0,91.91419245795014,92.11312626029509,83.15789473684212
183.0,91.91419245795014,92.11731260679562,83.1578947368421
184.0,91.91419245795014,92.12139430273184,83.15789473684212
185.0,91.91419245795014,92.1253770493489,83.1578947368421
186.0,91.91419245795014,92.12926608341597,83.15789473684212
187.0,91.91419245795014,92.13306622579948,83.1578947368421
188.0,91.91419245795014,92.13678192393893,83.15789473684212
189.0,91.91419245795014,92.14041728911005,83.1578947368421
190.0,91.91419245795014,92.14397612921648,83.15789473684212
191.0,91.91419245795014,92.14746197773081,83.1578947368421
192.0,91.91419245795014,92.15087811930945,83.15789473684212
193.0,91.91419245795014,92.15422761252411,83.1578947368421
194.0,91.91419245795014,92.15751331008717,83.15789473684212
195.0,91.91419245795014,92.16073787689088,83.1578947368421
196.0,91.91419245795014,92.16390380613558,83.15789473684212
197.0,91.91419245795014,92.16701343378146,83.1578947368421
198.0,91.91419245795014,92.17006895152738,83.15789473684212
199.0,91.91419245795014,92.17307241849043,83.1578947368421
200.0,91.91419245795014,92.17602577173844,83.15789473684212
201.0,91.91419245795014,92.17893083580599,83.1578947368421
202.0,91.91419245795014,92.18178933130885,83.15789473684212
203.0,91.91419245795014,92.1846028827557,83.1578947368421
204.0,91.91419245795014,92.18737302564516,83.15789473684212
205.0,91.91419245795014,92.1901012129237,83.1578947368421
206.0,91.91419245795014,92.19278882087221,83.15789473684212
207.0,91.91419245795014,92.1954371544799,83.1578947368421
208.0,91.91419245795014,92.19804745235793,83.15789473684212
209.0,91.91419245795014,92.2006208912386,83.1578947368421
210.0,91.91419245795014,92.20315859010152,83.15789473684212
211.0,91.91419245795014,92.2056616139623,83.1578947368421
212.0,91.91419245795014,92.20813097735646,83.15789473684212
213.0,91.91419245795014,92.21056764754732,83.1578947368421
214.0,91.91419245795014,92.21297254748346,83.15789473684212
215.0,91.91419245795014,92.21534655852834,83.1578947368421
216.0,91.91419245795014,92.21769052298339,83.15789473684212
217.0,91.34415467758265,80.27199693753361,74.06976744186045
218.0,91.34415467758265,79.35819006148304,74.06976744186048
219.0,91.34415467758265,79.36464269320241,74.06976744186045
220.0,91.34415467758265,79.37307766922717,74.06976744186048
221.0,91.34415467758265,79.3772028321344,74.06976744186045
222.0,91.34415467758265,79.43917258674048,74.06976744186048
223.0,91.34415467758265,79.60610231669094,74.06976744186045
224.0,91.34415467758265,80.0583533010254,74.06976744186048
225.0,91.34415467758265,81.28619820779967,74.06976744186045
226.0,91.34415467758265,84.504271167741,74.06976744186048
227.0,91.34415467758265,84.616095630793,74.06976744186045
228.0,91.34415467758265,84.7137362775317,74.06976744186048
229.0,91.34415467758265,84.79997597432079,74.06976744186045
230.0,91.34415467758265,84.87688842382923,74.06976744186048
231.0,91.34415467758265,84.94605479237475,74.06976744186045
232.0,91.34415467758265,85.0087045877881,74.06976744186048
233.0,91.34415467758265,85.06581022463828,74.06976744186045
234.0,91.34415467758265,85.11815225736024,74.06976744186048
235.0,91.34415467758265,85.16636546086124,74.06976744186045
236.0,91.34415467758265,85.2109720680995,74.06976744186048
237.0,91.34415467758265,85.25240619125984,74.06976744186045
238.0,91.34415467758265,85.2910320633829,74.06976744186048
239.0,91.34415467758265,85.32715786728922,74.06976744186045
240.0,91.34415467758265,85.36104636026829,74.06976744186048
241.0,91.34415467758265,85.39292313654732,74.06976744186045
242.0,91.34415467758265,85.42298312415203,74.06976744186048
243.0,91.34415467758265,85.45139574540072,74.06976744186045
244.0,91.34415467758265,85.47830905419917,74.06976744186048
245.0,91.34415467758265,85.50385308156729,74.06976744186045
246.0,91.34415467758265,85.52814256245803,74.06976744186048
247.0,91.34415467758265,85.55127917470078,74.06976744186045
248.0,91.34415467758265,85.57335338998364,74.06976744186048
249.0,91.34415467758265,85.59444601389984,74.06976744186045
250.0,91.34415467758265,85.61462947496024,74.06976744186048
251.0,91.34415467758265,85.63396890954121,74.06976744186045
252.0,91.34415467758265,85.65252307988077,74.06976744186048
253.0,91.34415467758265,85.6703451546591,74.06976744186045
254.0,91.34415467758265,85.68748337583035,74.06976744186048
255.0,91.34415467758265,85.7039816307901,74.06976744186045
256.0,91.34415467758265,85.71987994536181,74.06976744186048
257.0,91.34415467758265,85.73521491023483,74.06976744186045
258.0,91.34415467758265,85.75002005121667,74.06976744186048
259.0,91.34415467758265,85.76432615184402,74.06976744186045
260.0,91.34415467758265,85.77816153543208,74.06976744186048
261.0,91.34415467758265,85.79155231245436,74.06976744186045
262.0,91.34415467758265,85.80452259817993,74.06976744186048
263.0,91.34415467758265,85.8170947047037,74.06976744186045
264.0,91.34415467758265,85.82928931085613,74.06976744186048
265.0,91.34415467758265,85.84112561294226,74.06976744186045
266.0,91.34415467758265,85.85262145881488,74.06976744186048
267.0,91.34415467758265,85.86379346741681,74.06976744186045
268.0,91.34415467758265,85.87465713561767,74.06976744186048
269.0,91.34415467758265,85.88522693391054,74.06976744186045
270.0,91.34415467758265,85.8955163923166,74.06976744186048
271.0,91.34415467758265,85.90553817765935,74.06976744186045
272.0,91.34415467758265,85.91530416321574,74.06976744186048
273.0,91.34415467758265,85.92482549161662,74.06976744186045
274.0,91.34415467758265,85.93411263175707,74.06976744186048
275.0,91.34415467758265,85.94317543037873,74.06976744186045
276.0,91.34415467758265,85.95202315890437,74.06976744186048
277.0,91.34415467758265,85.96066455603226,74.06976744186045
278.0,91.34415467758265,85.96910786653714,74.06976744186048
279.0,91.34415467758265,85.97736087667033,74.06976744186045
280.0,91.34415467758265,85.98543094650604,74.06976744186048
281.0,91.34415467758265,85.99332503954032,74.06976744186045
282.0,91.34415467758265,86.00104974981437,74.06976744186048
283.0,91.34415467758265,86.00861132680318,74.06976744186045
284.0,91.34415467758265,86.01601569828392,74.06976744186048
285.0,91.34415467758265,86.02326849137515,74.06976744186045
286.0,91.34415467758265,86.03037505191732,74.06976744186048
287.0,91.34415467758265,86.03734046234683,74.06976744186045
288.0,91.34415467758265,86.04416955820035,74.06976744186048
289.0,91.34415467758265,86.05086694337137,74.06976744186045
290.0,91.34415467758265,86.05743700422964,74.06976744186048
291.0,91.34415467758265,86.06388392270142,74.06976744186045
292.0,91.34415467758265,86.07021168840089,74.06976744186048
293.0,91.34415467758265,86.07642410989176,74.06976744186045
294.0,91.34415467758265,86.08252482515309,74.06976744186048
295.0,91.34415467758265,86.0885173113139,74.06976744186045
296.0,91.34415467758265,86.09440489371694,74.06976744186048
297.0,91.34415467758265,86.10019075436526,74.06976744186045
298.0,91.34415467758265,86.10587793980055,74.06976744186048
299.0,91.34415467758265,86.11146936845839,74.06976744186045
300.0,91.34415467758265,86.1169678375402,74.06976744186048
301.0,91.34415467758265,86.12237602943992,74.06976744186045
302.0,91.34415467758265,86.12769651775825,74.06976744186048
303.0,91.34415467758265,86.13293177293599,74.06976744186045
304.0,91.34415467758265,86.1380841675344,74.06976744186048
305.0,91.34415467758265,86.14315598118851,74.06976744186045
306.0,91.34415467758265,86.14814940525706,74.06976744186048
307.0,91.34415467758265,86.15306654719069,74.06976744186045
308.0,91.34415467758265,86.15790943463865,74.06976744186048
309.0,91.34415467758265,86.16268001931189,74.06976744186045
310.0,91.34415467758265,86.1673801806198,74.06976744186048
311.0,91.34415467758265,86.172011729096,74.06976744186045
312.0,91.34415467758265,86.17657640962739,74.06976744186048
313.0,91.34415467758265,86.18107590449982,74.06976744186045
314.0,91.34415467758265,86.1855118362727,74.06976744186048
315.0,91.34415467758265,86.1898857704932,74.06976744186045
316.0,91.34415467758265,86.19419921826142,74.06976744186048
317.0,91.34415467758265,86.19845363865524,74.06976744186045
318.0,91.34415467758265,86.20265044102447,74.06976744186048
319.0,91.34415467758265,86.20679098716226,74.06976744186045
320.0,91.34415467758265,86.21087659336139,74.06976744186048
321.0,91.34415467758265,86.21490853236278,74.06976744186045
322.0,91.34415467758265,86.21888803520291,74.06976744186048
323.0,91.34415467758265,86.22281629296579,74.06976744186045
324.0,91.34415467758265,86.226694458446,74.06976744186048
325.0,91.34415467758265,86.23052364772748,74.06976744186045
326.0,91.34415467758265,86.23430494168339,74.06976744186048
327.0,91.34415467758265,86.23803938740144,74.06976744186045
328.0,91.34415467758265,86.2417279995394,74.06976744186048
329.0,91.34415467758265,86.24537176161431,74.06976744186045
330.0,91.34415467758265,86.24897162722958,74.06976744186048
331.0,91.34415467758265,86.2525285212434,74.06976744186045
332.0,91.34415467758265,86.25604334088165,74.06976744186048
333.0,91.34415467758265,86.25951695679821,74.06976744186045
334.0,91.34415467758265,86.26295021408642,74.06976744186048
335.0,91.34415467758265,86.2663439332431,74.06976744186045
336.0,91.34415467758265,86.26969891108888,74.06976744186048
337.0,91.34415467758265,86.2730159216463,74.06976744186045
338.0,91.34415467758265,86.27629571697858,74.06976744186048
339.0,91.34415467758265,86.27953902799071,74.06976744186045
340.0,91.34415467758265,86.28274656519504,74.06976744186048
341.0,91.34415467758265,86.28591901944327,74.06976744186045
342.0,91.34415467758265,86.2890570626263,74.06976744186048
343.0,91.34415467758265,86.29216134834392,74.06976744186045
344.0,91.34415467758265,86.29523251254577,74.06976744186048
345.0,91.34415467758265,86.29827117414467,74.06976744186045
346.0,91.34415467758265,86.3012779356044,74.06976744186048
347.0,91.34415467758265,86.30425338350257,74.06976744186045
348.0,91.34415467758265,86.30719808907006,74.06976744186048
349.0,91.34415467758265,86.3101126087082,74.06976744186045
350.0,91.34415467758265,86.31299748448482,74.06976744186048
351.0,91.34415467758265,86.31585324460988,74.06976744186045
352.0,91.34415467758265,86.31868040389207,74.06976744186048
353.0,91.34415467758265,86.32147946417699,74.06976744186045
354.0,91.34415467758265,86.32425091476799,74.06976744186048
355.0,91.34415467758265,86.3269952328301,74.06976744186045
356.0,91.34415467758265,86.32971288377857,74.06976744186048
357.0,91.34415467758265,86.33240432165175,74.06976744186045
358.0,91.34415467758265,86.33506998946986,74.06976744186048
359.0,91.34415467758265,86.33771031958,74.06976744186045
360.0,91.34415467758265,86.34032573398771,74.06976744186048
361.0,91.34415467758265,86.34291664467625,74.06976744186045
362.0,91.34415467758265,86.34548345391387,74.06976744186048
363.0,91.34415467758265,86.34802655454925,74.06976744186045
364.0,91.34415467758265,86.35054633029648,74.06976744186048
365.0,91.34415467758265,86.35304315600906,74.06976744186045
366.0,91.34415467758265,86.3555173979443,74.06976744186048
367.0,91.34415467758265,86.35796941401769,74.06976744186045
368.0,91.34415467758265,86.3603995540484,74.06976744186048
369.0,91.34415467758265,86.36280815999584,74.06976744186045
370.0,91.34415467758265,86.36519556618775,74.06976744186048
371.0,91.34415467758265,86.3675620995404,74.06976744186045
372.0,91.34415467758265,86.36990807977068,74.06976744186048
373.0,91.34415467758265,86.37223381960116,74.06976744186045
374.0,91.34415467758265,86.37453962495789,74.06976744186048
375.0,91.34415467758265,86.37682579516115,74.06976744186045
376.0,91.34415467758265,86.37909262311014,74.06976744186048
377.0,91.34415467758265,86.3813403954608,74.06976744186045
378.0,91.34415467758265,86.38356939279811,74.06976744186048
379.0,91.34415467758265,86.38577988980232,74.06976744186045
380.0,91.34415467758265,86.38797215540964,74.06976744186048
381.0,91.34415467758265,86.39014645296764,74.06976744186045
382.0,91.34415467758265,86.39230304038553,74.06976744186048
383.0,91.34415467758265,86.39444217027943,74.06976744186045
384.0,91.34415467758265,86.39656409011305,74.06976744186048
385.0,91.34415467758265,86.39866904233352,74.06976744186045
386.0,91.34415467758265,86.40075726450323,74.06976744186048
387.0,91.34415467758265,86.40282898942701,74.06976744186045
388.0,91.34415467758265,86.40488444527568,74.06976744186048
389.0,91.34415467758265,86.40692385570532,74.06976744186045
390.0,91.34415467758265,86.40894743997306,74.06976744186048
391.0,91.34415467758265,86.4109554130491,74.06976744186045
392.0,91.34415467758265,86.4129479857252,74.06976744186048
393.0,91.34415467758265,86.41492536471995,74.06976744186045
394.0,91.34415467758265,86.41688775278075,74.06976744186048
395.0,91.34415467758265,86.41883534878258,74.06976744186045
396.0,91.34415467758265,86.4207683478239,74.06976744186048
397.0,91.34415467758265,86.42268694131944,74.06976744186045
398.0,91.34415467758265,86.4245913170906,74.06976744186048
399.0,91.34415467758265,86.42648165945259,74.06976744186045
400.0,91.34415467758265,86.42835814929947,74.06976744186048
401.0,91.34415467758265,86.43022096418638,74.06976744186045
402.0,91.34415467758265,86.43207027840943,74.06976744186048
403.0,91.34415467758265,86.43390626308334,74.06976744186045
404.0,91.34415467758265,86.43572908621663,74.06976744186048
405.0,91.34415467758265,86.43753891278487,74.06976744186045
406.0,91.34415467758265,86.4393359048015,74.06976744186048
407.0,91.34415467758265,86.44112022138702,74.06976744186045
408.0,91.34415467758265,86.44289201883589,74.06976744186048
409.0,91.34415467758265,86.44465145068162,74.06976744186045
410.0,91.34415467758265,86.4463986677601,74.06976744186048
411.0,91.34415467758265,86.44813381827107,74.06976744186045
412.0,91.34415467758265,86.44985704783794,74.06976744186048
413.0,91.34415467758265,86.45156849956582,74.06976744186045
414.0,91.34415467758265,86.45326831409814,74.06976744186048
415.0,91.34415467758265,86.45495662967153,74.06976744186045
416.0,91.34415467758265,86.45663358216943,74.06976744186048
417.0,91.34415467758265,86.45829930517378,74.06976744186045
418.0,91.34415467758265,86.459953930016,74.06976744186048
419.0,91.34415467758265,86.46159758582597,74.06976744186045
420.0,91.34415467758265,86.46323039958,74.06976744186048
421.0,91.34415467758265,86.46485249614751,74.06976744186045
422.0,91.34415467758265,86.46646399833642,74.06976744186048
423.0,91.34415467758265,86.46806502693728,74.06976744186045
424.0,91.34415467758265,86.46965570076641,74.06976744186048
425.0,91.34415467758265,86.47123613670773,74.06976744186045
426.0,91.34415467758265,86.47280644975363,74.06976744186048
427.0,91.34415467758265,86.47436675304473,74.06976744186045
428.0,91.34415467758265,86.47591715790861,74.06976744186048
429.0,91.34415467758265,86.47745777389757,74.06976744186045
430.0,91.34415467758265,86.47898870882536,74.06976744186048
431.0,91.34415467758265,86.48051006880313,74.06976744186045
432.0,91.34415467758265,86.48202195827427,74.06976744186048
433.0,91.34415467758265,86.48352448004853,74.06976744186045
434.0,91.34415467758265,86.48501773533528,74.06976744186048
435.0,91.34415467758265,86.48650182377574,74.06976744186045
436.0,91.34415467758265,86.48797684347467,74.06976744186048
437.0,90.39897243515077,68.44936243716924,66.87499999999999
438.0,90.39897243515077,66.87652696622995,66.87500000000001
439.0,90.39897243515077,66.87499999999999,66.87499999999999
440.0,90.39897243515077,66.87500000000001,66.87500000000001
441.0,90.39897243515077,66.87499999999999,66.87499999999999
442.0,90.39897243515077,66.87500000000001,66.87500000000001
443.0,90.39897243515077,66.87499999999999,66.87499999999999
444.0,90.39897243515077,66.87500000000001,66.87500000000001
445.0,90.39897243515077,66.87499999999999,66.87499999999999
446.0,90.39897243515077,66.87500000000001,66.87500000000001
447.0,90.39897243515077,66.87499999999999,66.87499999999999
448.0,90.39897243515077,66.87500000000001,66.87500000000001
449.0,90.39897243515077,66.87499999999999,66.87499999999999
450.0,90.39897243515077,66.87500000000001,66.87500000000001
451.0,90.39897243515077,66.87499999999999,66.87499999999999
452.0,90.39897243515077,66.87500000000001,66.87500000000001
453.0,90.39897243515077,66.87499999999999,66.87499999999999
454.0,90.39897243515077,66.87500000000001,66.87500000000001
455.0,90.39897243515077,66.87499999999999,66.87499999999999
456.0,90.39897243515077,66.87500000000001,66.87500000000001
457.0,90.39897243515077,66.87499999999999,66.87499999999999
458.0,90.39897243515077,66.87500000000001,66.87500000000001
459.0,90.39897243515077,66.87499999999999,66.87499999999999
460.0,90.39897243515077,66.87500000000001,66.87500000000001
461.0,83.10867638251919,66.87499999999999,66.87499999999999
462.0,75.00718815537235,66.86700657894738,66.87500000000001
463.0,72.57548761208615,66.85013041966764,66.875
464.0,72.57548761208615,66.83058818484456,66.875
465.0,72.57548761208615,66.81104595002148,66.875
466.0,72.57548761208615,66.79606571903402,66.875
467.0,72.57548761208615,66.72483111224807,66.875
468.0,72.57548761208615,66.47570355581666,66.875
469.0,72.57548761208615,65.78001760905359,66.875
470.0,72.57548761208615,63.88894714165326,66.875
471.0,72.57548761208615,58.87363803850698,66.875
472.0,72.57548761208615,56.937854918359285,66.875
473.0,72.57548761208615,56.8582306981935,66.875
474.0,72.57548761208615,56.900267274577494,66.875
475.0,72.57548761208615,56.96785573209752,66.875
476.0,72.57548761208615,56.83701113916798,66.875
477.0,72.57548761208615,56.94115232831603,66.875
478.0,72.2194281248596,56.836404261336874,66.875
479.0,71.16564374535402,56.9676326159912,66.875
480.0,71.16564374535402,56.88398034803857,66.875
481.0,71.16564374535402,56.80705083722504,66.875
482.0,70.47893741603941,56.96745788277972,66.875
483.0,70.47893741603941,56.90387332737361,66.875
484.0,70.47893741603941,56.84805267534296,66.875
485.0,70.47893741603941,56.81639878743511,66.875
486.0,70.47893741603941,56.831774508851915,66.875
487.0,70.47893741603941,56.96781632453433,66.875
488.0,65.79589083092735,57.42749631958291,66.875
489.0,64.0499384016888,58.12041857264541,66.875
490.0,63.8456932769708,58.18639255843456,66.875
491.0,63.8456932769708,58.363557159684824,66.875
492.0,63.8456932769708,58.82780918067092,66.875
493.0,63.8456932769708,58.836536653783334,66.875
494.0,63.8456932769708,58.907928795679446,66.875
495.0,63.8456932769708,59.12928240717458,66.875
496.0,63.8456932769708,59.74005120181246,66.875
497.0,63.8456932769708,61.40825457026859,66.875
498.0,63.8456932769708,65.8154864035137,66.875
499.0,63.8456932769708,67.27715630564605,66.875
500.0,63.8456932769708,66.86715702068683,66.875
501.0,63.8456932769708,67.00322616604497,66.875
502.0,63.8456932769708,66.69119301166113,66.875
503.0,63.8456932769708,66.79419917198452,66.875
504.0,63.8456932769708,66.88584635752754,66.875
505.0,63.8456932769708,66.9679394825116,66.875
506.0,63.8456932769708,67.04191371437095,66.875
507.0,63.8456932769708,67.10892597167445,66.875
508.0,63.8456932769708,66.72630526163259,66.875
509.0,63.8456932769708,66.78035965254382,66.875
510.0,63.8456932769708,66.82990573360965,66.875
511.0,63.8456932769708,66.87548144565636,66.875
512.0,63.8456932769708,66.91754185403893,66.875
513.0,63.8456932769708,66.95647466803062,66.875
514.0,63.8456932769708,66.99261236694151,66.875
515.0,63.8456932769708,67.02624177487893,66.875
516.0,63.8456932769708,67.05761169396594,66.875
517.0,63.8456932769708,67.0869390436985,66.875
518.0,63.8456932769708,67.11441383917698,66.875
519.0,63.8456932769708,67.14020325834267,66.875
520.0,63.8456932769708,67.16445498824169,66.875
521.0,63.8456932769708,67.18729999608571,66.875
522.0,63.8456932769708,66.7465469055995,66.875
523.0,63.8456932769708,66.76596491840127,66.875
524.0,63.8456932769708,66.7843219468888,66.875
525.0,63.8456932769708,66.80170001378818,66.875
526.0,63.8456932769708,66.81817297779926,66.875
527.0,63.8456932769708,66.83380752372058,66.875
528.0,63.8456932769708,66.84866401153914,66.875
529.0,63.8456932769708,66.86279720746369,66.875
530.0,63.8456932769708,66.87625691568432,66.875
531.0,63.8456932769708,66.88908852628738,66.875
532.0,63.8456932769708,66.90133349206404,66.875
533.0,63.8456932769708,66.91302974478018,66.875
534.0,63.8456932769708,66.92421205970943,66.875
535.0,63.8456932769708,66.93491237579552,66.875
536.0,63.8456932769708,66.945160077632,66.875
537.0,63.8456932769708,66.95498224447682,66.875
538.0,63.8456932769708,66.96440387071887,66.875
539.0,63.8456932769708,66.97344806154746,66.875
540.0,63.8456932769708,66.98213620702249,66.875
541.0,63.8456932769708,66.99048813727889,66.875
542.0,63.8456932769708,66.99852226120923,66.875
543.0,63.8456932769708,67.00625569064265,66.875
544.0,63.8456932769708,67.01370435175843,66.875
545.0,63.8456932769708,67.02088308524007,66.875
546.0,63.8456932769708,67.02780573647543,66.875
547.0,63.8456932769708,67.03448523693675,66.875
548.0,63.8456932769708,67.04093367773147,66.875
549.0,63.8456932769708,67.04716237618702,66.875
550.0,63.8456932769708,67.05318193622718,66.875
551.0,63.95408437421474,67.0590023032038,66.875
552.0,63.95408437421474,67.06528601063954,66.875
553.0,64.0625439113913,67.0713886350432,66.875
554.0,64.0625439113913,67.07797175849278,66.875
555.0,64.0625439113913,67.0843898180091,66.875
556.0,64.0625439113913,67.09027733937627,66.875
557.0,64.0625439113913,67.1010252115041,66.875
558.0,64.0625439113913,67.1203483425496,66.875
559.0,64.17211520565266,67.16926138301147,66.875
560.0,64.17211520565266,67.29497542699461,66.875
561.0,64.17211520565266,67.13307286960524,66.875
562.0,64.17211520565266,67.25335032070473,66.875
563.0,64.28028755172657,67.05951447457575,66.875
564.0,64.28028755172657,67.08053712337612,66.875
565.0,64.28028755172657,67.10445264792953,66.875
566.0,64.28028755172657,67.13573125465432,66.875
567.0,64.28028755172657,67.19031355998688,66.875
568.0,64.28028755172657,67.31059383319445,66.875
569.0,64.28028755172657,67.1198744725355,66.875
570.0,64.28028755172657,67.15512298693834,66.875
571.0,64.28028755172657,67.21314757969493,66.875
572.0,64.28028755172657,66.84708367954696,66.875
573.0,64.38592737635449,67.14206214026659,66.875
574.0,64.38592737635449,67.16653583010711,66.875
575.0,64.38592737635449,67.18872497968579,66.875
576.0,64.38592737635449,67.20900397882541,66.875
577.0,64.38592737635449,67.22766225699095,66.875
578.0,64.38592737635449,67.24455665983893,66.875
579.0,64.38592737635449,67.2652377267701,66.875
580.0,64.38592737635449,67.29392354923388,66.875
581.0,64.38592737635449,67.34631194427526,66.875
582.0,64.38592737635449,66.97339642531504,66.875
583.0,64.38592737635449,67.2627384710651,66.875
584.0,64.38592737635449,67.28319273109582,66.875
585.0,64.38592737635449,67.30182114716999,66.875
586.0,64.38592737635449,67.31891923342101,66.875
587.0,64.38592737635449,67.33471414016545,66.875
588.0,64.49335591805969,67.34938453201906,66.875
589.0,64.49335591805969,67.363729852023,66.875
590.0,64.49335591805969,67.377210773856,66.875
591.0,64.49335591805969,67.38992393299738,66.875
592.0,64.49335591805969,67.40195026007493,66.875
593.0,64.49335591805969,67.41298379368516,66.875
594.0,64.49335591805969,67.42849150980214,66.875
595.0,64.49335591805969,67.45262368282111,66.875
596.0,64.49335591805969,67.50111844103346,66.875
597.0,64.49335591805969,67.1207184982545,66.875
598.0,64.49335591805969,67.40882460374577,66.875
599.0,64.49335591805969,67.42627895361787,66.875
600.0,64.49335591805969,67.44216611493378,66.875
601.0,64.49335591805969,67.45675196110855,66.875
602.0,64.49335591805969,67.47023822930565,66.875
603.0,64.49335591805969,67.4827816950088,66.875
604.0,64.49335591805969,67.4945067020076,66.875
605.0,64.49335591805969,67.00769630922726,66.875
606.0,64.49335591805969,67.0178520651336,66.875
607.0,64.49335591805969,67.0274430500811,66.875
608.0,64.49335591805969,67.03652664443786,66.875
609.0,64.49335591805969,67.04515157976061,66.875
610.0,64.49335591805969,67.05335963107702,66.875
611.0,64.49335591805969,67.06118691138649,66.875
612.0,64.49335591805969,67.06866487567672,66.875
613.0,64.49335591805969,67.07582110948833,66.875
614.0,64.49335591805969,67.08267995539818,66.875
615.0,64.49335591805969,67.08926301598275,66.875
616.0,64.59843793521625,67.09558956152495,66.875
617.0,64.59843793521625,67.10233049925307,66.875
618.0,64.70335501833698,67.10884774087246,66.875
619.0,64.70335501833698,67.11580910381299,66.875
620.0,64.70335501833698,67.12257357036418,66.875
621.0,64.8086668831764,67.12877970196045,66.875
622.0,64.8086668831764,67.14047965074988,66.875
623.0,64.91669936425286,67.16074006565698,66.875
624.0,64.91669936425286,67.21124661518539,66.875
625.0,64.91669936425286,67.33793552834727,66.875
626.0,64.91669936425286,67.15934500311825,66.875
627.0,64.91669936425286,67.28547946400711,66.875
628.0,64.91669936425286,67.08918560374349,66.875
629.0,64.91669936425286,67.15443116160594,66.875
630.0,64.91669936425286,67.29389588016981,66.875
631.0,64.91669936425286,67.1262228157186,66.875
632.0,64.91669936425286,67.25754272071904,66.875
633.0,65.02190790301384,67.05607805736436,66.875
634.0,65.02190790301384,67.086546496256,66.875
635.0,65.02190790301384,67.11405328257874,66.875
636.0,65.02190790301384,67.13909356015688,66.875
637.0,65.02190790301384,67.16204995712933,66.875
638.0,65.02190790301384,67.18285128208318,66.875
639.0,65.02190790301384,67.20712306723487,66.875
640.0,65.02190790301384,67.23914305738657,66.875
641.0,65.02190790301384,67.29469604493593,66.875
642.0,65.02190790301384,67.41638415819573,66.875
643.0,65.02190790301384,67.20489866164279,66.875
644.0,65.02190790301384,67.22800682236083,66.875
645.0,65.02190790301384,67.24913380398003,66.875
646.0,65.02190790301384,67.26859178014939,66.875
647.0,65.02190790301384,67.28662209874213,66.875
648.0,65.12918687432052,67.303415613959,66.875
649.0,65.12918687432052,67.31978191750187,66.875
650.0,65.12918687432052,67.33519122906816,66.875
651.0,65.12918687432052,67.3497481915232,66.875
652.0,65.12918687432052,67.36354077083699,66.875
653.0,65.12918687432052,67.3762694362593,66.875
654.0,65.12918687432052,67.39340348458175,66.875
655.0,65.12918687432052,67.41909567677835,66.875
656.0,65.23770371644336,67.46907927857549,66.875
657.0,65.23770371644336,67.58668991890029,66.875
658.0,65.23770371644336,67.37018424230882,66.875
659.0,65.23770371644336,67.38976713226963,66.875
660.0,65.23770371644336,67.407738448728,66.875
661.0,65.23770371644336,67.42399161014653,66.875
662.0,65.23770371644336,67.4441463996225,66.875
663.0,65.23770371644336,67.47246705459334,66.875
664.0,65.23770371644336,67.5247953666378,66.875
665.0,65.23770371644336,67.13665373431279,66.875
666.0,65.23770371644336,67.42844293824926,66.875
667.0,65.23770371644336,67.44897814044488,66.875
668.0,65.23770371644336,67.46774000075162,66.875
669.0,65.23770371644336,67.48502111059862,66.875
670.0,65.23770371644336,67.50104521735501,66.875
671.0,65.23770371644336,67.51598740283829,66.875
672.0,65.23770371644336,67.52998737015578,66.875
673.0,65.23770371644336,67.03470652044065,66.875
674.0,65.23770371644336,67.04703349325501,66.875
675.0,65.23770371644336,67.05870364232332,66.875
676.0,65.23770371644336,67.06978259131155,66.875
677.0,65.34243799637245,67.08032623559845,66.875
678.0,65.34243799637245,67.09103607500792,66.875
679.0,65.44736373493218,67.10130025807352,66.875
680.0,65.44736373493218,67.11180875081483,66.875
681.0,65.44736373493218,67.12193978922767,66.875
682.0,65.55277016735609,67.13134860672368,66.875
683.0,65.55277016735609,67.14610043520386,66.875
684.0,65.6586668588395,67.1692735012148,66.875
685.0,65.6586668588395,67.22255984281726,66.875
686.0,65.6586668588395,67.35189345516017,66.875
687.0,65.6586668588395,67.67780999249477,66.875
688.0,65.6586668588395,67.80656131008399,66.875
689.0,65.6586668588395,67.60216217108403,66.875
690.0,65.6586668588395,67.66993235318233,66.875
691.0,65.6586668588395,67.81184824746747,66.875
692.0,65.6586668588395,67.63406000905862,66.875
693.0,65.6586668588395,67.76777041035987,66.875
694.0,65.77382430699537,68.07165574606658,66.875
695.0,65.77382430699537,68.10450982320127,66.875
696.0,65.77382430699537,68.13433791152214,66.875
697.0,65.77382430699537,68.16163857945017,66.875
698.0,65.77382430699537,68.1867975944141,66.875
699.0,65.77382430699537,68.20974055047147,66.875
700.0,65.77382430699537,68.2361837789348,66.875
701.0,65.77382430699537,68.27047429911649,66.875
702.0,65.77382430699537,67.81007441468203,66.875
703.0,65.77382430699537,67.93535540128127,66.875
704.0,65.77382430699537,68.23487546941155,66.875
705.0,65.77382430699537,68.260051858135,66.875
706.0,65.77382430699537,68.28318642660433,66.875
707.0,65.77382430699537,68.30459692461181,66.875
708.0,65.77382430699537,67.80542246288792,66.875
709.0,65.88614678612478,67.8239853898421,66.875
710.0,65.88614678612478,67.84208326319217,66.875
711.0,65.88614678612478,67.85918354933916,66.875
712.0,65.88614678612478,67.87539319233328,66.875
713.0,65.88614678612478,67.89080218601582,66.875
714.0,65.88614678612478,67.905109725198,66.875
715.0,65.88614678612478,67.92383122972662,66.875
716.0,66.00019613374148,67.95115466460683,66.875
717.0,66.00019613374148,68.00360634436866,66.875
718.0,66.00019613374148,68.1235545107535,66.875
719.0,66.00019613374148,67.89751982495261,66.875
720.0,66.00019613374148,67.91863073384808,66.875
721.0,66.00019613374148,67.93771560004659,66.875
722.0,66.00019613374148,67.96050706356048,66.875
723.0,66.00019613374148,67.99135142847248,66.875
724.0,66.11501949383208,68.04625736267084,66.875
725.0,66.11501949383208,68.16909523786467,66.875
726.0,66.11501949383208,68.46603128051756,66.875
727.0,66.11501949383208,67.96868441484123,66.875
728.0,66.11501949383208,67.99004893621039,66.875
729.0,66.11501949383208,68.0094723039163,66.875
730.0,66.11501949383208,68.03265767810468,66.875
731.0,66.11501949383208,68.06393429154825,66.875
732.0,66.11501949383208,68.11932105644736,66.875
733.0,66.11501949383208,68.24208345967823,66.875
734.0,66.11501949383208,68.53921405363714,66.875
735.0,66.11501949383208,68.03876429708755,66.875
736.0,66.11501949383208,68.05987297257825,66.875
737.0,66.11501949383208,68.07940506063454,66.875
738.0,66.11501949383208,68.0975936425247,66.875
739.0,66.11501949383208,68.11462173003963,66.875
740.0,66.22756148441651,68.13063583178014,66.875
741.0,66.22756148441651,68.14641962058894,66.875
742.0,66.22756148441651,68.16140714379013,66.875
743.0,66.33837909864386,68.17568074026106,66.875
744.0,66.33837909864386,68.18997497305047,66.875
745.0,66.33837909864386,68.20330513801116,66.875
746.0,66.33837909864386,68.2211989503141,66.875
747.0,66.33837909864386,68.24785226278367,66.875
748.0,66.33837909864386,68.29881634900393,66.875
749.0,66.33837909864386,68.4228049264873,66.875
750.0,66.33837909864386,68.20647522827325,66.875
751.0,66.33837909864386,68.26573602223147,66.875
752.0,66.33837909864386,68.39180626122925,66.875
753.0,66.44910022991174,68.69206045090836,66.875
754.0,66.44910022991174,68.19313648062963,66.875
755.0,66.44910022991174,68.21675884628114,66.875
756.0,66.44910022991174,68.23854342560949,66.875
757.0,66.44910022991174,68.25877339111925,66.875
758.0,66.44910022991174,68.27728940246404,66.875
759.0,66.55859421599305,68.29976953648647,66.875
760.0,66.55859421599305,68.33119337323926,66.875
761.0,66.55859421599305,68.38697645424368,66.875
762.0,66.55859421599305,68.51061186211129,66.875
763.0,66.55859421599305,68.80969235930392,66.875
764.0,66.55859421599305,68.8328040863314,66.875
765.0,66.55859421599305,68.85918532626498,66.875
766.0,66.55859421599305,68.89329655801562,66.875
767.0,66.55859421599305,68.95130104331112,66.875
768.0,66.55859421599305,69.07669354138797,66.875
769.0,66.55859421599305,69.37693036805824,66.875
770.0,66.67978240180385,69.40185418603004,66.875
771.0,66.67978240180385,69.42542324308926,66.875
772.0,66.67978240180385,69.44728597195567,66.875
773.0,66.67978240180385,69.46769362263413,66.875
774.0,66.67978240180385,69.48684398082058,66.875
775.0,66.67978240180385,69.50450880804378,66.875
776.0,66.67978240180385,69.52640518221396,66.875
777.0,66.67978240180385,69.55687575150232,66.875
778.0,66.80304038531504,69.61222464766098,66.875
779.0,66.80304038531504,69.73728352279747,66.875
780.0,66.80304038531504,70.04063370520042,66.875
781.0,66.80304038531504,70.06415328383542,66.875
782.0,66.80304038531504,70.08586990820892,66.875
783.0,66.80304038531504,70.10568795946429,66.875
784.0,66.80304038531504,70.12943598692078,66.875
785.0,66.80304038531504,70.16153779575201,66.875
786.0,66.93025838267535,70.21839771089397,66.875
787.0,66.93025838267535,70.34502722600253,66.875
788.0,66.93025838267535,70.65036620146003,66.875
789.0,66.93025838267535,70.67490575795249,66.875
790.0,66.93025838267535,70.69754643500539,66.875
791.0,66.93025838267535,70.71820388474123,66.875
792.0,66.93025838267535,70.74277121461732,66.875
793.0,66.93025838267535,70.77572180942136,66.875
794.0,66.93025838267535,70.83362055456618,66.875
795.0,66.93025838267535,70.96121394754537,66.875
796.0,66.93025838267535,71.26916136615618,66.875
797.0,66.93025838267535,71.29364666310323,66.875
798.0,66.93025838267535,71.31619033034664,66.875
799.0,66.93025838267535,71.33710543090054,66.875
800.0,66.93025838267535,71.35663217235846,66.875
801.0,67.06977706992537,71.37495913240174,66.875
802.0,67.06977706992537,71.39293593962664,66.875
803.0,67.06977706992537,71.40998676798887,66.875
804.0,67.06977706992537,71.42621306035879,66.875
805.0,67.20985960219062,71.44169964148823,66.875
806.0,67.20985960219062,71.45681880122446,66.875
807.0,67.20985960219062,71.47669135140437,66.875
808.0,67.20985960219062,71.50573550070733,66.875
809.0,67.20985960219062,71.56070836685065,66.875
810.0,67.20985960219062,71.68667695145984,66.875
811.0,67.20985960219062,72.00198223839173,66.875
812.0,67.20985960219062,72.03881228687511,66.875
813.0,67.20985960219062,72.1004158486566,66.875
814.0,67.20985960219062,72.23254324909252,66.875
815.0,67.20985960219062,72.54805352356924,66.875
816.0,67.20985960219062,72.57446846896,66.875
817.0,67.20985960219062,72.59867684302559,66.875
818.0,67.20985960219062,72.62104338783915,66.875
819.0,67.20985960219062,72.64184784276519,66.875
820.0,67.20985960219062,72.66130947532612,66.875
821.0,67.20985960219062,72.67960337227227,66.875
822.0,67.20985960219062,72.6968715981477,66.875
823.0,67.20985960219062,72.71323104385175,66.875
824.0,67.20985960219062,72.72877907572354,66.875
825.0,67.20985960219062,72.74359768451906,66.875
826.0,67.20985960219062,72.75775658757992,66.875
827.0,67.20985960219062,72.77131558554537,66.875
828.0,67.20985960219062,72.78432637850317,66.875
829.0,67.20985960219062,72.7968339837317,66.875
830.0,67.20985960219062,72.80887785544861,66.875
831.0,67.20985960219062,72.82049277868084,66.875
832.0,67.20985960219062,72.83170958981616,66.875
833.0,67.20985960219062,72.84255576267392,66.875
834.0,67.20985960219062,72.85305588915205,66.875
835.0,67.20985960219062,72.86323207644001,66.875
836.0,67.20985960219062,72.87310427762078,66.875
837.0,67.20985960219062,72.8826905686537,66.875
838.0,67.20985960219062,72.89200738187017,66.875
839.0,67.20985960219062,72.90106970394517,66.875
840.0,67.20985960219062,72.9098912446597,66.875
841.0,67.20985960219062,72.91848458149278,66.875
842.0,67.20985960219062,72.92686128409743,66.875
843.0,67.20985960219062,72.93503202194192,66.875
844.0,67.20985960219062,72.94300665778856,66.875
845.0,67.20985960219062,72.95079432919903,66.875
846.0,67.20985960219062,72.95840351987107,66.875
847.0,67.20985960219062,72.96584212229925,66.875
848.0,67.20985960219062,72.97311749300452,66.875
849.0,67.20985960219062,72.9802365013711,66.875
850.0,67.20985960219062,72.9872055729653,66.875
851.0,67.20985960219062,72.9940307280725,66.875
852.0,67.20985960219062,73.00071761607713,66.875
853.0,67.20985960219062,73.0072715462153,66.875
854.0,67.20985960219062,73.01369751515533,66.875
855.0,67.20985960219062,73.02000023179222,66.875
856.0,67.20985960219062,73.02618413959154,66.875
857.0,67.20985960219062,73.03225343676823,66.875
858.0,67.20985960219062,73.03821209455224,66.875
859.0,67.20985960219062,73.04406387375434,66.875
860.0,67.20985960219062,73.04981233982116,66.875
861.0,67.20985960219062,73.0554608765435,66.875
862.0,67.20985960219062,73.0610126985617,66.875
863.0,67.20985960219062,73.0664708627925,66.875
864.0,67.20985960219062,73.07183827888997,66.875
865.0,67.20985960219062,73.07711771883723,66.875
866.0,67.20985960219062,73.08231182575389,66.875
867.0,67.20985960219062,73.0874231219986,66.875
868.0,67.20985960219062,73.09245401663095,66.875
869.0,67.20985960219062,73.09740681229572,66.875
870.0,67.20985960219062,73.10228371158159,66.875
871.0,67.20985960219062,73.1070868229025,66.875
872.0,67.20985960219062,73.11181816594517,66.875
873.0,67.20985960219062,73.11647967672,66.875
874.0,67.20985960219062,73.12107321225099,66.875
875.0,67.20985960219062,73.12560055493515,66.875
876.0,67.20985960219062,73.13006341659916,66.875
877.0,67.20985960219062,73.13446344227809,66.875
878.0,67.20985960219062,73.13880221374089,66.875
879.0,67.20985960219062,73.14308125278018,66.875
880.0,67.20985960219062,73.14730202428758,66.875
881.0,67.20985960219062,73.1514659391304,66.875
882.0,67.20985960219062,73.15557435684467,66.875
883.0,67.20985960219062,73.15962858815966,66.875
884.0,67.20985960219062,73.16362989736636,66.875
885.0,67.20985960219062,73.16757950453945,66.875
886.0,67.20985960219062,73.17147858762766,66.875
887.0,67.20985960219062,73.1753282844176,66.875
888.0,67.20985960219062,73.17912969438332,66.875
889.0,67.20985960219062,73.18288388042846,66.875
890.0,67.20985960219062,73.18659187052766,66.875
891.0,67.20985960219062,73.19025465927656,66.875
892.0,67.20985960219062,73.1938732093534,66.875
893.0,67.20985960219062,73.19744845290148,66.875
894.0,67.20985960219062,73.20098129283492,66.875
895.0,67.20985960219062,73.20447260407501,66.875
896.0,67.20985960219062,73.20792323471976,66.875
897.0,67.20985960219062,73.21133400715215,66.875
898.0,67.20985960219062,73.21470571909113,66.875
899.0,67.20985960219062,73.21803914458754,66.875
900.0,67.20985960219062,73.22133503496998,66.875
901.0,67.20985960219062,73.22459411974286,66.875
902.0,67.20985960219062,73.22781710743958,66.875
903.0,67.20985960219062,73.23100468643356,66.875
904.0,67.20985960219062,73.23415752571044,66.875
905.0,67.20985960219062,73.23727627560142,66.875
906.0,67.20985960219062,73.24036156848373,66.875
907.0,67.20985960219062,73.24341401944594,66.875
908.0,67.20985960219062,73.24643422692351,66.875
909.0,67.20985960219062,73.24942277330423,66.875
910.0,67.20985960219062,73.2523802255064,66.875
911.0,67.20985960219062,73.25530713552995,66.875
912.0,67.20985960219062,73.25820404098384,66.875
913.0,67.20985960219062,73.26107146558907,66.875
914.0,67.20985960219062,73.26390991966007,66.875
915.0,67.20985960219062,73.2667199005647,66.875
916.0,67.20985960219062,73.26950189316467,66.875
917.0,67.20985960219062,73.27225637023697,66.875
918.0,67.20985960219062,73.27498379287728,66.875
919.0,67.20985960219062,73.27768461088631,66.875
920.0,67.20985960219062,73.28035926314064,66.875
921.0,67.20985960219062,73.2830081779476,66.875
922.0,67.20985960219062,73.28563177338567,66.875
923.0,67.20985960219062,73.28823045763141,66.875
924.0,67.20985960219062,73.29080462927313,66.875
925.0,67.20985960219062,73.29335467761187,66.875
926.0,67.20985960219062,73.29588098295048,66.875
927.0,67.20985960219062,73.29838391687161,66.875
928.0,67.20985960219062,73.30086384250473,66.875
929.0,67.20985960219062,73.30332111478276,66.875
930.0,67.20985960219062,73.30575608068914,66.875
931.0,67.20985960219062,73.30816907949531,66.875
932.0,67.20985960219062,73.3105604429894,66.875
933.0,67.20985960219062,73.31293049569618,66.875
934.0,67.20985960219062,73.3152795550892,66.875
935.0,67.20985960219062,73.31760793179485,66.875
936.0,67.20985960219062,73.31991592978919,66.875
937.0,67.20985960219062,73.32220384658753,66.875
938.0,67.20985960219062,73.32447197342704,66.875
939.0,67.20985960219062,73.32672059544353,66.875
940.0,67.20985960219062,73.32894999184107,66.875
941.0,67.20985960219062,73.33116043605632,66.875
942.0,67.20985960219062,73.33335219591713,66.875
943.0,67.20985960219062,73.33552553379525,66.875
944.0,67.20985960219062,73.33768070675406,66.875
945.0,67.20985960219062,73.33981796669134,66.875
946.0,67.20985960219062,73.34193756047698,66.875
947.0,67.20985960219062,73.34403973008658,66.875
948.0,67.20985960219062,73.34612471272982,66.875
949.0,67.20985960219062,73.34819274097529,66.875
950.0,67.20985960219062,73.35024404287098,66.875
951.0,67.20985960219062,73.3522788420605,66.875
952.0,67.20985960219062,73.35429735789627,66.875
953.0,67.20985960219062,73.35629980554826,66.875
954.0,67.20985960219062,73.35828639610988,66.875
955.0,67.20985960219062,73.36025733670044,66.875
956.0,67.20985960219062,73.36221283056388,66.875
957.0,67.20985960219062,73.36415307716484,66.875
958.0,67.20985960219062,73.36607827228208,66.875
959.0,67.20985960219062,73.36798860809782,66.875
960.0,67.20985960219062,73.369884273286,66.875
961.0,67.20985960219062,73.37176545309624,66.875
962.0,67.20985960219062,73.3736323294365,66.875
963.0,67.20985960219062,73.3754850809526,66.875
964.0,67.20985960219062,73.3773238831052,66.875
965.0,67.20985960219062,73.3791489082454,66.875
966.0,67.20985960219062,73.38096032568698,66.875
967.0,67.20985960219062,73.38275830177743,66.875
968.0,67.20985960219062,73.38454299996629,66.875
969.0,67.20985960219062,73.38631458087193,66.875
970.0,67.20985960219062,73.388073202346,66.875
971.0,67.20985960219062,73.38981901953667,66.875
972.0,67.20985960219062,73.39155218494933,66.875
973.0,67.20985960219062,73.3932728485059,66.875
974.0,67.20985960219062,73.39498115760293,66.875
975.0,67.20985960219062,73.39667725716713,66.875
976.0,67.20985960219062,73.39836128971015,66.875
977.0,67.20985960219062,73.40003339538137,66.875
978.0,67.20985960219062,73.40169371201978,66.875
979.0,67.20985960219062,73.40334237520382,66.875
980.0,67.20985960219062,73.40497951830007,66.875
981.0,67.20985960219062,73.40660527251113,66.875
982.0,67.20985960219062,73.40821976692125,66.875
983.0,67.20985960219062,73.40982312854159,66.875
984.0,67.20985960219062,73.41141548235436,66.875
985.0,67.20985960219062,73.41299695135443,66.875
986.0,67.20985960219062,73.41456765659177,66.875
987.0,67.20985960219062,73.4161277172113,66.875
988.0,67.20985960219062,73.4176772504926,66.875
989.0,67.20985960219062,73.41921637188784,66.875
990.0,67.20985960219062,73.42074519505968,66.875
991.0,67.20985960219062,73.42226383191694,66.875
992.0,67.20985960219062,73.42377239265107,66.875
993.0,67.20985960219062,73.4252709857697,66.875
994.0,67.20985960219062,73.426759718131,66.875
995.0,67.20985960219062,73.42823869497634,66.875
996.0,67.20985960219062,73.42970801996258,66.875
997.0,67.20985960219062,73.43116779519274,66.875
998.0,67.20985960219062,73.43261812124717,66.875
999.0,67.20985960219062,73.43405909721311,66.875
1000.0,67.20985960219062,73.43549082071328,66.875
1001.0,67.20985960219062,73.43691338793485,66.875
1002.0,67.20985960219062,73.43832689365662,66.875
1003.0,67.20985960219062,73.43973143127626,66.875
1004.0,67.20985960219062,73.44112709283614,66.875
1005.0,67.20985960219062,73.44251396904993,66.875
1006.0,67.20985960219062,73.44389214932686,66.875
1007.0,67.20985960219062,73.44526172179667,66.875
1008.0,67.20985960219062,73.44662277333325,66.875
1009.0,67.20985960219062,73.44797538957846,66.875
1010.0,67.20985960219062,73.44931965496453,66.875
1011.0,67.20985960219062,73.45065565273657,66.875
1012.0,67.20985960219062,73.45198346497422,66.875
1013.0,67.20985960219062,73.45330317261306,66.875
1014.0,67.20985960219062,73.45461485546572,66.875
1015.0,67.20985960219062,73.4559185922415,66.875
1016.0,67.20985960219062,73.45721446056704,66.875
1017.0,67.20985960219062,73.45850253700503,66.875
1018.0,67.20985960219062,73.45978289707391,66.875
1019.0,67.20985960219062,73.4610556152659,66.875
1020.0,67.20985960219062,73.46232076506548,66.875
1021.0,67.20985960219062,73.46357841896705,66.875
1022.0,67.20985960219062,73.46482864849216,66.875
1023.0,67.20985960219062,73.46607152420715,66.875
1024.0,67.20985960219062,73.46730711573885,66.875
1025.0,67.20985960219062,73.46853549179154,66.875
1026.0,67.20985960219062,73.46975672016252,66.875
1027.0,67.20985960219062,73.47097086775807,66.875
1028.0,67.20985960219062,73.47217800060817,66.875
1029.0,67.20985960219062,73.47337818388198,66.875
1030.0,67.20985960219062,73.4745714819019,66.875
1031.0,67.20985960219062,73.47575795815837,66.875
1032.0,67.20985960219062,73.47693767532353,66.875
1033.0,67.20985960219062,73.47811069526522,66.875
1034.0,67.20985960219062,73.47927707905994,66.875
1035.0,67.20985960219062,73.48043688700672,66.875
1036.0,67.20985960219062,73.4815901786392,66.875
1037.0,67.20985960219062,73.48273701273864,66.875
1038.0,67.20985960219062,73.48387744734664,66.875
1039.0,67.20985960219062,73.48501153977641,66.875
1040.0,67.20985960219062,73.48613934662517,66.875
1041.0,67.20985960219062,73.48726092378577,66.875
1042.0,67.20985960219062,73.48837632645801,66.875
1043.0,67.20985960219062,73.48948560915954,66.875
1044.0,67.20985960219062,73.4905888257371,66.875
1045.0,67.20985960219062,73.49168602937729,66.875
1046.0,67.20985960219062,73.49277727261666,66.875
1047.0,67.20985960219062,73.49386260735264,66.875
1048.0,67.20985960219062,73.49494208485274,66.875
1049.0,67.20985960219062,73.49601575576538,66.875
1050.0,67.20985960219062,73.49708367012911,66.875
1051.0,67.20985960219062,73.49814587738229,66.875
1052.0,67.20985960219062,73.49920242637198,66.875
1053.0,67.20985960219062,73.50025336536389,66.875
1054.0,67.20985960219062,73.50129874205068,66.875
1055.0,67.20985960219062,73.50233860356097,66.875
1056.0,67.20985960219062,73.50337299646817,66.875
1057.0,67.20985960219062,73.50440196679862,66.875
1058.0,67.20985960219062,73.50542556004032,66.875
1059.0,67.20985960219062,73.50644382115065,66.875
1060.0,67.20985960219062,73.50745679456467,66.875
1061.0,67.20985960219062,73.50846452420267,66.875
1062.0,67.20985960219062,73.50946705347849,66.875
1063.0,67.20985960219062,73.51046442530641,66.875
1064.0,67.20985960219062,73.5114566821089,66.875
1065.0,67.20985960219062,73.51244386582381,66.875
1066.0,67.20985960219062,73.51342601791184,66.875
1067.0,67.20985960219062,73.51440317936304,66.875
1068.0,67.20985960219062,73.51537539070404,66.875
1069.0,67.20985960219062,73.51634269200484,66.875
1070.0,67.20985960219062,73.51730512288545,66.875
1071.0,67.20985960219062,73.51826272252205,66.875
1072.0,67.20985960219062,73.51921552965406,66.875
1073.0,67.20985960219062,73.52016358258993,66.875
1074.0,67.20985960219062,73.52110691921357,66.875
1075.0,67.20985960219062,73.52204557699025,66.875
1076.0,67.20985960219062,73.52297959297272,66.875
1077.0,67.20985960219062,73.523909003807,66.875
1078.0,67.20985960219062,73.52483384573829,66.875
1079.0,67.20985960219062,73.52575415461634,66.875
1080.0,67.20985960219062,73.52666996590135,66.875
1081.0,67.20985960219062,73.52758131466908,66.875
1082.0,67.20985960219062,73.52848823561668,66.875
1083.0,67.20985960219062,73.52939076306738,66.875
1084.0,67.20985960219062,73.53028893097623,66.875
1085.0,67.20985960219062,73.531182772935,66.875
1086.0,67.20985960219062,73.53207232217689,66.875
1087.0,67.20985960219062,73.53295761158216,66.875
1088.0,67.20985960219062,73.53383867368218,66.875
1089.0,67.20985960219062,73.53471554066472,66.875
1090.0,67.20985960219062,73.53558824437835,66.875
1091.0,67.20985960219062,73.53645681633746,66.875
1092.0,67.20985960219062,73.53732128772614,66.875
1093.0,67.20985960219062,73.53818168940305,66.875
1094.0,67.20985960219062,73.53903805190605,66.875
1095.0,67.20985960219062,73.53989040545575,66.875
1096.0,67.20985960219062,73.54073877996036,66.875
1097.0,67.20985960219062,73.54158320501989,66.875
1098.0,67.20985960219062,73.5424237099296,66.875
1099.0,67.20985960219062,73.54326032368472,66.875
1100.0,67.20985960219062,73.54409307498402,66.875
1101.0,67.20985960219062,73.54492199223405,66.875
1102.0,67.20985960219062,73.54574710355251,66.875
1103.0,67.20985960219062,73.54656843677245,66.875
1104.0,67.20985960219062,73.54738601944574,66.875
1105.0,67.20985960219062,73.54819987884665,66.875
1106.0,67.20985960219062,73.54901004197579,66.875
1107.0,67.20985960219062,73.54981653556335,66.875
1108.0,67.20985960219062,73.55061938607268,66.875
1109.0,67.20985960219062,73.55141861970382,66.875
1110.0,67.20985960219062,73.55221426239642,66.875
1111.0,67.20985960219062,73.5530063398338,66.875
1112.0,67.20985960219062,73.55379487744548,66.875
1113.0,67.20985960219062,73.55457990041099,66.875
1114.0,67.20985960219062,73.55536143366258,66.875
1115.0,67.20985960219062,73.55613950188882,66.875
1116.0,67.20985960219062,73.55691412953684,66.875
1117.0,67.20985960219062,73.55768534081649,66.875
1118.0,67.20985960219062,73.55845315970235,66.875
1119.0,67.20985960219062,73.55921760993705,66.875
1120.0,67.20985960219062,73.55997871503418,66.875
1121.0,67.20985960219062,73.56073649828116,66.875
1122.0,67.20985960219062,73.56149098274174,66.875
1123.0,67.20985960219062,73.56224219125916,66.875
1124.0,67.20985960219062,73.5629901464586,66.875
1125.0,67.20985960219062,73.5637348707498,66.875
1126.0,67.20985960219062,73.56447638632994,66.875
1127.0,67.20985960219062,73.56521471518604,66.875
1128.0,67.20985960219062,73.56594987909764,66.875
1129.0,67.20985960219062,73.56668189963904,66.875
1130.0,67.20985960219062,73.56741079818224,66.875
1131.0,67.20985960219062,73.56813659589893,66.875
1132.0,67.20985960219062,73.5688593137631,66.875
1133.0,67.20985960219062,73.56957897255363,66.875
1134.0,67.20985960219062,73.57029559285587,66.875
1135.0,67.20985960219062,73.57100919506512,66.875
1136.0,67.20985960219062,73.57171979938768,66.875
1137.0,67.20985960219062,73.57242742584388,66.875
1138.0,67.20985960219062,73.57313209426992,66.875
1139.0,67.20985960219062,73.57383382432032,66.875
1140.0,67.20985960219062,73.57453263546977,66.875
1141.0,67.20985960219062,73.57522854701536,66.875
1142.0,67.20985960219062,73.57592157807868,66.875
1143.0,67.20985960219062,73.57661174760777,66.875
1144.0,67.20985960219062,73.57729907437935,66.875
1145.0,67.20985960219062,73.57798357700042,66.875
1146.0,67.20985960219062,73.57866527391077,66.875
1147.0,67.20985960219062,73.57934418338438,66.875
1148.0,67.20985960219062,73.58002032353149,66.875
1149.0,67.20985960219062,73.58069371230087,66.875
1150.0,67.20985960219062,73.58136436748109,66.875
1151.0,67.20985960219062,73.58203230670247,66.875
1152.0,67.20985960219062,73.58269754743935,66.875
1153.0,67.20985960219062,73.58336010701123,66.875
1154.0,67.20985960219062,73.584020002585,66.875
1155.0,67.20985960219062,73.58467725117623,66.875
1156.0,67.20985960219062,73.58533186965154,66.875
1157.0,67.20985960219062,73.58598387472928,66.875
1158.0,67.20985960219062,73.58663328298238,66.875
1159.0,67.20985960219062,73.58728011083882,66.875
1160.0,67.20985960219062,73.58792437458413,66.875
1161.0,67.20985960219062,73.5885660903625,66.875
1162.0,67.20985960219062,73.58920527417858,66.875
1163.0,67.20985960219062,73.5898419418988,66.875
1164.0,67.20985960219062,73.59047610925295,66.875
1165.0,67.20985960219062,73.59110779183602,66.875
1166.0,67.20985960219062,73.59173700510921,66.875
1167.0,67.20985960219062,73.59236376440158,66.875
1168.0,67.20985960219062,73.59298808491171,66.875
1169.0,67.20985960219062,73.5936099817088,66.875
1170.0,67.20985960219062,73.59422946973413,66.875
1171.0,67.20985960219062,73.5948465638027,66.875
1172.0,67.20985960219062,73.59546127860419,66.875
1173.0,67.20985960219062,73.59607362870474,66.875
1174.0,67.20985960219062,73.59668362854804,66.875
1175.0,67.20985960219062,73.5972912924566,66.875
1176.0,67.20985960219062,73.59789663463327,66.875
1177.0,67.20985960219062,73.59849966916225,66.875
1178.0,67.20985960219062,73.59910041001052,66.875
1179.0,67.20985960219062,73.5996988710291,66.875
1180.0,67.20985960219062,73.60029506595433,66.875
1181.0,67.20985960219062,73.60088900840874,66.875
1182.0,67.20985960219062,73.60148071190268,66.875
1183.0,67.20985960219062,73.60207018983529,66.875
1184.0,67.20985960219062,73.60265745549577,66.875
1185.0,67.20985960219062,73.60324252206445,66.875
1186.0,67.20985960219062,73.6038254026137,66.875
1187.0,67.20985960219062,73.60440611010968,66.875
1188.0,67.20985960219062,73.6049846574128,66.875
1189.0,67.20985960219062,73.60556105727929,66.875
1190.0,67.20985960219062,73.60613532236185,66.875
1191.0,67.20985960219062,73.60670746521119,66.875
1192.0,67.20985960219062,73.60727749827664,66.875
1193.0,67.20985960219062,73.60784543390749,66.875
1194.0,67.20985960219062,73.60841128435392,66.875
1195.0,67.20985960219062,73.608975061768,66.875
1196.0,67.20985960219062,73.60953677820477,66.875
1197.0,67.20985960219062,73.61009644562297,66.875
1198.0,67.20985960219062,73.61065407588659,66.875
1199.0,67.20985960219062,73.611209680765,66.875
1200.0,67.20985960219062,73.61176327193475,66.875
