"tick","donation-normed-big","donation-big group","donation-valued-big"
1.0,25.0,33.962581595302716,95.0
2.0,25.0,33.89000889001335,95.0
3.0,25.0,33.81917103688195,95.0
4.0,25.0,33.75,95.0
5.0,25.0,33.682431421244566,95.0
6.0,25.0,33.61640436855328,95.0
7.0,25.0,33.551861104941345,95.0
8.0,25.0,33.48874687627169,95.0
9.0,25.0,33.427009716003816,95.0
10.0,25.0,33.366600265340765,95.0
11.0,25.0,33.307471607356995,95.0
12.0,25.0,33.249579113843076,95.0
13.0,25.0,33.19288030372916,95.0
14.0,25.0,33.13733471206734,95.0
15.0,25.0,33.08290376865473,95.0
16.0,25.0,33.02955068546969,95.0
17.0,25.0,32.97724035217468,95.0
18.0,25.0,32.9259392390122,95.0
19.0,25.0,32.875615306482146,95.0
20.0,25.0,32.82623792124924,95.0
21.0,25.0,32.77777777777781,95.0
22.0,25.0,32.73020682523928,95.0
23.0,25.0,32.68349819927834,95.0
24.0,25.0,32.637626158259756,95.0
25.0,25.0,32.59256602365298,95.0
26.0,25.0,32.54829412424071,95.0
27.0,25.0,32.50478774386458,95.0
28.0,25.0,32.46202507244635,95.0
29.0,25.0,32.41998516004448,95.0
30.0,25.0,32.37864787372625,95.0
31.0,25.0,32.337993857053405,95.0
32.0,25.0,32.29800449199759,95.0
33.0,25.0,32.25866186311299,95.0
34.0,25.0,32.219948723811534,95.0
35.0,25.0,32.18184846459606,95.0
36.0,25.0,32.144345083117585,95.0
37.0,25.0,32.107423155935315,95.0
38.0,25.0,32.07106781186551,95.0
39.0,25.0,32.035264706814516,95.0
40.0,25.0,32.0,95.0
41.0,25.0,31.965260331469903,95.0
42.0,25.0,31.931032800836707,95.0
43.0,25.0,31.897304947150072,95.0
44.0,25.0,31.864064729836418,95.0
45.0,25.0,31.831300510639725,95.0
46.0,25.0,31.799001036500844,95.0
47.0,25.0,31.767155423319608,95.0
48.0,25.0,31.73575314054567,95.0
49.0,25.50343145870985,29.279397973775104,86.81818181818181
50.0,25.50343145870985,29.253950612662088,86.81818181818181
51.0,25.50343145870985,29.228879358255647,86.81818181818181
52.0,25.50343145870985,29.204175796436168,86.81818181818181
53.0,25.50343145870985,29.17850678356528,86.81818181818181
54.0,25.50343145870985,29.171000361889163,86.81818181818181
55.0,25.50343145870985,29.196154633122944,86.81818181818181
56.0,25.50343145870985,29.309491394333143,86.81818181818181
57.0,25.50343145870985,29.66194752606497,86.81818181818181
58.0,25.50343145870985,30.627474992501767,86.81818181818181
59.0,25.50343145870985,30.636974608184143,86.81818181818181
60.0,25.50343145870985,30.642418073732333,86.81818181818181
61.0,25.50343145870985,30.64465575552651,86.81818181818181
62.0,25.50343145870985,30.644319868338616,86.81818181818181
63.0,25.50343145870985,30.641891163350568,86.81818181818181
64.0,25.50343145870985,30.637742294884294,86.81818181818181
65.0,25.50343145870985,30.632166928778453,86.81818181818181
66.0,25.50343145870985,30.625399820330628,86.81818181818181
67.0,25.50343145870985,30.617630995857958,86.81818181818181
68.0,25.50343145870985,30.60901598041596,86.81818181818181
69.0,25.50343145870985,30.599683311372985,86.81818181818181
70.0,25.50343145870985,30.589740149656908,86.81818181818181
71.0,25.50343145870985,30.579276532636413,86.81818181818181
72.0,25.50343145870985,30.568368640686504,86.81818181818181
73.0,25.50343145870985,30.557081336666805,86.81818181818181
74.0,25.50343145870985,30.54547016198719,86.81818181818181
75.0,25.50343145870985,30.533582921405902,86.81818181818181
76.0,25.50343145870985,30.52146095296935,86.81818181818181
77.0,25.50343145870985,30.509140154338667,86.81818181818181
78.0,25.50343145870985,30.496651818776797,86.81818181818181
79.0,25.50343145870985,30.484023321069593,86.81818181818181
80.0,25.50343145870985,30.4712786841365,86.81818181818181
81.0,25.50343145870985,30.45843905003805,86.81818181818181
82.0,25.50343145870985,30.445523073817448,86.81818181818181
83.0,25.50343145870985,30.432547254631498,86.81818181818181
84.0,25.50343145870985,30.41952621559152,86.81818181818181
85.0,25.50343145870985,30.40647294140311,86.81818181818181
86.0,25.50343145870985,30.393398981086023,86.81818181818181
87.0,25.50343145870985,30.38031462164661,86.81818181818181
88.0,25.50343145870985,30.36722903746347,86.81818181818181
89.0,25.50343145870985,30.354150419273793,86.81818181818181
90.0,25.50343145870985,30.341086085945445,86.81818181818181
91.0,25.50343145870985,30.328042581662395,86.81818181818181
92.0,25.50343145870985,30.31502576069971,86.81818181818181
93.0,25.50343145870985,30.3020408615984,86.81818181818181
94.0,25.50343145870985,30.289092572254887,86.81818181818181
95.0,25.50343145870985,30.276185087194225,86.81818181818181
96.0,25.50343145870985,30.263322158098017,86.81818181818181
97.0,25.50343145870985,30.250507138493333,86.81818181818181
98.0,25.50343145870985,30.23774302336973,86.81818181818181
99.0,25.50343145870985,30.225032484380637,86.81818181818181
100.0,25.50343145870985,30.21237790118774,86.81818181818181
101.0,25.50343145870985,30.199781389428583,86.81818181818181
102.0,25.50343145870985,30.187244825720715,86.81818181818181
103.0,25.50343145870985,30.174769870056753,86.81818181818181
104.0,25.50343145870985,30.162357985899735,86.81818181818181
105.0,25.50343145870985,30.150010458245127,86.81818181818181
106.0,25.50343145870985,30.137728409881746,86.81818181818181
107.0,25.50343145870985,30.12551281605359,86.81818181818181
108.0,25.50343145870985,30.113364517700358,86.81818181818181
109.0,25.50343145870985,30.101284233430768,86.81818181818181
110.0,25.50343145870985,30.089272570364386,86.81818181818181
111.0,25.50343145870985,30.077330033962728,86.81818181818181
112.0,25.50343145870985,30.06545703695398,86.81818181818181
113.0,25.50343145870985,30.053653907444474,86.81818181818181
114.0,25.50343145870985,30.041920896300166,86.81818181818181
115.0,25.50343145870985,30.03025818387013,86.81818181818181
116.0,25.50343145870985,30.018665886117954,86.81818181818181
117.0,25.79341453547523,27.92521399089781,80.0
118.0,25.79341453547523,27.916715521924324,80.0
119.0,25.79341453547523,27.908281613642114,80.0
120.0,25.79341453547523,27.899912183343403,80.0
121.0,25.79341453547523,27.890466468932257,80.0
122.0,25.79341453547523,27.896417836531267,80.0
123.0,25.79341453547523,27.930253646463985,80.0
124.0,25.79341453547523,28.039777014110964,80.0
125.0,25.79341453547523,28.354930620657047,80.0
126.0,25.79341453547523,29.197643467965225,80.0
127.0,25.79341453547523,29.217133980763162,80.0
128.0,25.79341453547523,29.23292941348787,80.0
129.0,25.79341453547523,29.245767005399152,80.0
130.0,25.79341453547523,29.25619602193109,80.0
131.0,25.79341453547523,29.264635171617385,80.0
132.0,25.79341453547523,29.271409946089346,80.0
133.0,25.79341453547523,29.276777685159804,80.0
134.0,25.79341453547523,29.280944867561423,80.0
135.0,25.79341453547523,29.284079325365255,80.0
136.0,25.79341453547523,29.28631905436926,80.0
137.0,25.79341453547523,29.28777868768839,80.0
138.0,25.79341453547523,29.288554331431214,80.0
139.0,25.79341453547523,29.28872723075569,80.0
140.0,25.79341453547523,29.28836658660605,80.0
141.0,25.79341453547523,29.28753174630386,80.0
142.0,25.79341453547523,29.286273926125112,80.0
143.0,25.79341453547523,29.284637579635614,80.0
144.0,25.79341453547523,29.282661494789505,80.0
145.0,25.79341453547523,29.280379681134526,80.0
146.0,25.79341453547523,29.277822092994242,80.0
147.0,25.79341453547523,29.275015223307207,80.0
148.0,25.79341453547523,29.27198259460724,80.0
149.0,25.79341453547523,29.268745167561214,80.0
150.0,25.79341453547523,29.265321682943693,80.0
151.0,25.79341453547523,29.2617289495003,80.0
152.0,25.79341453547523,29.25798208753658,80.0
153.0,25.79341453547523,29.254094736063166,80.0
154.0,25.79341453547523,29.25007922977187,80.0
155.0,25.79341453547523,29.245946750902636,80.0
156.0,25.79341453547523,29.241707460104752,80.0
157.0,25.79341453547523,29.237370609644408,80.0
158.0,25.79341453547523,29.232944641703984,80.0
159.0,25.79341453547523,29.228437274040417,80.0
160.0,25.79341453547523,29.22385557487911,80.0
161.0,25.79341453547523,29.219206028606433,80.0
162.0,25.79341453547523,29.214494593567963,80.0
163.0,25.79341453547523,29.209726753067823,80.0
164.0,25.79341453547523,29.204907560496448,80.0
165.0,25.79341453547523,29.20004167936675,80.0
166.0,25.79341453547523,29.195133418925,80.0
167.0,25.79341453547523,29.19018676590225,80.0
168.0,25.79341453547523,29.185205412890078,80.0
169.0,25.79341453547523,29.18019278375791,80.0
170.0,25.79341453547523,29.17515205646727,80.0
171.0,25.79341453547523,29.170086183593412,80.0
172.0,25.79341453547523,29.1649979108205,80.0
173.0,25.79341453547523,29.15988979364205,80.0
174.0,25.79341453547523,29.15476421246991,80.0
175.0,25.79341453547523,29.14962338632535,80.0
176.0,25.79341453547523,29.144469385268216,80.0
177.0,25.79341453547523,29.13930414169852,80.0
178.0,25.79341453547523,29.134129460648612,80.0
179.0,25.79341453547523,29.128947029170604,80.0
180.0,25.79341453547523,29.123758424912168,80.0
181.0,25.79341453547523,29.118565123959915,80.0
182.0,25.79341453547523,29.11336850802503,80.0
183.0,25.79341453547523,29.108169871033965,80.0
184.0,25.79341453547523,29.102970425180875,80.0
185.0,25.79341453547523,29.097771306494018,80.0
186.0,25.79341453547523,29.092573579959705,80.0
187.0,25.79341453547523,29.087378244245908,80.0
188.0,25.79341453547523,29.08218623606071,80.0
189.0,25.79341453547523,29.076998434178964,80.0
190.0,25.79341453547523,29.071815663165662,80.0
191.0,25.79341453547523,29.066638696822984,80.0
192.0,25.79341453547523,29.06146826138464,80.0
193.0,25.79341453547523,29.056305038478754,80.0
194.0,25.79341453547523,29.051149667878327,80.0
195.0,25.79341453547523,29.046002750057635,80.0
196.0,25.79341453547523,29.040864848569942,80.0
197.0,25.972282494595387,27.188612046548332,74.23076923076923
198.0,25.972282494595387,27.185665809534257,74.23076923076923
199.0,25.972282494595387,27.182729271154273,74.23076923076923
200.0,25.972282494595387,27.179802834374897,74.23076923076923
201.0,25.972282494595387,27.175871930914017,74.23076923076923
202.0,25.972282494595387,27.185595094489504,74.23076923076923
203.0,25.972282494595387,27.220084106190022,74.23076923076923
204.0,25.972282494595387,27.32187479841738,74.23076923076923
205.0,25.972282494595387,27.606590997762734,74.23076923076923
206.0,25.972282494595387,28.36068644136052,74.23076923076923
207.0,25.972282494595387,28.382232810818802,74.23076923076923
208.0,25.972282494595387,28.400448014982054,74.23076923076923
209.0,25.972282494595387,28.415988558241537,74.23076923076923
210.0,25.972282494595387,28.429343684461905,74.23076923076923
211.0,25.972282494595387,28.44088646613941,74.23076923076923
212.0,25.972282494595387,28.450907029119264,74.23076923076923
213.0,25.972282494595387,28.459634855117198,74.23076923076923
214.0,25.972282494595387,28.467254166658886,74.23076923076923
215.0,25.972282494595387,28.473914795141468,74.23076923076923
216.0,25.972282494595387,28.47974002002025,74.23076923076923
217.0,25.972282494595387,28.484832328743863,74.23076923076923
218.0,25.972282494595387,28.48927771930263,74.23076923076923
219.0,25.972282494595387,28.493148962075843,74.23076923076923
220.0,25.972282494595387,28.496508105980208,74.23076923076923
221.0,25.972282494595387,28.499408427496807,74.23076923076923
222.0,25.972282494595387,28.501895963281427,74.23076923076923
223.0,25.972282494595387,28.504010727589502,74.23076923076923
224.0,25.972282494595387,28.50578768837282,74.23076923076923
225.0,25.972282494595387,28.50725755662947,74.23076923076923
226.0,25.972282494595387,28.508447429821494,74.23076923076923
227.0,25.972282494595387,28.50938132021614,74.23076923076923
228.0,25.972282494595387,28.510080591715813,74.23076923076923
229.0,25.972282494595387,28.51056432334208,74.23076923076923
230.0,25.972282494595387,28.510849613502707,74.23076923076923
231.0,25.972282494595387,28.51095183611779,74.23076923076923
232.0,25.972282494595387,28.51088485736137,74.23076923076923
233.0,25.972282494595387,28.510661219981042,74.23076923076923
234.0,25.972282494595387,28.510292300781305,74.23076923076923
235.0,25.972282494595387,28.50978844576983,74.23076923076923
236.0,25.972282494595387,28.509159086619885,74.23076923076923
237.0,25.972282494595387,28.50841284142809,74.23076923076923
238.0,25.972282494595387,28.5075576022123,74.23076923076923
239.0,25.972282494595387,28.506600611165368,74.23076923076923
240.0,25.972282494595387,28.505548527334025,74.23076923076923
241.0,25.972282494595387,28.50440748511399,74.23076923076923
242.0,25.972282494595387,28.503183145723476,74.23076923076923
243.0,25.972282494595387,28.50188074262946,74.23076923076923
244.0,25.972282494595387,28.500505121751775,74.23076923076923
245.0,25.972282494595387,28.499060777138766,74.23076923076923
246.0,25.972282494595387,28.497551882706382,74.23076923076923
247.0,25.972282494595387,28.495982320545686,74.23076923076923
248.0,25.972282494595387,28.49435570622719,74.23076923076923
249.0,25.972282494595387,28.492675411473588,74.23076923076923
250.0,25.972282494595387,28.490944584518044,74.23076923076923
251.0,25.972282494595387,28.489166168422678,74.23076923076924
252.0,25.972282494595387,28.48734291759432,74.23076923076921
253.0,25.972282494595387,28.485477412704586,74.23076923076923
254.0,25.972282494595387,28.48357207419294,74.23076923076923
255.0,25.972282494595387,28.48162917450941,74.23076923076921
256.0,25.972282494595387,28.479650849234297,74.23076923076923
257.0,25.972282494595387,28.47763910719384,74.23076923076923
258.0,25.972282494595387,28.475595839679197,74.23076923076923
259.0,25.972282494595387,28.47352282885845,74.23076923076924
260.0,25.972282494595387,28.471421755467308,74.23076923076923
261.0,25.972282494595387,28.46929420584804,74.23076923076921
262.0,25.972282494595387,28.467141678401735,74.23076923076921
263.0,25.972282494595387,28.464965589511845,74.23076923076924
264.0,25.972282494595387,28.462767278987997,74.23076923076923
265.0,25.972282494595387,28.460548015076494,74.23076923076923
266.0,25.972282494595387,28.458308999077378,74.23076923076923
267.0,25.972282494595387,28.456051369604328,74.23076923076921
268.0,25.972282494595387,28.45377620651881,74.23076923076921
269.0,25.972282494595387,28.451484534568866,74.23076923076921
270.0,25.972282494595387,28.449177326757496,74.23076923076923
271.0,25.972282494595387,28.44685550746405,74.23076923076923
272.0,25.972282494595387,28.444519955340528,74.23076923076921
273.0,25.972282494595387,28.442171506001152,74.23076923076923
274.0,25.972282494595387,28.4398109545222,74.23076923076923
275.0,25.972282494595387,28.437439057768927,74.23076923076923
276.0,25.972282494595387,28.435056536561685,74.23076923076923
277.0,26.08844437315417,26.760516539917507,69.28571428571429
278.0,26.08844437315417,26.759900533096687,69.28571428571429
279.0,26.08844437315417,26.75927648602901,69.28571428571429
280.0,26.08844437315417,26.758644951715972,69.28571428571428
281.0,26.08844437315417,26.75708521221,69.28571428571429
282.0,26.08844437315417,26.76790269953443,69.28571428571429
283.0,26.08844437315417,26.80118352892261,69.28571428571429
284.0,26.08844437315417,26.895536778401187,69.28571428571429
285.0,26.08844437315417,27.155911992938595,69.28571428571429
286.0,26.08844437315417,27.84231751186461,69.28571428571429
287.0,26.08844437315417,27.86378788931832,69.28571428571429
288.0,26.08844437315417,27.8822193932645,69.28571428571429
289.0,26.08844437315417,27.89820808564963,69.28571428571429
290.0,26.08844437315417,27.912198207302126,69.28571428571429
291.0,26.08844437315417,27.924528550538394,69.28571428571429
292.0,26.08844437315417,27.935462616583212,69.28571428571429
293.0,26.08844437315417,27.945208859137438,69.28571428571429
294.0,26.08844437315417,27.953934648999073,69.28571428571428
295.0,26.08844437315417,27.96177613880602,69.28571428571429
296.0,26.08844437315417,27.968845378532723,69.28571428571429
297.0,26.08844437315417,27.975235543691635,69.28571428571429
298.0,26.08844437315417,27.98102484069508,69.28571428571429
299.0,26.08844437315417,27.98627946759382,69.28571428571429
300.0,26.08844437315417,27.991055888882993,69.28571428571429
301.0,26.08844437315417,27.995402604620303,69.28571428571429
302.0,26.08844437315417,27.999361541570998,69.28571428571429
303.0,26.08844437315417,28.00296915826549,69.28571428571428
304.0,26.08844437315417,28.006257331008158,69.28571428571429
305.0,26.08844437315417,28.009254070379136,69.28571428571429
306.0,26.08844437315417,28.011984105276433,69.28571428571429
307.0,26.08844437315417,28.014469362505697,69.28571428571429
308.0,26.08844437315417,28.01672936330611,69.28571428571428
309.0,26.08844437315417,28.018781553301732,69.28571428571429
310.0,26.08844437315417,28.02064157870221,69.28571428571429
311.0,26.08844437315417,28.022323518807706,69.28571428571429
312.0,26.08844437315417,28.02384008276295,69.28571428571429
313.0,26.08844437315417,28.025202776884694,69.28571428571429
314.0,26.08844437315417,28.02642204762845,69.28571428571429
315.0,26.08844437315417,28.02750740428044,69.28571428571429
316.0,26.08844437315417,28.028467524690555,69.28571428571429
317.0,26.08844437315417,28.029310346749806,69.28571428571429
318.0,26.08844437315417,28.03004314783243,69.28571428571429
319.0,26.08844437315417,28.030672614030465,69.28571428571429
320.0,26.08844437315417,28.031204900698533,69.28571428571429
321.0,26.08844437315417,28.031645685569245,69.28571428571428
322.0,26.08844437315417,28.032000215494616,69.28571428571428
323.0,26.08844437315417,28.032273347699146,69.28571428571429
324.0,26.08844437315417,28.032469586292088,69.28571428571429
325.0,26.08844437315417,28.03259311466868,69.28571428571429
326.0,26.08844437315417,28.03264782433906,69.28571428571429
327.0,26.08844437315417,28.032637340640296,69.28571428571429
328.0,26.08844437315417,28.032565045724528,69.28571428571429
329.0,26.08844437315417,28.03243409915609,69.28571428571429
330.0,26.08844437315417,28.03224745640889,69.28571428571429
331.0,26.08844437315417,28.032007885511423,69.28571428571429
332.0,26.08844437315417,28.03171798205535,69.28571428571429
333.0,26.08844437315417,28.031380182755733,69.28571428571429
334.0,26.08844437315417,28.03099677772413,69.28571428571429
335.0,26.08844437315417,28.03056992159817,69.28571428571429
336.0,26.08844437315417,28.030101643651214,69.28571428571429
337.0,26.08844437315417,28.02959385699051,69.28571428571429
338.0,26.08844437315417,28.02904836694052,69.28571428571429
339.0,26.08844437315417,28.0284668786951,69.28571428571429
340.0,26.08844437315417,28.027851004312897,69.28571428571429
341.0,26.08844437315417,28.02720226912199,69.28571428571429
342.0,26.08844437315417,28.02652211759192,69.28571428571429
343.0,26.08844437315417,28.025811918724656,69.28571428571429
344.0,26.08844437315417,28.025072971010548,69.28571428571429
345.0,26.08844437315417,28.024306506991092,69.28571428571429
346.0,26.08844437315417,28.02351369746339,69.28571428571429
347.0,26.08844437315417,28.022695655360558,69.28571428571428
348.0,26.08844437315417,28.02185343933719,69.28571428571428
349.0,26.166147156120743,26.487739119020215,65.0
350.0,26.166147156120743,26.488394301991566,65.0
351.0,26.166147156120743,26.489029612732423,64.99999999999999
352.0,26.166147156120743,26.489645865436056,65.0
353.0,26.166147156120743,26.489397117610135,65.0
354.0,26.166147156120743,26.50051270632885,65.00000000000001
355.0,26.166147156120743,26.53226307359178,65.0
356.0,26.166147156120743,26.62013418172135,65.00000000000001
357.0,26.166147156120743,26.86058568395749,65.0
358.0,26.166147156120743,27.492592178717757,64.99999999999999
359.0,26.166147156120743,27.513444611372137,64.99999999999999
360.0,26.166147156120743,27.531493838975063,65.0
361.0,26.166147156120743,27.547287910171296,65.00000000000001
362.0,26.166147156120743,27.56123532637354,65.0
363.0,26.166147156120743,27.573647663401335,65.0
364.0,26.166147156120743,27.584767289667536,65.0
365.0,26.166147156120743,27.594785972487433,65.0
366.0,26.166147156120743,27.603857713364462,64.99999999999999
367.0,26.166147156120743,27.612107815042478,65.0
368.0,26.166147156120743,27.619639421695968,65.0
369.0,26.166147156120743,27.62653832448081,64.99999999999999
370.0,26.166147156120743,27.632876551241516,65.0
371.0,26.166147156120743,27.6387150879936,64.99999999999999
372.0,26.166147156120743,27.644105969948146,65.0
373.0,26.166147156120743,27.649093907741396,65.0
374.0,26.166147156120743,27.65371756625416,65.0
375.0,26.166147156120743,27.658010580474812,65.0
376.0,26.166147156120743,27.662002370021384,65.0
377.0,26.166147156120743,27.665718797858002,65.0
378.0,26.166147156120743,27.669182707257423,65.0
379.0,26.166147156120743,27.672414362750104,65.0
380.0,26.166147156120743,27.675431814721232,65.0
381.0,26.166147156120743,27.678251202809722,65.0
382.0,26.166147156120743,27.680887009896967,65.00000000000001
383.0,26.166147156120743,27.683352275927362,65.0
384.0,26.166147156120743,27.685658778863406,65.0
385.0,26.166147156120743,27.68781718858822,65.0
386.0,26.166147156120743,27.68983719841147,65.0
387.0,26.166147156120743,27.691727637935905,65.0
388.0,26.166147156120743,27.69349657033096,64.99999999999999
389.0,26.166147156120743,27.695151376499428,65.0
390.0,26.166147156120743,27.6966988281775,65.0
391.0,26.166147156120743,27.698145151648934,64.99999999999999
392.0,26.166147156120743,27.69949608346839,64.99999999999999
393.0,26.166147156120743,27.700756919351893,64.99999999999999
394.0,26.166147156120743,27.70193255720635,64.99999999999999
395.0,26.166147156120743,27.703027535110603,65.00000000000001
396.0,26.166147156120743,27.70404606493609,65.00000000000001
397.0,26.166147156120743,27.704992062186545,65.0
398.0,26.166147156120743,27.70586917255054,65.0
399.0,26.166147156120743,27.706680795587964,64.99999999999999
400.0,26.166147156120743,27.707430105908923,65.0
401.0,26.166147156120743,27.708120072154088,65.0
402.0,26.166147156120743,27.708753474041988,65.0
403.0,26.166147156120743,27.709332917712107,65.0
404.0,26.166147156120743,27.709860849561647,65.0
405.0,26.166147156120743,27.710339568749436,65.0
406.0,26.166147156120743,27.710771238515147,65.0
407.0,26.166147156120743,27.711157896445414,65.0
408.0,26.166147156120743,27.711501463801262,65.00000000000001
409.0,26.218314984655716,26.29369107140654,61.25
410.0,26.218314984655716,26.295312429411087,61.25
411.0,26.218314984655716,26.296898215347294,61.25
412.0,26.218314984655716,26.29844986706997,61.250000000000014
413.0,26.218314984655716,26.29918397736764,61.25
414.0,26.218314984655716,26.310435732025212,61.25
415.0,26.218314984655716,26.340797873242003,61.25
416.0,26.218314984655716,26.42316058090027,61.25
417.0,26.218314984655716,26.64692657515487,61.25
418.0,26.218314984655716,27.23358643322799,61.25
419.0,26.218314984655716,27.25379443802489,61.250000000000014
420.0,26.218314984655716,27.271392080054607,61.25
421.0,26.218314984655716,27.28688771566099,61.25
422.0,26.218314984655716,27.30066034282702,61.25
423.0,26.218314984655716,27.312999105816402,61.250000000000014
424.0,26.218314984655716,27.324128986659183,61.25
425.0,26.218314984655716,27.33422805132571,61.25
426.0,26.218314984655716,27.343439347020944,61.25
427.0,26.218314984655716,27.351879306863122,61.25
428.0,26.218314984655716,27.359643812500572,61.249999999999986
429.0,26.218314984655716,27.36681264893486,61.25
430.0,26.218314984655716,27.373452832391713,61.249999999999986
431.0,26.218314984655716,27.379621133433908,61.249999999999986
432.0,26.218314984655716,27.385366015688515,61.25
433.0,26.218314984655716,27.39072914373774,61.25
434.0,26.218314984655716,27.39574656897226,61.25
435.0,26.218314984655716,27.400449671685646,61.25
436.0,26.218314984655716,27.404865916521032,61.25
437.0,26.218314984655716,27.4090194634769,61.25
438.0,26.218314984655716,27.412931666033455,61.25
439.0,26.218314984655716,27.416621480262222,61.249999999999986
440.0,26.218314984655716,27.42010580314049,61.25
441.0,26.218314984655716,27.423399754120943,61.25
442.0,26.218314984655716,27.42651691088231,61.249999999999986
443.0,26.218314984655716,27.429469507828365,61.25
444.0,26.218314984655716,27.432268604106923,61.25
445.0,26.218314984655716,27.434924226534967,61.25
446.0,26.218314984655716,27.437445491750537,61.249999999999986
447.0,26.218314984655716,27.43984071107119,61.25
448.0,26.218314984655716,27.44211748088595,61.249999999999986
449.0,26.218314984655716,27.444282760885613,61.25
450.0,26.218314984655716,27.44634294202198,61.249999999999986
451.0,26.218314984655716,27.448303905757285,61.25
452.0,26.218314984655716,27.450171075894666,61.25
453.0,26.218314984655716,27.451949464066423,61.25
454.0,26.218314984655716,27.453643709779147,61.25
455.0,26.218314984655716,27.455258115771535,61.250000000000014
456.0,26.218314984655716,27.456796679321354,61.25
457.0,26.218314984655716,27.45826312004046,61.25
458.0,26.218314984655716,27.459660904616026,61.25
459.0,26.218314984655716,27.46099326888737,61.25
460.0,26.218314984655716,27.46226323759289,61.25
461.0,26.218314984655716,27.463473642072763,61.250000000000014
462.0,26.218314984655716,27.464627136174194,61.25
463.0,26.218314984655716,27.46572621057161,61.25
464.0,26.218314984655716,27.46677320568607,61.25
465.0,26.218314984655716,27.467770323363748,61.250000000000014
466.0,26.218314984655716,27.46871963745253,61.249999999999986
467.0,26.218314984655716,27.469623103397886,61.25
468.0,26.218314984655716,27.47048256696495,61.249999999999986
469.0,26.218314984655716,27.47129977217861,61.25
470.0,26.218314984655716,27.47207636856507,61.25
471.0,26.218314984655716,27.47281391776503,61.25
472.0,26.218314984655716,27.473513899584013,61.249999999999986
473.0,26.218314984655716,27.47417771753474,61.25
474.0,26.218314984655716,27.47480670392211,61.25
475.0,26.218314984655716,27.47540212451429,61.25
476.0,26.218314984655716,27.475965182840593,61.25
477.0,26.25334333268223,26.155633304899848,57.94117647058823
478.0,26.25334333268223,26.15738867169334,57.94117647058823
479.0,26.25334333268223,26.159116662453464,57.941176470588246
480.0,26.25334333268223,26.16081821009459,57.94117647058823
481.0,26.25334333268223,26.161761877510532,57.94117647058823
482.0,26.25334333268223,26.172525024438457,57.941176470588225
483.0,26.25334333268223,26.20112585384689,57.941176470588225
484.0,26.25334333268223,26.27825635817055,57.941176470588246
485.0,26.25334333268223,26.487344654181705,57.941176470588246
486.0,26.25334333268223,27.03507999691935,57.94117647058823
487.0,26.25334333268223,27.054219707314314,57.94117647058823
488.0,26.25334333268223,27.070926474215874,57.94117647058823
489.0,26.25334333268223,27.08567446069825,57.94117647058823
490.0,26.25334333268223,27.098817129600572,57.941176470588225
491.0,26.25334333268223,27.1106241073033,57.94117647058823
492.0,26.25334333268223,27.121305157488507,57.94117647058823
493.0,26.25334333268223,27.131026274018165,57.94117647058823
494.0,26.25334333268223,27.139920782435222,57.941176470588246
495.0,26.25334333268223,27.148097182302866,57.94117647058823
496.0,26.25334333268223,27.15564480404378,57.941176470588246
497.0,26.25334333268223,27.16263796547627,57.94117647058823
498.0,26.25334333268223,27.169139076751605,57.94117647058823
499.0,26.25334333268223,27.175200994352508,57.94117647058823
500.0,26.25334333268223,27.18086882979528,57.94117647058823
501.0,26.25334333268223,27.186181356321008,57.941176470588246
502.0,26.25334333268223,27.19117211510104,57.94117647058823
503.0,26.25334333268223,27.19587029400138,57.94117647058823
504.0,26.25334333268223,27.200301432199414,57.94117647058823
505.0,26.25334333268223,27.20448799003594,57.94117647058823
506.0,26.25334333268223,27.208449813554264,57.94117647058823
507.0,26.25334333268223,27.212204515990738,57.94117647058823
508.0,26.25334333268223,27.215767793221563,57.94117647058823
509.0,26.25334333268223,27.219153686273412,57.941176470588225
510.0,26.25334333268223,27.22237480109318,57.94117647058823
511.0,26.25334333268223,27.2254424935717,57.941176470588225
512.0,26.25334333268223,27.22836702613622,57.94117647058823
513.0,26.25334333268223,27.23115770094102,57.94117647058823
514.0,26.25334333268223,27.233822973682962,57.94117647058823
515.0,26.25334333268223,27.236370551291607,57.94117647058823
516.0,26.25334333268223,27.238807476129157,57.94117647058823
517.0,26.25334333268223,27.24114019885104,57.94117647058823
518.0,26.25334333268223,27.24337464169094,57.94117647058823
519.0,26.25334333268223,27.245516253626047,57.94117647058823
520.0,26.25334333268223,27.24757005862647,57.94117647058823
521.0,26.25334333268223,27.249540697994064,57.94117647058823
522.0,26.25334333268223,27.25143246762763,57.94117647058823
523.0,26.25334333268223,27.253249350921237,57.94117647058823
524.0,26.25334333268223,27.254995047887014,57.94117647058823
525.0,26.25334333268223,27.25667300100696,57.941176470588246
526.0,26.25334333268223,27.2582864182395,57.94117647058823
527.0,26.25334333268223,27.25983829354453,57.94117647058823
528.0,26.25334333268223,27.261331425238918,57.941176470588246
529.0,26.25334333268223,27.262768432447967,57.94117647058823
530.0,26.25334333268223,27.264151769883707,57.94117647058823
531.0,26.25334333268223,27.26548374114753,57.941176470588246
532.0,26.25334333268223,27.266766510729067,57.94117647058823
533.0,26.25334333268223,27.26800211485023,57.94117647058823
534.0,26.25334333268223,27.269192471283787,57.94117647058823
535.0,26.25334333268223,27.27033938825977,57.94117647058823
536.0,26.25334333268223,27.27144457255878,57.941176470588225
537.0,26.25334333268223,27.27250963687845,57.94117647058823
538.0,26.25334333268223,27.273536106549756,57.941176470588246
539.0,26.25334333268223,27.274525425669637,57.941176470588225
540.0,26.25334333268223,27.27547896271026,57.94117647058823
541.0,26.25334333268223,27.27639801565591,57.941176470588246
542.0,26.25334333268223,27.27728381671511,57.941176470588246
543.0,26.25334333268223,27.27813753664828,57.941176470588246
544.0,26.25334333268223,27.278960288748653,57.94117647058823
545.0,26.25334333268223,27.2797531325075,57.941176470588225
546.0,26.25334333268223,27.28051707699496,57.94117647058823
547.0,26.25334333268223,27.281253083980392,57.94117647058823
548.0,26.25334333268223,27.281962070817247,57.941176470588225
549.0,26.276037416507215,26.04592363109751,55.0
550.0,26.276037416507215,26.04774807089356,55.0
551.0,26.276037416507215,26.049549363439404,55.0
552.0,26.276037416507215,26.051328230767382,55.00000000000001
553.0,26.276037416507215,26.052398539440986,55.0
554.0,26.276037416507215,26.062680291561286,55.0
555.0,26.276037416507215,26.08969335281175,55.00000000000001
556.0,26.276037416507215,26.162222554643773,55.00000000000001
557.0,26.276037416507215,26.35851211214628,55.0
558.0,26.276037416507215,26.87240858141021,55.0
559.0,26.276037416507215,26.89055511317103,55.0
560.0,26.276037416507215,26.9064212976028,54.99999999999999
561.0,26.276037416507215,26.920451744367384,55.0
562.0,26.276037416507215,26.93297786738122,55.00000000000001
563.0,26.276037416507215,26.944252457771764,55.0
564.0,26.276037416507215,26.954472167756478,55.00000000000001
565.0,26.276037416507215,26.963792603337687,55.0
566.0,26.276037416507215,26.97233873577615,55.0
567.0,26.276037416507215,26.980212256427173,55.00000000000001
568.0,26.276037416507215,26.987496881887843,55.0
569.0,26.276037416507215,26.99426225207577,54.99999999999999
570.0,26.276037416507215,27.00056684206384,54.99999999999999
571.0,26.276037416507215,27.00646016964684,55.0
572.0,26.276037416507215,27.01198449150539,54.99999999999999
573.0,26.276037416507215,27.017176122347077,55.0
574.0,26.276037416507215,27.02206647224315,55.0
575.0,26.276037416507215,27.026682870663862,54.99999999999999
576.0,26.276037416507215,27.031049227195545,55.0
577.0,26.276037416507215,27.03518656587362,55.00000000000001
578.0,26.276037416507215,27.03911346075349,54.99999999999999
579.0,26.276037416507215,27.04284639359955,55.0
580.0,26.276037416507215,27.04640004963985,55.0
581.0,26.276037416507215,27.04978756367939,55.0
582.0,26.276037416507215,27.053020726133788,55.0
583.0,26.276037416507215,27.05611015647977,55.00000000000001
584.0,26.276037416507215,27.059065450046557,55.0
585.0,26.276037416507215,27.061895302862954,54.99999999999999
586.0,26.276037416507215,27.064607618337252,55.00000000000001
587.0,26.276037416507215,27.067209598817275,54.99999999999999
588.0,26.276037416507215,27.069707824502338,55.0
589.0,26.276037416507215,27.072108321722563,55.0
590.0,26.276037416507215,27.074416622241742,55.0
591.0,26.276037416507215,27.076637814946707,54.99999999999999
592.0,26.276037416507215,27.07877659105427,54.99999999999999
593.0,26.276037416507215,27.080837283775917,55.0
594.0,26.276037416507215,27.08282390322771,55.00000000000001
595.0,26.276037416507215,27.084740167245954,55.0
596.0,26.276037416507215,27.086589528664145,55.00000000000001
597.0,26.276037416507215,27.088375199524474,55.0
598.0,26.276037416507215,27.090100172621835,55.00000000000001
599.0,26.276037416507215,27.091767240722977,55.0
600.0,26.276037416507215,27.09337901375199,54.99999999999999
601.0,26.276037416507215,27.09493793419168,55.0
602.0,26.276037416507215,27.096446290917378,55.0
603.0,26.276037416507215,27.097906231647528,55.0
604.0,26.276037416507215,27.099319774173313,55.00000000000001
605.0,26.276037416507215,27.100688816506043,55.0
606.0,26.276037416507215,27.102015146064105,55.0
607.0,26.276037416507215,27.10330044800529,55.0
608.0,26.276037416507215,27.104546312797527,55.0
609.0,26.276037416507215,27.105754243109217,55.0
610.0,26.276037416507215,27.106925660089882,55.0
611.0,26.276037416507215,27.10806190910528,55.0
612.0,26.276037416507215,27.109164264981626,55.0
613.0,26.276037416507215,27.11023393680782,55.0
614.0,26.276037416507215,27.111272072340185,55.0
615.0,26.276037416507215,27.1122797620471,55.0
616.0,26.276037416507215,27.113258042828747,55.00000000000001
617.0,26.289409623868657,25.951435386069573,52.36842105263158
618.0,26.289409623868657,25.953442379821134,52.36842105263158
619.0,26.289409623868657,25.955424186178885,52.36842105263159
620.0,26.289409623868657,25.957381614504698,52.36842105263158
621.0,26.289409623868657,25.95866871836801,52.36842105263158
622.0,26.289409623868657,25.968626359911386,52.36842105263157
623.0,26.289409623868657,25.99433540853175,52.36842105263158
624.0,26.289409623868657,26.0628999765048,52.36842105263157
625.0,26.289409623868657,26.24799549170334,52.36842105263158
626.0,26.289409623868657,26.732149395604875,52.36842105263158
627.0,26.289409623868657,26.749498952490693,52.36842105263158
628.0,26.289409623868657,26.764698858197296,52.36842105263158
629.0,26.289409623868657,26.778167837916087,52.36842105263157
630.0,26.289409623868657,26.79021802688163,52.36842105263158
631.0,26.289409623868657,26.801087524781476,52.36842105263158
632.0,26.289409623868657,26.810961566982357,52.36842105263158
633.0,26.289409623868657,26.81998673614436,52.36842105263158
634.0,26.289409623868657,26.828280765946328,52.36842105263159
635.0,26.289409623868657,26.835939466644106,52.36842105263157
636.0,26.289409623868657,26.84304172061257,52.36842105263158
637.0,26.289409623868657,26.849653152968934,52.36842105263159
638.0,26.289409623868657,26.85582887353022,52.36842105263158
639.0,26.289409623868657,26.861615555615654,52.36842105263158
640.0,26.289409623868657,26.867053033298525,52.36842105263159
641.0,26.289409623868657,26.87217554364278,52.36842105263159
642.0,26.289409623868657,26.877012703580025,52.36842105263158
643.0,26.289409623868657,26.881590285935076,52.36842105263158
644.0,26.289409623868657,26.885930841660723,52.36842105263158
645.0,26.289409623868657,26.890054203063656,52.36842105263158
646.0,26.289409623868657,26.893977894027348,52.36842105263158
647.0,26.289409623868657,26.897717466896598,52.36842105263157
648.0,26.289409623868657,26.901286781038213,52.36842105263158
649.0,26.289409623868657,26.90469823465467,52.36842105263158
650.0,26.289409623868657,26.907962958853837,52.36842105263158
651.0,26.289409623868657,26.911090981033794,52.36842105263157
652.0,26.289409623868657,26.914091363162175,52.36842105263158
653.0,26.289409623868657,26.91697231938761,52.36842105263158
654.0,26.289409623868657,26.91974131654295,52.36842105263157
655.0,26.289409623868657,26.922405160407653,52.36842105263158
656.0,26.289409623868657,26.924970070057686,52.36842105263158
657.0,26.289409623868657,26.927441742201317,52.36842105263158
658.0,26.289409623868657,26.929825407059845,52.36842105263158
659.0,26.289409623868657,26.93212587707724,52.36842105263159
660.0,26.289409623868657,26.93434758952322,52.36842105263159
661.0,26.289409623868657,26.936494643876568,52.36842105263158
662.0,26.289409623868657,26.938570834728576,52.36842105263158
663.0,26.289409623868657,26.940579680829508,52.36842105263159
664.0,26.289409623868657,26.942524450801994,52.36842105263158
665.0,26.289409623868657,26.94440818596585,52.36842105263159
666.0,26.289409623868657,26.946233720649793,52.36842105263159
667.0,26.289409623868657,26.94800370031271,52.36842105263158
668.0,26.289409623868657,26.94972059774871,52.36842105263158
669.0,26.289409623868657,26.951386727611172,52.36842105263159
670.0,26.289409623868657,26.95300425945907,52.36842105263158
671.0,26.289409623868657,26.954575229500556,52.36842105263159
672.0,26.289409623868657,26.95610155118547,52.36842105263158
673.0,26.289409623868657,26.957585024777583,52.36842105263158
674.0,26.289409623868657,26.959027346021873,52.36842105263157
675.0,26.289409623868657,26.960430114006694,52.36842105263159
676.0,26.289409623868657,26.961794838306982,52.36842105263158
677.0,26.289409623868657,26.963122945486866,52.36842105263158
678.0,26.289409623868657,26.964415785027263,52.36842105263157
679.0,26.289409623868657,26.96567463473915,52.36842105263157
680.0,26.289409623868657,26.96690070571371,52.36842105263158
681.0,26.289409623868657,26.968095146856083,52.36842105263158
682.0,26.289409623868657,26.969259049044275,52.36842105263157
683.0,26.289409623868657,26.97039344894773,52.36842105263159
684.0,26.289409623868657,26.97149933254089,52.36842105263158
685.0,26.289409623868657,26.97257763833739,52.36842105263157
686.0,26.289409623868657,26.973629260373134,52.36842105263158
687.0,26.289409623868657,26.974655050960006,52.36842105263157
688.0,26.289409623868657,26.975655823230973,52.36842105263158
689.0,26.29619287009562,25.878871989548415,50.0
690.0,26.29619287009562,25.880848621706512,50.00000000000001
691.0,26.29619287009562,25.882803602141934,50.0
692.0,26.29619287009562,25.884737575251457,50.0
693.0,26.29619287009562,25.886039772153108,49.99999999999999
694.0,26.29619287009562,25.895540614178017,50.0
695.0,26.29619287009562,25.919934009947497,50.0
696.0,26.29619287009562,25.98484315528216,50.0
697.0,26.29619287009562,26.15991816264749,50.0
698.0,26.29619287009562,26.617714078857606,50.0
699.0,26.29619287009562,26.634210679603974,50.0
700.0,26.29619287009562,26.648676370430895,50.0
701.0,26.29619287009562,26.661506928776134,50.00000000000001
702.0,26.29619287009562,26.67299736946208,50.00000000000001
703.0,26.29619287009562,26.68337272026089,50.0
704.0,26.29619287009562,26.692808036210884,50.0
705.0,26.29619287009562,26.701441834573323,50.00000000000001
706.0,26.29619287009562,26.709385362738676,50.0
707.0,26.29619287009562,26.716729145228268,50.0
708.0,26.29619287009562,26.723547706137598,50.0
709.0,26.29619287009562,26.72990303906014,49.99999999999999
710.0,26.29619287009562,26.73584719909304,50.0
711.0,26.29619287009562,26.741424267929027,50.0
712.0,26.29619287009562,26.74667186371755,50.00000000000001
713.0,26.29619287009562,26.75162231531324,50.0
714.0,26.29619287009562,26.756303585673013,50.00000000000001
715.0,26.29619287009562,26.76074000538069,50.0
716.0,26.29619287009562,26.764952860790803,50.0
717.0,26.29619287009562,26.768960869670813,50.0
718.0,26.29619287009562,26.77278056892893,50.00000000000001
719.0,26.29619287009562,26.776426633014196,49.99999999999999
720.0,26.29619287009562,26.77991213718471,50.0
721.0,26.29619287009562,26.78324877658784,50.0
722.0,26.29619287009562,26.786447049662275,50.0
723.0,26.29619287009562,26.789516412536237,50.00000000000001
724.0,26.29619287009562,26.79246540969445,50.0
725.0,26.29619287009562,26.79530178511152,50.0
726.0,26.29619287009562,26.798032577213288,50.0
727.0,26.29619287009562,26.800664200379398,50.0
728.0,26.29619287009562,26.803202515186662,50.0
729.0,26.29619287009562,26.805652889188096,50.0
730.0,26.29619287009562,26.80802024970103,50.00000000000001
731.0,26.29619287009562,26.81030912981861,50.0
732.0,26.29619287009562,26.81252370864991,50.0
733.0,26.29619287009562,26.814667846628097,50.0
734.0,26.29619287009562,26.816745116584553,50.0
735.0,26.29619287009562,26.8187588311792,50.0
736.0,26.29619287009562,26.820712067181063,50.0
737.0,26.29619287009562,26.82260768701946,50.0
738.0,26.29619287009562,26.824448357961423,50.0
739.0,26.29619287009562,26.826236569219024,50.00000000000001
740.0,26.29619287009562,26.827974647246556,50.0
741.0,26.29619287009562,26.829664769450275,49.99999999999999
742.0,26.29619287009562,26.831308976501315,50.0
743.0,26.29619287009562,26.83290918341939,50.0
744.0,26.29619287009562,26.834467189567246,50.00000000000001
745.0,26.29619287009562,26.835984687684185,50.0
746.0,26.29619287009562,26.837463272062692,50.0
747.0,26.29619287009562,26.838904445965294,50.00000000000001
748.0,26.29619287009562,26.84030962836373,50.00000000000001
749.0,26.29619287009562,26.841680160071537,50.0
750.0,26.29619287009562,26.843017309334744,50.0
751.0,26.29619287009562,26.84432227693669,50.0
752.0,26.29619287009562,26.845596200865852,50.0
753.0,26.29619287009562,26.846840160590258,50.0
754.0,26.29619287009562,26.848055180977994,50.0
755.0,26.29619287009562,26.84924223589748,50.00000000000001
756.0,26.29619287009562,26.85040225152816,50.0
757.0,26.29619287009562,26.851536109409384,50.0
758.0,26.29619287009562,26.852644649251022,49.99999999999999
759.0,26.29619287009562,26.853728671528305,50.0
760.0,26.29619287009562,26.8547889398796,50.0
761.0,26.29619287009562,26.855826183325306,49.99999999999999
762.0,26.29619287009562,26.856841098323486,50.0
763.0,26.29619287009562,26.857834350675585,50.00000000000001
764.0,26.29619287009562,26.858806577296008,50.0
765.0,26.29619287009562,26.85975838785673,50.00000000000001
766.0,26.29619287009562,26.860690366316373,50.0
767.0,26.29619287009562,26.86160307234518,50.0
768.0,26.29619287009562,26.862497042652027,49.99999999999999
769.0,26.29619287009562,26.86337279222354,50.0
770.0,26.29619287009562,26.86423081547996,50.0
771.0,26.29619287009562,26.865071587356347,50.00000000000001
772.0,26.29619287009562,26.865895564313846,50.0
773.0,26.29619287009562,26.866703185285647,50.0
774.0,26.29619287009562,26.86749487256462,50.0
775.0,26.29619287009562,26.86827103263443,50.0
776.0,26.29619287009562,26.869032056950285,50.0
777.0,26.29619287009562,26.869778322672275,50.00000000000001
778.0,26.29619287009562,26.87051019335377,50.0
779.0,26.29619287009562,26.871228019590244,50.00000000000001
780.0,26.29619287009562,26.87193213962866,50.00000000000001
781.0,26.29619287009562,26.872622879942536,50.0
782.0,26.29619287009562,26.873300555773312,50.0
783.0,26.29619287009562,26.873965471641284,50.0
784.0,26.29619287009562,26.87461792182794,50.0
785.0,26.29619287009562,26.87525819083101,49.99999999999999
786.0,26.29619287009562,26.87588655379521,50.0
787.0,26.29619287009562,26.876503276918882,50.0
788.0,26.29619287009562,26.87710861783933,49.99999999999999
789.0,26.29619287009562,26.877702825997016,50.0
790.0,26.29619287009562,26.878286142981455,50.0
791.0,26.29619287009562,26.87885880285806,50.0
792.0,26.29619287009562,26.87942103247891,49.99999999999999
793.0,26.29619287009562,26.879973051777206,50.0
794.0,26.29619287009562,26.880515074046908,50.00000000000001
795.0,26.29619287009562,26.88104730620854,49.99999999999999
796.0,26.29619287009562,26.88156994906152,50.00000000000001
797.0,26.29619287009562,26.882083197524356,50.0
798.0,26.29619287009562,26.882587240863273,49.99999999999999
799.0,26.29619287009562,26.883082262908907,50.00000000000001
800.0,26.29619287009562,26.883568442264167,50.0
801.0,26.29619287009562,26.884045952501072,50.0
802.0,26.29619287009562,26.884514962348636,50.0
803.0,26.29619287009562,26.884975635872333,50.0
804.0,26.29619287009562,26.885428132645078,50.0
805.0,26.29619287009562,26.885872607910557,50.0
806.0,26.29619287009562,26.88630921273877,50.0
807.0,26.29619287009562,26.88673809417538,50.0
808.0,26.29619287009562,26.88715939538359,49.99999999999999
809.0,26.29619287009562,26.887573255780303,50.0
810.0,26.29619287009562,26.8879798111663,50.0
811.0,26.29619287009562,26.888379193850753,49.99999999999999
812.0,26.29619287009562,26.888771532769994,49.99999999999999
813.0,26.29619287009562,26.889156953602264,50.0
814.0,26.29619287009562,26.88953557887615,50.0
815.0,26.29619287009562,26.88990752807602,50.0
816.0,26.29619287009562,26.890272917742042,50.0
817.0,26.29619287009562,26.89063186156656,50.0
818.0,26.29619287009562,26.890984470486288,50.0
819.0,26.29619287009562,26.89133085277102,50.00000000000001
820.0,26.29619287009562,26.891671114108693,50.00000000000001
821.0,26.29619287009562,26.89200535768712,50.00000000000001
822.0,26.29619287009562,26.892333684272042,50.0
823.0,26.29619287009562,26.892656192283116,50.0
824.0,26.29619287009562,26.89297297786588,50.0
825.0,26.29619287009562,26.893284134961572,50.0
826.0,26.29619287009562,26.8935897553742,50.00000000000001
827.0,26.29619287009562,26.89388992883501,50.0
828.0,26.29619287009562,26.89418474306436,49.99999999999999
829.0,26.29619287009562,26.89447428383137,50.0
830.0,26.29619287009562,26.894758635011932,50.00000000000001
831.0,26.29619287009562,26.895037878643315,50.0
832.0,26.29619287009562,26.895312094978312,49.99999999999999
833.0,26.29619287009562,26.895581362536106,50.0
834.0,26.29619287009562,26.89584575815206,50.0
835.0,26.29619287009562,26.89610535702553,50.00000000000001
836.0,26.29619287009562,26.896360232765947,50.0
837.0,26.29619287009562,26.896610457437234,50.0
838.0,26.29619287009562,26.896856101600978,49.99999999999999
839.0,26.29619287009562,26.89709723435746,50.00000000000001
840.0,26.29619287009562,26.897333923386196,50.0
841.0,26.29619287009562,26.897566234984016,50.00000000000001
842.0,26.29619287009562,26.897794234102843,50.0
843.0,26.29619287009562,26.89801798438552,50.0
844.0,26.29619287009562,26.89823754820078,49.99999999999999
845.0,26.29619287009562,26.898452986676897,50.0
846.0,26.29619287009562,26.898664359734187,50.00000000000001
847.0,26.29619287009562,26.89887172611684,50.00000000000001
848.0,26.29619287009562,26.899075143422884,50.0
849.0,26.29619287009562,26.89927466813425,49.99999999999999
850.0,26.29619287009562,26.899470355644915,50.0
851.0,26.29619287009562,26.899662260288746,50.0
852.0,26.29619287009562,26.899850435366087,50.0
853.0,26.29619287009562,26.900034933169866,50.0
854.0,26.29619287009562,26.90021580501065,50.0
855.0,26.29619287009562,26.900393101240756,50.0
856.0,26.29619287009562,26.90056687127815,50.0
857.0,26.29619287009562,26.900737163629078,49.99999999999999
858.0,26.29619287009562,26.900904025910194,50.0
859.0,26.29619287009562,26.901067504870053,50.0
860.0,26.29619287009562,26.901227646410092,50.0
861.0,26.29619287009562,26.90138449560454,50.0
862.0,26.29619287009562,26.901538096720373,50.0
863.0,26.29619287009562,26.901688493235984,50.0
864.0,26.29619287009562,26.901835727859748,50.0
865.0,26.29619287009562,26.901979842548155,50.00000000000001
866.0,26.29619287009562,26.90212087852267,49.99999999999999
867.0,26.29619287009562,26.902258876287377,49.99999999999999
868.0,26.29619287009562,26.902393875644666,50.0
869.0,26.29619287009562,26.902525915711557,50.0
870.0,26.29619287009562,26.902655034935233,50.0
871.0,26.29619287009562,26.902781271107685,50.0
872.0,26.29619287009562,26.902904661380777,50.0
873.0,26.29619287009562,26.903025242280293,50.0
874.0,26.29619287009562,26.90314304971954,50.0
875.0,26.29619287009562,26.903258119013252,49.99999999999999
876.0,26.29619287009562,26.90337048489027,50.0
877.0,26.29619287009562,26.903480181506207,49.99999999999999
878.0,26.29619287009562,26.903587242456318,50.0
879.0,26.29619287009562,26.903691700786855,50.0
880.0,26.29619287009562,26.903793589007428,49.99999999999999
881.0,26.29619287009562,26.903892939101816,50.00000000000001
882.0,26.29619287009562,26.9039897825395,49.99999999999999
883.0,26.29619287009562,26.904084150286245,50.0
884.0,26.29619287009562,26.904176072814767,49.99999999999999
885.0,26.29619287009562,26.904265580114693,50.0
886.0,26.29619287009562,26.90435270170293,50.0
887.0,26.29619287009562,26.904437466633123,50.00000000000001
888.0,26.29619287009562,26.904519903505115,50.0
889.0,26.29619287009562,26.904600040474342,50.0
890.0,26.29619287009562,26.904677905260588,50.0
891.0,26.29619287009562,26.904753525157183,50.0
892.0,26.29619287009562,26.904826927038847,50.0
893.0,26.29619287009562,26.904898137370882,50.00000000000001
894.0,26.29619287009562,26.904967182216495,50.0
895.0,26.29619287009562,26.90503408724526,49.99999999999999
896.0,26.29619287009562,26.905098877740603,50.0
897.0,26.29619287009562,26.905161578607384,49.99999999999999
898.0,26.29619287009562,26.905222214379375,50.0
899.0,26.29619287009562,26.90528080922622,50.0
900.0,26.29619287009562,26.905337386960536,50.0
901.0,26.29619287009562,26.905391971044807,50.0
902.0,26.29619287009562,26.905444584597962,50.0
903.0,26.29619287009562,26.90549525040205,50.0
904.0,26.29619287009562,26.90554399090831,50.0
905.0,26.29619287009562,26.90559082824366,50.0
906.0,26.29619287009562,26.905635784216585,50.0
907.0,26.29619287009562,26.905678880323226,50.0
908.0,26.29619287009562,26.905720137752994,49.99999999999999
909.0,26.29619287009562,26.90575957739415,50.0
910.0,26.29619287009562,26.905797219839727,50.0
911.0,26.29619287009562,26.905833085392437,50.0
912.0,26.29619287009562,26.90586719407031,50.0
913.0,26.29619287009562,26.90589956561171,50.0
914.0,26.29619287009562,26.905930219480204,50.0
915.0,26.29619287009562,26.905959174869725,50.0
916.0,26.29619287009562,26.90598645070936,50.0
917.0,26.29619287009562,26.906012065667998,50.0
918.0,26.29619287009562,26.90603603815878,50.0
919.0,26.29619287009562,26.906058386344004,50.0
920.0,26.29619287009562,26.906079128138934,50.0
921.0,26.29619287009562,26.906098281216828,50.00000000000001
922.0,26.29619287009562,26.90611586301244,50.0
923.0,26.29619287009562,26.9061318907267,50.0
924.0,26.29619287009562,26.906146381330274,49.99999999999999
925.0,26.29619287009562,26.906159351568036,50.0
926.0,26.29619287009562,26.906170817962323,50.0
927.0,26.29619287009562,26.906180796817317,50.00000000000001
928.0,26.29619287009562,26.906189304222316,50.0
929.0,26.29619287009562,26.906196356055407,50.0
930.0,26.29619287009562,26.906201967987293,50.0
931.0,26.29619287009562,26.906206155484437,50.0
932.0,26.29619287009562,26.906208933812685,49.99999999999999
933.0,26.29619287009562,26.906210318040333,50.00000000000001
934.0,26.29619287009562,26.906210323041726,50.0
935.0,26.29619287009562,26.906208963500227,50.0
936.0,26.29619287009562,26.906206253911424,50.0
937.0,26.29619287009562,26.906202208586105,49.99999999999999
938.0,26.29619287009562,26.90619684165331,49.99999999999999
939.0,26.29619287009562,26.90619016706328,50.0
940.0,26.29619287009562,26.906182198590518,49.99999999999999
941.0,26.29619287009562,26.90617294983617,50.0
942.0,26.29619287009562,26.90616243423124,50.00000000000001
943.0,26.29619287009562,26.906150665039114,50.0
944.0,26.29619287009562,26.906137655358048,50.0
945.0,26.29619287009562,26.906123418124185,50.0
946.0,26.29619287009562,26.906107966113765,49.99999999999999
947.0,26.29619287009562,26.906091311945644,50.0
948.0,26.29619287009562,26.906073468084145,50.0
949.0,26.29619287009562,26.90605444684075,50.0
950.0,26.29619287009562,26.906034260377314,50.00000000000001
951.0,26.29619287009562,26.906012920707646,50.0
952.0,26.29619287009562,26.90599043970027,50.0
953.0,26.29619287009562,26.905966829080345,50.0
954.0,26.29619287009562,26.90594210043202,50.0
955.0,26.29619287009562,26.90591626520055,50.0
956.0,26.29619287009562,26.905889334694507,50.0
957.0,26.29619287009562,26.905861320087453,50.0
958.0,26.29619287009562,26.90583223242054,50.0
959.0,26.29619287009562,26.90580208260396,50.00000000000001
960.0,26.29619287009562,26.90577088141926,50.0
961.0,26.29619287009562,26.905738639521193,50.00000000000001
962.0,26.29619287009562,26.905705367439417,49.99999999999999
963.0,26.29619287009562,26.90567107558054,50.0
964.0,26.29619287009562,26.905635774229857,50.0
965.0,26.29619287009562,26.905599473553053,50.0
966.0,26.29619287009562,26.905562183598168,50.0
967.0,26.29619287009562,26.905523914297106,50.0
968.0,26.29619287009562,26.90548467546726,50.00000000000001
969.0,26.29619287009562,26.905444476813546,50.00000000000001
970.0,26.29619287009562,26.90540332792962,50.00000000000001
971.0,26.29619287009562,26.905361238299648,50.00000000000001
972.0,26.29619287009562,26.905318217299854,50.0
973.0,26.29619287009562,26.905274274200014,50.0
974.0,26.29619287009562,26.9052294181652,50.00000000000001
975.0,26.29619287009562,26.905183658256806,50.0
976.0,26.29619287009562,26.905137003434575,50.0
977.0,26.29619287009562,26.90508946255755,49.99999999999999
978.0,26.29619287009562,26.90504104438571,50.0
979.0,26.29619287009562,26.90499175758137,50.0
980.0,26.29619287009562,26.90494161071045,50.0
981.0,26.29619287009562,26.904890612243907,49.99999999999999
982.0,26.29619287009562,26.904838770558843,50.0
983.0,26.29619287009562,26.904786093940267,50.0
984.0,26.29619287009562,26.904732590581737,50.0
985.0,26.29619287009562,26.904678268587098,50.0
986.0,26.29619287009562,26.90462313597146,50.0
987.0,26.29619287009562,26.904567200662584,50.0
988.0,26.29619287009562,26.904510470501823,50.0
989.0,26.29619287009562,26.904452953245553,50.0
990.0,26.29619287009562,26.904394656566197,50.0
991.0,26.29619287009562,26.904335588053286,49.99999999999999
992.0,26.29619287009562,26.904275755214698,50.0
993.0,26.29619287009562,26.904215165477698,50.0
994.0,26.29619287009562,26.90415382618993,50.0
995.0,26.29619287009562,26.904091744620683,50.0
996.0,26.29619287009562,26.90402892796167,50.0
997.0,26.29619287009562,26.903965383328277,50.0
998.0,26.29619287009562,26.90390111776035,50.00000000000001
999.0,26.29619287009562,26.90383613822337,50.0
1000.0,26.29619287009562,26.90377045160951,50.0
1001.0,26.29619287009562,26.903704064738157,50.00000000000001
1002.0,26.29619287009562,26.903636984357284,50.00000000000001
1003.0,26.29619287009562,26.90356921714432,50.00000000000001
1004.0,26.29619287009562,26.90350076970676,50.0
1005.0,26.29619287009562,26.9034316485835,49.99999999999999
1006.0,26.29619287009562,26.903361860245422,50.0
1007.0,26.29619287009562,26.90329141109618,50.0
1008.0,26.29619287009562,26.90322030747349,49.99999999999999
1009.0,26.29619287009562,26.903148555649487,49.99999999999999
1010.0,26.29619287009562,26.9030761618318,50.0
1011.0,26.29619287009562,26.9030031321645,50.0
1012.0,26.29619287009562,26.9029294727285,50.00000000000001
1013.0,26.29619287009562,26.902855189542755,50.0
1014.0,26.29619287009562,26.902780288564905,50.0
1015.0,26.29619287009562,26.902704775691788,50.0
1016.0,26.29619287009562,26.90262865676059,50.00000000000001
1017.0,26.29619287009562,26.902551937549404,50.0
1018.0,26.29619287009562,26.902474623777895,50.0
1019.0,26.29619287009562,26.902396721108254,50.0
1020.0,26.29619287009562,26.90231823514556,50.0
1021.0,26.29619287009562,26.902239171438918,50.00000000000001
1022.0,26.29619287009562,26.902159535481584,50.0
1023.0,26.29619287009562,26.902079332712265,49.99999999999999
1024.0,26.29619287009562,26.90199856851539,50.0
1025.0,26.29619287009562,26.901917248221768,50.00000000000001
1026.0,26.29619287009562,26.90183537710949,50.0
1027.0,26.29619287009562,26.901752960404338,50.0
1028.0,26.29619287009562,26.9016700032805,49.99999999999999
1029.0,26.29619287009562,26.90158651086114,50.0
1030.0,26.29619287009562,26.901502488219254,50.0
1031.0,26.29619287009562,26.9014179403777,49.99999999999999
1032.0,26.29619287009562,26.901332872310608,50.0
1033.0,26.29619287009562,26.901247288943136,50.0
1034.0,26.29619287009562,26.901161195152696,50.0
1035.0,26.29619287009562,26.901074595769188,50.0
1036.0,26.29619287009562,26.900987495575492,49.99999999999999
1037.0,26.29619287009562,26.90089989930842,50.0
1038.0,26.29619287009562,26.900811811658677,49.99999999999999
1039.0,26.29619287009562,26.90072323727209,50.0
1040.0,26.29619287009562,26.90063418074947,50.0
1041.0,26.29619287009562,26.900544646647486,50.0
1042.0,26.29619287009562,26.900454639479314,50.00000000000001
1043.0,26.29619287009562,26.90036416371475,50.0
1044.0,26.29619287009562,26.900273223780943,50.0
1045.0,26.29619287009562,26.9001818240629,50.0
1046.0,26.29619287009562,26.900089968903927,49.99999999999999
1047.0,26.29619287009562,26.899997662606093,50.00000000000001
1048.0,26.29619287009562,26.89990490943077,50.0
1049.0,26.29619287009562,26.89981171359896,50.0
1050.0,26.29619287009562,26.8997180792919,50.0
1051.0,26.29619287009562,26.899624010651433,50.00000000000001
1052.0,26.29619287009562,26.89952951178044,50.00000000000001
1053.0,26.29619287009562,26.899434586743386,50.0
1054.0,26.29619287009562,26.89933923956664,49.99999999999999
1055.0,26.29619287009562,26.899243474238986,50.0
1056.0,26.29619287009562,26.899147294712023,50.0
1057.0,26.29619287009562,26.8990507049004,50.0
1058.0,26.29619287009562,26.898953708682644,50.00000000000001
1059.0,26.29619287009562,26.89885630990115,50.0
1060.0,26.29619287009562,26.898758512362814,50.00000000000001
1061.0,26.29619287009562,26.898660319839223,50.00000000000001
1062.0,26.29619287009562,26.8985617360674,50.0
1063.0,26.29619287009562,26.898462764749798,50.00000000000001
1064.0,26.29619287009562,26.898363409554964,50.0
1065.0,26.29619287009562,26.89826367411766,50.0
1066.0,26.29619287009562,26.89816356203942,50.0
1067.0,26.29619287009562,26.898063076889034,50.0
1068.0,26.29619287009562,26.897962222202505,50.00000000000001
1069.0,26.29619287009562,26.897861001483676,50.0
1070.0,26.29619287009562,26.897759418204693,50.00000000000001
1071.0,26.29619287009562,26.897657475805985,50.0
1072.0,26.29619287009562,26.897555177696976,50.0
1073.0,26.29619287009562,26.89745252725624,50.0
1074.0,26.29619287009562,26.897349527831715,49.99999999999999
1075.0,26.29619287009562,26.897246182741327,50.0
1076.0,26.29619287009562,26.8971424952731,50.0
1077.0,26.29619287009562,26.89703846868549,50.0
1078.0,26.29619287009562,26.896934106207855,49.99999999999999
1079.0,26.29619287009562,26.896829411040443,50.00000000000001
1080.0,26.29619287009562,26.896724386355135,50.0
1081.0,26.29619287009562,26.89661903529542,50.0
1082.0,26.29619287009562,26.896513360976698,50.0
1083.0,26.29619287009562,26.896407366486848,50.0
1084.0,26.29619287009562,26.89630105488628,50.0
1085.0,26.29619287009562,26.896194429208116,50.0
1086.0,26.29619287009562,26.896087492458978,50.00000000000001
1087.0,26.29619287009562,26.895980247618564,50.0
1088.0,26.29619287009562,26.89587269764063,50.0
1089.0,26.29619287009562,26.895764845452703,50.0
1090.0,26.29619287009562,26.895656693956653,50.0
1091.0,26.29619287009562,26.89554824602876,50.0
1092.0,26.29619287009562,26.895439504520397,50.0
1093.0,26.29619287009562,26.895330472257744,50.0
1094.0,26.29619287009562,26.89522115204235,50.0
1095.0,26.29619287009562,26.895111546651357,50.00000000000001
1096.0,26.29619287009562,26.895001658837632,50.0
1097.0,26.29619287009562,26.89489149133026,50.0
1098.0,26.29619287009562,26.89478104683457,50.00000000000001
1099.0,26.29619287009562,26.894670328032422,50.0
1100.0,26.29619287009562,26.8945593375824,50.0
1101.0,26.29619287009562,26.894448078120263,50.0
1102.0,26.29619287009562,26.894336552258984,50.0
1103.0,26.29619287009562,26.894224762588888,50.0
1104.0,26.29619287009562,26.894112711678126,49.99999999999999
1105.0,26.29619287009562,26.894000402072912,50.0
1106.0,26.29619287009562,26.89388783629729,50.0
1107.0,26.29619287009562,26.89377501685406,49.99999999999999
1108.0,26.29619287009562,26.893661946224334,50.00000000000001
1109.0,26.29619287009562,26.89354862686815,50.0
1110.0,26.29619287009562,26.893435061224583,50.0
1111.0,26.29619287009562,26.89332125171188,50.0
1112.0,26.29619287009562,26.89320720072775,50.0
1113.0,26.29619287009562,26.893092910649578,49.99999999999999
1114.0,26.29619287009562,26.892978383834535,50.00000000000001
1115.0,26.29619287009562,26.89286362261987,50.0
1116.0,26.29619287009562,26.892748629323023,50.0
1117.0,26.29619287009562,26.892633406241853,50.0
1118.0,26.29619287009562,26.89251795565497,50.0
1119.0,26.29619287009562,26.89240227982158,50.0
1120.0,26.29619287009562,26.892286380982146,49.99999999999999
1121.0,26.29619287009562,26.892170261358128,50.0
1122.0,26.29619287009562,26.892053923152385,50.00000000000001
1123.0,26.29619287009562,26.891937368549378,49.99999999999999
1124.0,26.29619287009562,26.89182059971522,50.0
1125.0,26.29619287009562,26.891703618797973,50.0
1126.0,26.29619287009562,26.891586427927873,50.0
1127.0,26.29619287009562,26.891469029217234,50.0
1128.0,26.29619287009562,26.891351424760852,50.0
1129.0,26.29619287009562,26.891233616636246,50.0
1130.0,26.29619287009562,26.891115606903423,49.99999999999999
1131.0,26.29619287009562,26.890997397605673,49.99999999999999
1132.0,26.29619287009562,26.890878990768964,49.99999999999999
1133.0,26.29619287009562,26.890760388402924,49.99999999999999
1134.0,26.29619287009562,26.890641592500238,50.00000000000001
1135.0,26.29619287009562,26.890522605037344,50.0
1136.0,26.29619287009562,26.89040342797439,50.0
1137.0,26.29619287009562,26.890284063255297,50.0
1138.0,26.29619287009562,26.890164512808266,50.0
1139.0,26.29619287009562,26.890044778545317,50.0
1140.0,26.29619287009562,26.88992486236301,50.0
1141.0,26.29619287009562,26.88980476614248,50.0
1142.0,26.29619287009562,26.889684491749144,50.0
1143.0,26.29619287009562,26.88956404103353,50.0
1144.0,26.29619287009562,26.889443415830943,50.0
1145.0,26.29619287009562,26.889322617961678,50.0
1146.0,26.29619287009562,26.8892016492312,49.99999999999999
1147.0,26.29619287009562,26.889080511430446,50.0
1148.0,26.29619287009562,26.888959206335784,50.0
1149.0,26.29619287009562,26.888837735708986,49.99999999999999
1150.0,26.29619287009562,26.888716101297724,50.0
1151.0,26.29619287009562,26.888594304835518,50.0
1152.0,26.29619287009562,26.888472348041876,49.99999999999999
1153.0,26.29619287009562,26.888350232622376,50.0
1154.0,26.29619287009562,26.888227960268843,49.99999999999999
1155.0,26.29619287009562,26.888105532659555,50.0
1156.0,26.29619287009562,26.887982951459158,49.99999999999999
1157.0,26.29619287009562,26.88786021831912,50.0
1158.0,26.29619287009562,26.88773733487741,50.0
1159.0,26.29619287009562,26.88761430275901,50.0
1160.0,26.29619287009562,26.887491123575952,50.00000000000001
1161.0,26.29619287009562,26.887367798927144,50.00000000000001
1162.0,26.29619287009562,26.88724433039884,49.99999999999999
1163.0,26.29619287009562,26.887120719564695,50.0
1164.0,26.29619287009562,26.886996967985784,50.0
1165.0,26.29619287009562,26.886873077210563,50.00000000000001
1166.0,26.29619287009562,26.886749048775435,50.0
1167.0,26.29619287009562,26.886624884204345,50.0
1168.0,26.29619287009562,26.886500585009358,50.0
1169.0,26.29619287009562,26.886376152690342,50.00000000000001
1170.0,26.29619287009562,26.886251588735334,50.0
1171.0,26.29619287009562,26.886126894620755,50.0
1172.0,26.29619287009562,26.886002071811028,50.0
1173.0,26.29619287009562,26.885877121759293,50.0
1174.0,26.29619287009562,26.885752045906983,50.0
1175.0,26.29619287009562,26.885626845684413,50.0
1176.0,26.29619287009562,26.885501522510452,49.99999999999999
1177.0,26.29619287009562,26.88537607779275,50.0
1178.0,26.29619287009562,26.885250512928067,50.0
1179.0,26.29619287009562,26.885124829302118,50.00000000000001
1180.0,26.29619287009562,26.88499902828954,50.0
1181.0,26.29619287009562,26.884873111254574,50.0
1182.0,26.29619287009562,26.884747079550493,50.0
1183.0,26.29619287009562,26.88462093452001,50.00000000000001
1184.0,26.29619287009562,26.884494677495383,50.0
1185.0,26.29619287009562,26.884368309798433,50.0
1186.0,26.29619287009562,26.88424183274081,50.0
1187.0,26.29619287009562,26.884115247623654,50.00000000000001
1188.0,26.29619287009562,26.883988555738163,50.0
1189.0,26.29619287009562,26.883861758365455,50.00000000000001
1190.0,26.29619287009562,26.883734856776684,50.0
1191.0,26.29619287009562,26.883607852233023,50.0
1192.0,26.29619287009562,26.883480745986045,50.0
1193.0,26.29619287009562,26.883353539277415,50.0
1194.0,26.29619287009562,26.88322623333938,49.99999999999999
1195.0,26.29619287009562,26.88309882939432,49.99999999999999
1196.0,26.29619287009562,26.88297132865556,50.00000000000001
1197.0,26.29619287009562,26.88284373232675,50.00000000000001
1198.0,26.29619287009562,26.882716041602404,50.00000000000001
1199.0,26.29619287009562,26.8825882576676,50.0
1200.0,26.29619287009562,26.882460381698607,50.0
